# 收盤價 MD
# T:2026-10-05 05:16

## [CLOSE]
```csv
代號,收盤價
2327,626.0
4958,561.0
2330,2500.0
2409,40.45
8046,1460.0
3037,1305.0
2492,361.5
3189,1050.0
6274,1620.0
6182,135.0
2454,4950.0
2408,526.0
6488,1190.0
6213,683.0
3105,591.0
2303,161.5
3026,835.0
6770,76.5
2344,179.0
3081,2925.0
8150,127.0
2383,5185.0
3481,52.8
1303,260.0
3017,3440.0
5483,221.5
2308,1885.0
8358,519.0
3042,230.5
2345,1965.0
3008,6290.0
4919,163.0
6239,308.0
3450,543.0
8996,1510.0
3711,713.0
2368,1105.0
0050,112.8
6173,303.0
6672,439.0
2317,251.0
3653,6800.0
2360,2190.0
3665,2540.0
3231,186.5
3167,981.0
6147,223.0
3624,148.5
3441,211.0
6442,1625.0
2059,12145.0
6531,1000.0
8039,296.0
3163,713.0
6223,5310.0
1815,121.0
3324,1505.0
2481,174.5
00981A,31.44
8021,553.0
3661,3810.0
3406,961.0
1727,123.0
4991,534.0
3532,475.5
6669,2085.0
6805,2310.0
6257,257.5
1326,71.7
8299,2095.0
2484,86.5
2449,295.5
00631L,39.58
00406A,10.13
6207,148.0
6515,6070.0
3533,1855.0
6505,100.0
00403A,11.07
2376,373.5
2382,332.0
0056,57.05
2426,104.0
6187,1355.0
3707,85.2
3264,245.0
3529,3170.0
3443,7900.0
2404,1285.0
6533,352.0
3605,170.5
5347,187.0
3006,285.5
2883,37.35
3094,70.3
3363,671.0
6139,775.0
2455,580.0
6683,1490.0
5274,18840.0
3673,80.6
3293,791.0
2887,40.55
1301,68.3
2464,195.5
5425,102.0
7769,5580.0
00919,31.55
8111,85.8
1709,58.5
2301,281.5
5351,116.0
3149,77.3
2313,226.0
2340,45.75
6456,92.9
6226,46.4
3455,280.0
7856,4195.0
6426,361.5
00685L,13.12
6127,58.4
00991A,18.69
009816,16.58
3714,70.8
5536,956.0
00927,40.52
6510,3070.0
2395,716.0
5328,59.1
4772,281.5
6834,131.0
2337,122.0
1560,1015.0
3016,180.5
2881,150.5
3034,537.0
2882,111.5
1590,1180.0
3260,382.0
2412,146.0
3090,173.5
3036,213.5
8028,283.5
1216,72.7
2886,48.85
00985A,24.04
8042,121.0
6278,217.0
2603,240.0
4749,785.0
6446,1165.0
6116,16.05
0052,65.95
2885,66.8
8210,841.0
2324,36.2
2891,67.3
00961,13.14
2305,60.2
6933,379.0
6155,72.5
2379,754.0
1605,38.75
3030,300.0
00918,33.81
3211,397.0
8027,213.5
2357,962.0
6451,429.0
2472,229.0
6271,234.5
4722,230.0
4971,587.0
3675,360.0
8261,186.5
6196,618.0
3035,215.5
8086,120.0
7610,1725.0
5289,1295.0
00982A,23.79
5309,65.7
2884,45.35
2363,62.4
9933,45.8
4931,252.0
6727,516.0
3490,50.7
5314,29.9
3563,760.0
6691,741.0
1717,74.2
6415,425.0
6830,547.0
4977,175.5
7711,610.0
7795,548.0
8043,142.0
3044,542.0
2634,66.0
6715,449.0
6197,339.5
3491,1485.0
4927,48.15
00992A,19.4
8069,143.5
2486,245.0
2342,51.3
6209,83.9
3131,2430.0
00405A,9.42
3234,181.5
2338,49.65
6199,132.0
1785,102.5
1519,692.0
6217,177.5
00937B,13.69
8064,141.5
2375,126.0
3715,129.5
4979,585.0
3221,56.0
1802,59.5
7788,307.0
6285,238.0
6538,372.5
00878,34.89
6449,224.5
2377,155.0
00687B,25.56
2609,59.7
2356,59.0
00929,29.73
6548,76.7
2489,41.15
2351,211.5
3498,215.0
1101,25.35
6706,154.5
00881,52.75
00407A,10.24
1708,56.2
6949,44.5
4551,186.0
5871,106.0
00679B,24.61
7734,2825.0
2912,210.5
4908,224.5
4556,114.5
2890,44.05
5434,583.0
009828,10.68
3551,199.5
00830,91.25
2371,31.1
2354,65.7
3374,467.5
2892,38.55
6620,143.5
2801,27.6
3576,19.35
00988A,17.26
3147,264.5
4906,41.85
3701,55.4
00935,61.95
00712,7.23
3702,119.0
2880,44.85
3693,663.0
6789,490.5
3706,81.3
1809,47.55
3236,53.4
00715L,70.75
6907,200.5
2615,113.0
006208,258.3
2478,127.0
2049,332.5
1711,43.0
7799,543.0
8110,49.95
2316,170.5
4989,63.9
5475,180.5
5285,99.0
00632R,9.4
6290,277.0
1597,148.0
6435,277.0
4903,45.3
1569,66.5
2436,76.0
4956,46.4
3045,122.0
6861,296.0
3518,44.35
2399,51.2
4923,66.6
3583,721.0
2441,126.5
4904,106.0
00662,125.6
8112,84.1
2353,31.4
3013,92.7
00888,36.67
3680,552.0
2002,19.0
4938,89.2
6739,1175.0
4939,79.2
6643,516.0
00400A,15.78
3357,215.5
4768,374.5
2030,38.4
2428,263.0
3162,89.6
00673R,10.57
00637L,17.95
00953B,9.51
2618,42.35
6291,493.0
6175,76.7
3031,32.8
2061,67.8
4967,273.0
6414,401.5
00922,43.86
2466,141.0
7717,561.0
6526,835.0
5269,1460.0
2027,48.05
2542,38.75
00947,40.48
2347,97.1
8182,46.4
2367,45.15
6944,799.0
6640,1125.0
6603,29.25
2498,42.9
8033,175.0
2451,290.0
2467,552.0
00663L,114.55
1513,167.5
00795B,24.72
8227,370.0
3265,188.0
4764,203.5
1409,24.95
6432,66.6
1714,16.85
00980A,25.87
6693,206.0
00891,37.95
1314,8.95
6202,63.2
00409A,10.3
3362,175.5
7828,1850.0
7751,1590.0
6919,79.9
2605,35.75
3019,139.0
5880,26.15
6831,481.0
2421,166.0
2855,57.6
2606,75.9
4576,234.0
2493,196.5
4916,104.5
5904,68.4
6282,44.2
3048,53.7
6438,168.0
00998A,16.24
4760,317.0
6205,73.7
4174,42.0
3717,26.45
00996A,14.93
6120,15.25
6485,83.6
1504,69.7
00984D,9.74
5439,253.0
1476,278.0
6781,1025.0
8103,121.0
8155,323.0
8131,63.5
00865B,49.13
6443,28.75
3055,216.0
3023,312.0
5234,312.0
00708L,72.7
5498,55.6
3615,45.0
2302,46.5
2474,207.0
3141,87.1
7750,1885.0
00696B,26.81
4961,183.5
6227,140.5
2834,17.45
6138,284.5
6584,531.0
9904,24.7
2254,94.3
6957,377.0
6491,424.0
2458,138.0
7822,1000.0
00934,30.01
6168,46.0
00990A,16.39
2020,26.9
6547,60.8
4763,47.15
00720B,30.69
5386,292.5
2385,104.5
2221,188.0
5443,113.5
6532,120.0
00735,110.15
2637,98.8
8096,89.0
2312,30.85
4770,278.0
00904,44.05
6284,79.8
5876,48.95
00997A,12.0
2355,43.3
6588,114.0
00751B,28.76
1595,79.3
1102,35.6
3376,174.0
6269,66.1
8091,237.0
6472,420.5
2845,12.9
00753L,8.33
00665L,8.49
6405,42.5
4915,64.4
8240,60.6
00962,15.15
00965,25.5
8040,95.7
2406,31.2
6191,84.7
009829,11.04
2393,65.4
6530,100.5
6664,378.0
00675L,347.5
2207,513.0
00892,43.31
3014,142.5
2402,59.1
2610,20.35
3227,187.5
6788,360.0
00933B,14.92
2201,28.65
3413,292.0
2401,27.3
3645,74.0
3114,39.65
2476,126.0
1710,17.15
00713,62.7
4566,75.8
6525,139.5
6409,886.0
4766,353.0
2329,45.0
2103,28.15
6122,63.9
6133,29.1
2388,73.2
6121,383.0
00738U,48.54
1402,28.05
8271,202.5
7792,425.0
1503,197.0
00740B,35.82
4739,88.7
2034,24.0
2359,128.5
2548,92.5
4960,24.55
6265,50.1
3537,56.8
6166,130.0
1721,27.35
00670L,213.45
1477,192.0
00859B,40.8
5469,75.9
9941,76.7
3010,128.0
009805,15.17
3311,49.65
1773,170.5
2439,75.7
00724B,31.49
3587,245.0
6150,68.5
8081,257.0
3317,65.3
00913,54.0
3691,113.0
00999A,11.4
2483,37.0
00402A,10.24
5340,83.2
3535,92.9
6005,32.0
2105,30.45
3339,47.0
3592,239.0
4968,101.5
3029,118.0
4542,336.5
2241,43.75
3219,128.5
4966,574.0
7712,170.5
00993A,14.2
6179,36.5
5243,93.9
00646,77.25
1609,38.55
3564,56.1
3543,51.0
8016,291.0
2369,31.95
6937,303.5
1319,78.1
1718,10.75
00725B,32.74
4755,122.0
6141,51.0
9921,91.4
4540,61.0
2101,29.3
8289,56.1
00411A,10.71
00945B,14.21
00896,27.89
00923,41.8
1312,14.75
9945,29.1
1795,176.0
2465,92.9
2413,52.3
6263,169.5
8070,50.7
6218,64.4
1313,12.65
2645,173.5
3135,159.0
5228,48.05
8121,34.1
7777,39.2
6509,49.9
2812,18.75
2633,25.75
00994A,17.56
5864,39.0
8932,91.1
2444,16.5
2889,16.1
3430,113.5
6231,243.0
00722B,32.99
8109,146.5
009826,10.03
4707,30.15
009821,13.08
2006,86.6
8050,62.2
2485,41.3
00694B,41.84
6204,110.0
2915,57.5
1736,123.5
00764B,25.5
6206,137.0
9939,124.5
3588,58.2
2352,29.2
2332,20.45
6279,117.0
6425,79.8
7768,313.0
6174,55.0
6190,70.8
3305,107.5
6668,47.35
6945,136.0
8926,59.0
00650L,15.25
6994,32.05
00900,19.37
6224,80.8
8074,56.9
5388,71.8
6719,189.5
00772B,31.06
1229,40.0
6742,57.7
3718,65.1
3005,117.5
3580,108.5
3289,143.0
9105,8.4
00940,13.17
3229,58.8
6416,117.5
6266,26.9
1514,102.5
00939,24.0
7749,397.5
8422,25.5
6292,70.9
3228,175.5
00905,27.91
8438,84.2
4720,20.95
1310,9.61
4912,106.0
6962,33.4
00404A,9.88
3025,55.4
8255,153.0
6214,188.5
00981B,8.96
009820,10.62
3022,91.5
3581,118.5
7810,245.0
4716,18.95
00951,19.17
6617,131.5
00401A,14.34
3402,139.5
3033,42.4
00757,144.1
6902,150.0
6613,281.0
7827,167.0
6716,121.0
1528,24.75
2374,67.1
1617,24.1
00985B,10.1
6016,23.9
6903,317.0
1722,41.15
3504,80.1
8054,89.5
6176,92.3
3689,113.0
00635U,43.08
6953,256.0
4526,34.3
3380,31.95
6225,68.3
6712,161.0
6244,24.1
009803,21.79
6605,136.5
2468,45.35
3617,243.5
6829,208.0
2328,47.95
2236,107.5
00731,97.15
9910,67.8
5292,240.0
5284,293.5
2646,20.1
8936,52.3
6462,106.0
00633L,43.48
3088,132.0
00984A,15.79
8215,29.7
2032,20.05
6667,260.0
1309,14.3
9958,91.4
00680L,5.7
00987A,17.68
6743,35.45
00995A,18.1
6592,56.3
3685,36.0
5534,73.0
3596,154.0
8464,361.0
3479,136.0
6679,209.0
00912,36.36
00877,34.84
6877,152.0
8147,143.5
5432,164.5
00887,15.0
2033,51.2
5471,53.5
2614,19.25
2597,165.5
00989B,9.82
6708,62.4
2501,20.85
4541,61.1
6177,46.0
009802,19.95
4577,92.0
8436,104.0
2204,51.7
00733,74.6
00882,14.78
00773B,33.26
4973,138.5
4771,214.0
3354,30.1
00909,48.44
3591,28.3
1608,36.25
7744,527.0
4743,47.15
6125,50.9
00950B,13.12
5464,90.7
00719B,31.13
00642U,31.8
1210,51.5
8454,239.0
2820,16.7
3213,123.0
3483,80.9
00857B,21.26
3060,28.9
2520,36.95
6423,95.5
00885,17.78
2527,49.55
7825,84.9
8431,64.1
9914,68.3
6148,38.1
2727,234.0
3028,63.4
6811,240.0
00643,16.96
6146,183.5
1215,105.0
2851,45.95
2420,58.2
009824,10.73
1304,12.7
6589,50.8
2903,21.8
2495,38.4
0053,255.55
2233,170.0
3209,46.1
6922,212.5
00864B,46.35
00964,14.78
1434,18.2
00410A,12.67
00752,22.0
6108,25.7
00928,34.51
00948B,8.77
3558,131.0
6234,39.95
3049,12.45
3552,45.8
3338,69.0
3515,216.5
2031,46.65
00954,20.43
4949,77.7
00931B,12.42
8383,68.4
2491,41.45
5016,28.6
5299,104.5
3178,71.4
3550,25.8
5608,17.15
00910,57.3
2208,18.85
1907,27.9
00894,50.55
00963,12.31
6909,44.35
3526,274.5
5009,33.1
00942B,13.13
8105,15.6
009800,13.61
4147,61.4
1305,12.55
00746B,33.22
2838,20.4
00917,22.13
2753,185.0
6925,68.5
7747,112.0
3169,115.0
3704,40.55
3287,42.05
00693U,23.23
2539,34.0
4123,31.2
00655L,30.19
7772,186.0
4746,48.1
3312,52.1
3467,73.2
5426,29.65
2504,30.65
3138,99.5
9917,106.0
3059,38.7
6412,75.0
6245,88.2
6695,54.4
1563,76.3
2392,41.4
3217,129.0
4721,81.2
6419,156.0
6153,17.95
0055,48.85
5522,60.5
6023,84.7
1440,13.3
4585,293.5
2630,46.8
6753,133.0
8163,31.2
00408A,10.66
6188,62.4
6658,182.0
6869,70.5
2009,39.3
3388,84.5
3416,166.0
6670,270.5
00981T,11.62
6901,17.0
6782,236.0
6821,46.45
2515,11.9
6862,142.0
1810,23.95
3066,29.0
7689,161.0
00981D,10.11
6208,80.4
7730,187.0
6015,17.8
3663,64.8
5013,46.85
6221,30.25
00911,58.1
6215,97.8
3528,88.8
3708,99.3
2419,29.3
2069,25.95
3062,22.65
6794,78.9
3437,22.15
6761,168.0
6411,79.5
2211,79.4
00853B,25.42
6885,30.4
4510,43.6
1904,24.2
2897,10.7
00955,15.86
9927,62.9
7728,645.0
3545,51.5
4534,30.0
6112,47.65
8201,17.1
00936,21.74
00692,97.2
2014,17.1
6799,91.7
2025,14.3
6870,312.0
2535,88.5
9802,64.4
00770,66.25
7556,273.0
5288,188.5
009823,10.51
6152,15.7
4533,25.6
4105,78.9
6651,150.5
2480,161.5
00676R,5.2
4127,45.6
4714,12.35
2434,63.0
1308,14.45
5244,37.85
009827,10.41
5515,51.1
1582,71.9
5209,176.0
6579,158.5
2457,22.45
1723,80.4
6517,66.0
00664R,1.51
8114,178.5
2887Z1,21.9
6261,78.9
00875,58.55
6535,85.0
8088,44.45
3694,51.7
2887I,9.52
3290,50.3
5011,20.45
3015,54.4
2612,62.9
00984B,15.13
00952,18.52
00850,96.7
4905,92.5
4953,117.5
2540,48.15
7714,171.0
6541,29.6
00762,123.4
4536,160.5
2023,13.9
8162,67.4
6499,79.8
6890,147.0
00924,34.01
6840,98.7
6104,92.3
3485,216.0
4583,422.5
2543,38.35
3577,114.5
009819,9.72
6477,34.6
00941,26.44
5465,33.1
6654,219.0
6113,24.45
00768B,45.77
2850,158.5
3323,30.35
6163,41.2
5474,161.5
6259,32.65
2104,11.0
5222,107.5
6642,83.6
00688L,5.68
1459,18.7
6550,16.75
6875,29.9
1536,46.65
5392,40.05
00989A,18.07
00988B,19.06
00959B,8.72
8249,41.0
5230,22.25
4563,53.2
7765,232.5
00657,80.8
00987B,15.21
6757,53.4
009804,24.1
1227,27.95
4952,50.8
2731,143.5
4114,29.35
5508,53.7
1231,79.3
3078,45.95
8390,90.5
3004,121.5
5227,30.55
6854,94.9
00678,42.87
2243,52.8
5381,23.35
3372,16.9
3294,32.8
2536,18.8
00990B,9.83
2206,62.8
00982D,9.32
7780,16.05
5452,27.95
2617,31.55
4951,90.9
8234,63.3
3021,28.2
2258,31.0
00907,17.66
00717,14.55
5291,62.0
00970B,8.67
3444,80.8
3032,79.4
1909,10.1
4976,36.3
006205,39.0
2707,175.0
8473,38.95
2836,12.0
2425,38.0
00915,32.97
00761B,31.81
6156,22.35
6243,41.1
1467,8.62
6275,47.85
2362,46.65
6561,313.0
2887H,42.85
009815,12.07
5306,88.0
6126,31.25
1905,12.85
4569,156.0
2365,28.4
3003,60.0
00897,14.01
3041,24.8
9938,38.25
2072,133.0
3040,33.95
1316,10.55
009813,11.57
3484,48.9
2883B,8.64
3051,23.6
00876,93.6
5287,137.5
4303,33.35
00690,82.95
9907,14.95
8213,34.25
6576,79.0
00726B,31.05
2905,17.8
1515,29.2
3218,133.5
6143,80.9
2641,17.45
5488,12.3
5521,10.7
3630,26.8
00958B,8.6
6732,154.5
00755B,30.25
4560,29.85
009811,13.56
00763U,34.5
4909,36.85
6189,49.9
6873,67.5
00946,15.44
2387,36.5
00943,21.25
00983D,9.6
1618,39.15
6270,31.0
3594,47.15
4306,14.45
6913,130.0
1565,97.2
4736,129.5
1707,85.2
9911,81.4
00852L,32.49
6235,39.35
00968B,8.6
7740,102.0
00930,23.75
00960,22.61
6967,70.0
00706L,19.12
6469,64.5
00681R,23.01
2015,63.8
3230,41.95
2546,105.0
2723,77.3
2397,63.6
8045,56.3
3024,14.0
3709,65.5
3152,235.5
7709,85.3
2231,92.2
00949,22.15
3093,46.2
8084,21.8
00901,48.74
2417,39.0
3623,30.55
2108,28.25
6026,15.95
4128,15.3
2010,22.55
7855,41.4
1537,114.5
1455,10.0
2852,27.5
00756B,28.71
00862B,29.09
00932,17.56
1712,39.8
4441,170.0
2349,10.5
5607,51.8
6461,26.45
6725,220.5
5457,24.4
009812,13.09
6803,267.0
8374,77.6
1529,16.05
1612,35.2
4167,19.55
1808,31.6
7812,65.9
5236,135.5
6585,104.5
7786,117.5
3548,77.2
6186,28.9
6894,363.0
00697B,34.03
7402,101.0
2348,70.6
6534,92.8
00966B,12.96
009817,8.62
3356,66.8
1558,111.5
1307,31.3
00893,46.27
1532,22.1
4142,18.0
1472,87.5
00856B,37.26
00991B,14.27
00861,90.4
2887E,48.3
6546,60.3
00695B,33.79
7631,144.0
6841,56.5
6690,176.0
2636,70.8
009801,11.79
006204,241.5
8076,21.85
8462,157.0
5321,68.6
8071,22.4
00971,17.86
00842B,28.14
4562,30.3
3207,39.75
6947,68.3
6689,64.8
6720,126.0
4532,24.75
00895,52.5
4571,154.0
6986,44.0
00653L,41.1
2029,22.3
4416,12.8
8404,13.15
2423,71.8
6768,63.7
2331,19.05
00983A,13.26
6237,36.3
4137,75.8
00985D,9.44
4564,16.3
3002,19.7
2405,15.35
009814,11.45
1442,26.7
006201,47.86
3705,56.3
00779B,25.71
4590,88.6
00754B,30.21
6756,97.1
8083,157.5
6568,141.0
6417,104.0
2607,53.5
2427,23.4
00986D,13.88
2461,17.35
0051,150.3
3631,41.15
3703,19.55
00858,36.25
3176,37.55
6111,38.4
1568,32.05
8047,51.6
4178,18.0
4506,117.5
00987D,9.46
6171,24.5
6180,41.2
3622,46.0
6598,27.25
5263,90.5
5530,48.7
6741,55.1
00701,41.32
1104,26.55
00645,58.2
1623,198.5
2364,65.5
1342,100.0
8341,74.2
00789B,44.3
5484,39.05
00849B,37.34
2497,44.05
1524,25.85
6165,49.4
5871A,99.9
00916,26.82
6158,17.4
2528,19.25
4994,81.0
6965,61.6
1735,22.15
1789,18.6
1720,56.0
2442,14.2
8478,141.0
2460,30.8
00863B,29.34
6934,73.9
8415,35.25
4741,41.65
6129,14.8
6655,125.0
8222,35.4
7805,489.5
4729,19.7
7547,64.1
6117,62.2
3556,59.1
6612,76.5
1232,153.5
3438,62.0
6130,23.6
3346,24.0
2816,39.7
1416,11.85
00848B,32.23
1522,26.2
3712,20.6
1527,33.0
2247,227.0
3257,50.3
4545,39.5
6698,31.65
00967B,8.51
6914,118.5
6277,77.1
3047,14.65
6763,41.45
3303,48.8
2547,9.76
7722,260.0
3130,209.5
00786B,30.53
006206,36.46
1218,14.45
00727B,38.89
3508,25.75
4561,43.6
6233,23.55
5493,91.3
6024,59.8
3011,9.87
6969,30.0
5410,33.1
2908,22.1
3555,167.0
7703,205.0
6863,96.0
3546,73.0
5015,23.95
3530,59.5
3360,15.55
4104,72.9
00860B,37.83
3297,32.5
00847B,23.3
00711B,14.6
2887G,44.15
2429,30.65
00636,26.12
1336,18.05
8472,65.3
2228,74.9
3628,71.8
00884B,27.14
2107,26.95
9925,39.5
4162,55.4
2106,16.65
4157,8.65
4934,14.75
00956,13.29
3056,13.7
00791B,56.45
00782B,28.27
6170,49.25
3046,53.9
4169,151.5
6596,96.6
8499,254.5
8038,34.8
1786,42.7
8104,31.75
7818,60.0
00799B,27.42
00760B,50.0
4164,27.0
5609,78.0
9930,59.8
1234,32.65
3054,59.7
00775B,29.62
5258,42.0
6577,81.2
6996,169.5
8942,40.05
2250,55.8
3050,11.6
2611,14.3
3557,24.5
6192,109.5
00639,14.97
3669,33.2
00710B,18.52
00759B,50.65
8476,20.0
4974,71.2
4129,82.3
00844B,29.12
2537,11.05
3092,23.95
8097,48.8
2414,52.8
00870B,25.98
6838,25.3
4106,24.15
1591,41.25
00969B,7.38
4924,15.9
6573,16.3
00758B,48.23
00728,70.8
1444,6.92
00834B,31.94
1734,32.1
8048,51.3
4555,42.2
2913,11.0
1584,18.6
5481,21.85
2471,51.4
00944,22.22
6142,9.14
5478,97.6
5210,30.3
6796,57.7
6983,355.0
2608,28.8
009810,21.3
5220,23.1
2505,17.0
2534,16.7
2923,23.95
2453,53.5
6494,53.3
006207,30.6
00898,11.87
5283,52.5
8171,20.65
1604,23.25
4168,22.4
8044,24.35
6272,25.85
4907,44.5
00723B,28.23
9940,20.1
5202,14.1
00792B,28.97
6134,28.9
5225,55.5
2530,20.05
00785B,32.77
00980D,19.44
2511,8.28
5512,7.69
1586,17.9
6492,34.4
5490,25.9
1725,33.85
6441,24.95
00741B,36.62
8099,60.4
1611,11.35
6790,37.5
00737,41.62
6220,25.45
00921,23.51
7821,35.35
3652,34.9
5302,10.05
3071,22.95
2230,22.2
6558,25.5
1414,17.25
00780B,35.4
6136,25.3
2832,56.7
00926,26.62
2545,33.95
00983B,14.41
3716,33.9
1447,6.54
00845B,31.35
1603,30.6
6776,52.7
6498,68.4
5489,42.3
5310,29.6
3611,184.5
1110,14.35
4119,55.6
2838A,52.0
2613,22.15
4999,17.85
3058,8.18
1713,42.7
1436,35.35
2102,16.75
2881C,51.8
1201,11.55
1733,30.25
00641R,3.63
6859,122.5
3188,23.1
1506,9.81
6486,80.9
00846B,34.1
00777B,29.98
00902,12.65
5706,44.15
8072,27.7
00841B,26.26
1339,42.5
7738,155.0
2849,15.35
00851,73.8
6164,12.6
4580,82.2
8442,45.9
3489,23.2
7736,69.8
00750B,30.58
5203,57.9
1780,25.35
00781B,25.69
3679,108.0
6464,76.3
4138,53.5
1777,74.4
1702,33.15
00986A,15.02
1295,48.7
00867B,28.4
1616,18.55
4438,56.5
2459,64.8
1256,168.0
00938,26.65
2462,19.8
6115,44.0
6118,16.15
4726,23.2
2754,68.1
1737,30.0
9934,9.83
3625,11.15
6570,47.25
00734B,14.76
00666R,9.49
6465,42.1
3501,37.65
2038,12.95
2415,27.4
6161,49.65
1419,65.6
6101,37.8
9951,46.9
1264,245.0
6735,67.5
00736,31.4
1760,54.6
00778B,31.62
2070,63.1
4942,31.5
5468,25.2
6591,42.55
6728,108.5
6785,94.7
3466,24.2
00890B,29.91
4552,15.65
3086,28.4
8049,24.85
8938,52.2
2882A,60.1
9942,113.5
3570,170.0
6684,50.0
6609,39.1
1217,9.94
5511,69.0
5529,26.05
2538,8.87
00749B,29.37
1325,25.95
00640L,109.35
00686R,0.92
4549,97.3
5460,17.4
3666,25.3
2390,10.15
9136,9.38
6625,73.8
3321,18.35
2755,98.7
1268,177.5
3540,23.4
3349,19.0
4737,56.3
3284,20.1
4807,30.2
6629,103.5
3296,28.5
4995,48.8
4588,55.5
3390,22.4
00840B,27.54
6151,35.2
8411,11.6
00957B,12.42
6216,19.65
5519,25.05
6657,32.9
9908,28.95
0057,335.9
6923,74.6
3276,14.5
2440,14.55
4120,46.1
6140,20.1
1598,20.5
4195,15.9
00647L,138.35
6792,58.8
3520,17.2
00689R,24.17
00668,59.75
6574,119.5
1456,15.1
3308,22.9
6527,74.8
7743,25.25
5903,186.0
6167,10.2
6895,149.5
8011,16.1
1615,42.5
5201,28.0
9943,50.5
5278,23.7
3226,63.1
4163,137.0
1466,14.55
3038,20.65
8916,40.95
1799,29.0
2516,15.05
00714,20.23
0061,23.06
3171,56.7
6516,56.5
6906,83.7
4116,40.15
6184,40.15
5245,20.75
8367,40.65
6908,26.9
2017,9.03
5403,92.7
8349,40.4
5538,35.8
3686,15.85
2477,22.75
1903,47.35
6021,41.8
00730,29.74
00687C,8.64
2114,90.0
2881A,61.5
7721,63.3
5315,18.85
1437,31.55
4188,14.1
2022,7.31
1570,32.9
7704,61.0
1726,76.2
8085,14.7
8068,17.75
9955,23.0
2062,18.0
1540,19.15
3158,86.0
1449,12.35
00980B,8.79
8446,84.5
6771,42.7
2488,48.85
1219,11.4
2109,14.35
5213,20.55
7823,79.5
8059,18.05
00669R,5.44
4543,30.25
4557,50.3
2438,20.0
2028,16.85
4572,139.5
7770,43.35
3043,20.75
5251,29.95
5450,14.6
8432,51.1
3322,11.35
6229,24.2
5531,6.86
9919,13.9
4935,33.85
3607,13.95
1103,13.2
6201,44.4
6968,41.3
009822,9.31
9906,39.55
6230,111.5
3687,61.1
00671R,2.34
2065,35.65
3522,12.45
4107,110.0
1451,17.05
4111,29.0
3527,51.4
1446,13.4
6733,25.1
3083,23.75
4417,49.35
6203,60.3
2739,36.15
6185,12.45
5907,4.75
6931,38.4
3206,34.0
6872,23.1
4513,16.3
3306,47.05
6523,89.2
2514,11.35
7803,17.6
3511,19.75
2732,63.4
00652,31.11
2314,11.0
3268,21.65
2704,44.95
6183,91.7
6928,45.85
9103,4.95
5014,10.1
3434,31.2
009818,21.4
00899,21.92
2063,23.65
9935,18.3
7757,89.1
4582,22.2
6144,14.05
2373,52.4
00903,22.34
00648R,3.92
4108,11.35
6470,42.75
1580,97.2
6552,24.65
1108,11.15
9960,38.0
2743,52.7
910861,4.73
6103,36.95
8032,36.1
1460,6.2
6961,47.4
1473,19.15
6988,11.45
00661,88.7
00656R,6.19
8279,79.5
4155,14.85
009809,18.69
5353,28.65
2762,78.6
6590,65.5
3710,8.12
00651R,5.46
6241,16.25
6674,18.35
00700,16.59
1583,45.85
3419,12.15
8935,19.2
6918,73.6
2887F,45.45
2616,13.2
8416,171.0
1788,128.0
2745,84.9
1762,33.75
9946,16.85
1732,26.1
7642,68.8
9905,21.3
6581,108.0
3057,15.7
8277,15.2
6248,17.2
6649,37.35
1235,31.7
3052,10.45
6924,133.5
6195,28.1
1517,10.35
1464,9.99
4747,22.95
5525,21.8
1731,20.8
00709,38.6
5905,7.33
5324,12.45
5355,7.4
4933,53.9
6697,41.15
4503,24.1
4711,16.4
8092,12.3
1410,23.95
4744,28.3
4148,31.5
6123,43.05
3027,18.6
7791,55.0
1533,30.5
1315,68.6
4205,68.4
5398,13.65
8937,25.2
6958,17.0
7753,35.7
1776,18.25
6982,45.0
4930,15.85
6560,31.9
4523,23.9
2524,34.3
009825,9.66
2938,18.5
2431,10.15
1321,32.35
00908,14.35
6109,10.35
2748,39.0
8924,49.5
2013,41.4
1742,17.5
3541,24.55
3205,47.2
7794,30.2
8489,22.25
4767,28.7
6606,25.25
2506,8.38
1432,14.95
5312,89.7
2640,156.5
3447,27.75
6418,34.65
6431,17.05
6240,26.4
1587,23.85
2433,40.0
6843,38.6
8467,88.2
2906,13.4
2901,25.05
00982T,15.5
3432,14.9
00660,45.24
2248,61.0
3516,25.35
9924,37.95
2450,28.2
4946,101.0
3567,26.2
8908,39.8
9937,54.2
6921,66.0
4728,394.5
4806,13.4
6504,37.55
8093,25.25
3332,64.3
8089,19.6
1109,13.25
4535,26.75
9902,13.05
1535,45.3
1471,9.43
4113,15.2
3609,22.9
2945,40.0
5205,22.8
6506,18.6
2596,34.8
8034,19.85
5272,17.85
7814,28.2
1784,60.5
2509,14.1
3465,30.05
4131,30.8
4426,7.57
6474,35.75
6219,12.15
3499,13.8
1614,31.0
00674R,29.21
6666,45.5
00886,49.67
4133,20.45
4754,38.15
3191,17.45
3259,12.85
4207,19.4
1417,8.13
5344,13.65
4420,35.5
9918,43.2
2756,61.9
2482,16.2
1805,9.98
3373,15.9
5206,22.85
6508,26.5
2007,7.0
4190,24.3
3128,20.35
4126,78.0
2729,155.5
5356,25.75
4139,41.95
1730,51.2
1474,9.98
6823,61.1
6281,50.9
2947,60.8
5487,29.3
6028,99.8
1338,15.2
2380,16.85
8481,40.55
2496,55.1
8927,19.15
1752,31.45
2939,22.55
4166,24.4
2736,11.2
6194,29.95
910322,23.45
4439,95.8
6283,19.15
1457,14.35
1203,42.9
8354,16.75
7715,28.25
1225,24.2
1806,7.91
6128,19.2
3224,31.25
009808,32.28
8930,28.6
1521,25.8
3122,24.2
2705,15.1
00986B,9.19
9962,10.35
6762,161.0
6160,13.9
1236,25.55
8433,52.8
1418,18.4
7723,18.25
6614,35.4
3379,27.8
8410,27.7
6874,70.4
5533,13.9
7732,32.7
6955,93.5
6722,32.5
2722,21.35
1294,49.75
2891B,61.9
1783,37.05
3232,20.55
8403,18.9
4121,12.9
1324,9.91
3325,11.8
5007,55.9
4109,11.0
3313,10.5
2237,26.8
00634R,3.29
2432,27.55
8429,5.9
3164,16.5
4414,8.1
1337,4.43
6703,100.5
6887,38.9
1530,26.65
2916,40.65
3168,43.1
912000,2.48
3266,13.85
6124,27.1
6752,96.5
2321,25.85
7820,112.0
2702,12.2
6730,31.95
3285,41.9
2227,44.4
3597,27.7
4440,17.45
1906,10.65
8102,59.6
6881,215.0
6569,91.8
00972,21.36
9926,48.8
3150,15.4
6597,63.0
2706,12.1
4161,21.65
6844,57.0
5603,13.55
00788B,27.99
8107,11.95
3310,67.6
1445,10.0
8176,9.77
8435,53.2
1526,15.0
5902,34.2
7842,96.8
7811,72.5
6754,41.3
4735,36.0
4102,18.45
4153,31.55
3593,10.65
2643,62.0
8931,42.85
1599,23.2
1438,21.4
1468,13.2
6951,69.3
7708,91.8
1626,9.65
3272,14.1
4413,20.3
8440,20.25
6593,31.9
1240,54.0
6114,23.4
6637,53.4
6582,31.4
2067,4.89
2911,6.01
2642,20.25
00739,26.29
00638R,7.01
1220,10.8
4430,17.7
5211,21.35
6641,17.0
8463,21.2
1593,31.7
7767,46.1
4171,16.35
1531,11.5
6952,38.9
8112A,45.7
4304,17.3
8401,22.8
6791,100.0
8024,12.5
8272,62.0
6899,49.5
8487,70.3
6916,18.8
8409,18.05
9941A,48.7
8291,28.6
2881B,60.7
4702,9.29
4911,28.4
8284,67.8
1454,12.1
5604,31.4
1475,26.1
3494,7.09
6835,31.1
2348A,38.35
5215,38.25
1340,5.21
6662,28.6
6855,113.5
4558,16.8
4554,28.1
00703,18.5
5212,49.3
6804,18.35
9931,33.85
1817,39.85
1541,20.85
2239,18.95
1101B,43.4
2726,8.02
2734,14.4
4442,53.6
1452,10.7
4160,38.8
6556,60.8
9912,12.8
020020,30.15
4943,6.69
3288,21.05
7835,19.95
2929,5.8
006203,204.85
1323,21.25
3523,14.3
00980T,12.11
1443,22.85
6807,32.05
00683L,22.56
1525,63.7
4433,18.0
00920,24.99
3073,20.6
3492,19.45
2701,10.25
2066,52.5
8437,10.5
2891C,60.5
8443,11.0
3512,19.1
8423,18.0
9944,17.1
7705,29.85
2752,177.0
2012,14.2
8482,48.1
4530,24.0
1463,17.45
2024,13.25
5438,17.35
4432,15.55
7760,32.5
00982B,9.02
4706,34.7
1516,13.3
7819,33.7
1465,11.65
6615,33.65
8488,9.74
5548,20.05
3646,24.9
6645,12.8
1512,6.17
4581,48.0
2424,8.42
8421,13.0
8906,28.5
6154,14.2
3118,31.5
6692,22.7
8450,14.25
2926,29.95
1796,29.9
8066,14.95
6624,38.35
8426,20.6
8087,24.0
8941,44.0
7839,42.95
6228,18.25
6246,12.65
9928,18.0
2430,17.95
3713,13.8
3521,11.8
6020,20.55
6767,24.45
2008,30.5
4173,17.4
3115,8.39
9949,24.3
8466,15.05
1781,9.99
2115,23.9
4528,14.8
009807,18.2
1341,59.0
4406,10.25
5364,8.31
5345,21.15
2910,23.2
4584,38.0
6936,32.2
2937,44.95
5704,22.45
6294,28.05
5701,4.07
6751,44.5
1470,24.5
1453,10.95
00783,26.79
3252,15.3
6210,17.8
2740,30.5
4402,14.15
6910,26.25
4950,16.1
6997,68.7
1259,68.0
1439,29.0
5547,20.2
2718,40.3
6542,40.0
6578,16.45
00771,15.01
5878,37.8
8933,4.59
00702,23.15
3632,7.08
5223,22.95
8477,14.05
6929,22.3
6846,58.5
4538,17.3
6242,33.85
4550,24.15
2924,18.7
4401,13.95
5514,15.15
2712,13.4
1539,15.65
2897B,11.85
5523,30.3
00787B,30.19
1435,21.55
8940,14.85
00684R,14.77
2948,36.5
4972,16.2
6169,12.0
6496,23.95
6971,23.45
2235,28.1
8424,69.6
6264,6.35
6904,122.0
5906,40.0
911868,1.16
2882B,58.8
4568,39.0
3629,14.6
6671,22.95
9950,10.2
1233,28.0
6865,27.65
4745,12.2
00636K,8.31
3664,8.31
3018,12.0
3531,21.15
00836B,26.39
6236,16.9
2904,12.6
6592B,95.4
6884,31.35
5601,30.55
8928,22.9
4154,11.25
8101,10.7
5520,83.5
8342,83.5
8077,41.5
009806,13.76
5546,13.75
2035,26.7
1538,7.9
2719,19.7
1441,9.82
1813,11.25
3095,33.1
2949,65.2
6212,32.1
4502,15.85
00682U,20.95
3672,12.25
6512,20.2
2941,30.15
2073,25.6
00657K,25.36
911608,2.65
7782,25.15
4419,49.95
1213,7.08
8921,16.45
4198,49.0
3064,15.8
7718,45.85
8349A,45.2
4183,14.35
6856,41.65
6616,8.25
6222,19.95
911622,3.6
2724,12.7
2002A,37.45
00668K,18.61
1413,9.23
5276,17.85
1423,34.3
020000,34.08
9929,11.05
5543,27.5
7716,24.45
6482,24.2
2064,12.0
2836A,23.95
1312A,22.85
6958A,21.9
00654R,7.17
6198,19.95
9110,2.98
5348,16.35
4529,3.34
8929,13.1
8067,11.8
5516,11.75
4609,4.76
0054,28.25
0058,43.71
0059,42.85
00625K,8.33
00643K,3.74
00649,19.12
00658L,37.0
00659R,11.21
00667,20.79
00672L,0.75
00677U,1.48
00691R,10.46
00704L,18.84
00705R,19.03
00707R,31.9
00716R,13.96
00718B,19.05
00721B,48.06
00729R,20.56
00732,40.74
00742,22.2
00743,24.2
00744B,42.35
00745B,42.04
00747B,51.85
00748B,42.52
00765B,38.72
00766L,11.92
00767,17.4
00769B,60.3
00774B,40.85
00774C,9.12
00776,20.78
00784B,39.32
00790B,53.2
00793B,29.55
00794B,39.82
00796B,41.84
00797B,41.36
00798B,42.65
008201,101.2
00831B,41.42
00832B,42.92
00833B,43.87
00835B,45.16
00837B,37.64
00838B,40.38
00839B,41.85
00843B,40.37
00854B,41.86
00855B,38.6
00866,21.84
00868B,36.17
00869B,36.69
00872B,37.13
00873B,37.28
00874B,38.04
00883B,30.98
00906,11.95
00925,16.1
020001,28.63
020002,11.12
020003,15.89
020004,33.28
020005,19.35
020006,32.05
020007,41.23
020008,13.31
020009,26.67
020010,13.56
020011,16.4
020012,23.13
020013,14.84
020014,6.3
020015,18.69
020016,28.32
020018,24.94
020019,21.59
02001B,8.75
020021,4.42
020022,7.62
020023,7.2
020024,5.94
020025,41.02
020026,6.37
020027,10.65
02002L,7.38
02003L,4.34
1258,26.85
1262,34.9
1333,1.44
1507,64.8
1522A,51.3
1566,19.65
1589,5.54
1592,2.57
1701,21.15
1724,15.6
1787,26.15
1902,20.65
2323,11.0
2358,4.56
2443,3.57
2448,41.4
2456,94.6
2499,4.12
2601,5.91
2751,52.9
2809,56.6
2823,30.55
2841,2.68
2867,9.7
2888,11.8
2888A,36.5
2888B,36.8
2928,31.85
2936,40.35
3036A,52.0
3067,16.9
3085,12.1
3089,81.0
3144,38.2
3202,3.96
3383,1.7
3426,47.8
3452,1.47
3454,99.4
3536,2.92
3562,14.8
3642,3.87
3682,7.47
3684,54.3
3698,22.25
4130,26.7
4141,26.1
4144,26.9
4152,99.6
4175,50.7
4180,70.9
4192,18.65
4305,41.55
4429,40.8
4527,40.9
4712,2.85
4725,17.9
4803,3.6
4804,3.27
4944,11.6
4945,76.1
4947,228.5
4987,81.6
5102,24.65
5259,7.86
5264,87.1
5281,15.8
5301,4.99
5304,3.32
5305,42.3
5349,25.4
5371,83.5
5383,41.5
5455,30.7
5703,13.35
5820,11.7
6131,5.18
6172,20.1
6238,179.5
6247,15.45
6251,20.3
6276,19.65
6287,8.89
6288,20.95
6289,1.35
6404,4.64
6452,56.6
6457,62.1
6497,5.66
6514,50.8
6592A,96.6
6594,31.3
6661,16.2
6680,51.5
6721,50.2
6747,199.0
6806,3.51
6950,30.65
7584,28.6
7713,74.3
8080,28.0
8183,28.2
8287,0.73
8406,278.5
8418,8.95
8420,40.6
8427,74.9
8444,4.35
8455,22.1
8480,84.6
8497,65.5
8905,34.5
8913,13.3
8917,53.7
8923,18.0
8934,36.1
910482,0.25
911616,0.48
911619,0.11
912398,5.15
9157,0.86
9188,3.47
```

