# 收盤價 MD
# T:2026-10-05 09:55

## [CLOSE]
```csv
代號,收盤價
2330,2570.0
2327,641.0
4958,588.0
2409,40.95
3037,1395.0
2492,381.5
6274,1780.0
8358,570.0
3105,606.0
2303,157.0
6488,1225.0
2454,5070.0
3189,1095.0
3081,3070.0
1303,274.5
2308,1975.0
3481,53.8
8046,1525.0
2313,248.5
6213,738.0
2408,525.0
3008,6720.0
3017,3525.0
2368,1215.0
00631L,41.67
2344,178.0
8150,126.5
2481,190.5
3711,748.0
6182,135.5
2317,255.5
8039,295.0
2301,301.0
6770,76.7
0050,116.0
00981A,32.63
3665,2495.0
2345,2035.0
2383,5700.0
3042,223.0
3661,3930.0
1815,125.5
8021,573.0
3406,1040.0
3450,557.0
2360,2330.0
6239,300.0
6187,1440.0
5483,219.5
6442,1715.0
6672,455.0
6147,218.5
2464,195.5
3026,842.0
3707,90.9
3653,7140.0
3231,189.0
2059,12935.0
2426,114.0
6257,259.0
4991,528.0
4919,160.5
3324,1535.0
2449,298.0
2376,389.0
8299,2105.0
00403A,11.42
3441,232.0
00406A,10.27
3163,714.0
3006,277.5
00685L,13.8
8261,203.0
6669,2120.0
3264,242.5
00991A,19.37
6805,2480.0
2484,89.7
8111,89.5
3491,1590.0
8210,879.0
6173,307.5
3532,475.5
6223,5380.0
6531,1005.0
6139,789.0
1727,122.0
3443,8275.0
4908,238.0
4971,597.0
2337,120.5
5347,184.5
5536,964.0
5425,112.0
2382,332.5
6116,16.4
8996,1590.0
3673,78.4
3624,150.0
0056,57.75
1709,64.3
0052,67.8
2049,351.0
6515,6050.0
6196,673.0
009816,17.0
3363,674.0
6505,98.6
7769,5715.0
6533,342.0
3529,3150.0
00632R,9.17
00927,41.09
1326,71.0
00405A,9.79
4722,222.5
3094,70.8
2340,50.3
3715,135.5
6226,46.55
3236,55.5
00919,31.8
00881,54.35
3533,1865.0
2357,990.0
6168,47.5
6510,3060.0
6285,248.0
6683,1450.0
6834,127.5
6209,89.0
1714,18.5
3035,219.0
5351,114.5
3455,278.0
6207,147.0
1301,68.2
3714,70.3
1802,60.3
7610,1805.0
00985A,24.63
2404,1295.0
6538,335.5
6691,778.0
3211,400.5
9933,47.55
5475,187.5
2351,225.5
6446,1185.0
7788,329.0
3090,175.5
6271,241.0
2377,158.5
4989,68.0
2887,41.2
3149,78.5
6456,88.8
3044,556.0
2466,153.0
00992A,20.1
00663L,120.65
8028,287.0
3605,170.0
2883,37.75
3260,382.0
6830,562.0
6426,360.0
3675,366.5
3563,768.0
3036,215.0
2395,737.0
3030,308.0
006208,265.5
2603,237.0
00918,34.0
4931,255.0
8042,121.5
3167,999.0
8086,121.0
2882,113.0
00929,30.08
6526,880.0
3131,2540.0
00662,126.4
2486,250.0
5314,29.1
6278,214.5
6451,434.0
00961,13.18
4551,181.5
00712,7.06
5274,19200.0
3016,185.0
6197,343.5
3317,71.8
1560,1030.0
3234,185.5
7711,636.0
2881,152.5
4772,282.0
8064,139.5
6727,528.0
3518,48.75
3680,565.0
3034,544.0
00982A,24.51
3311,49.95
4906,43.3
7856,4240.0
00407A,10.66
6548,77.9
2379,757.0
8027,211.0
5289,1305.0
009828,11.23
6715,447.5
2302,49.35
6435,290.5
4927,52.9
3362,182.5
5434,612.0
2478,127.5
4749,798.0
7717,597.0
2472,231.5
2324,36.2
1409,25.35
4764,199.5
00400A,16.36
00878,35.28
6127,58.9
4956,47.05
2885,68.2
5309,67.9
6861,302.0
00988A,17.61
6415,432.0
00891,38.75
5340,85.8
5439,261.0
8289,60.5
7795,563.0
1605,38.85
2891,68.0
3583,746.0
4977,177.0
00935,63.5
2305,59.1
00947,41.07
00675L,365.55
6933,386.5
00830,93.25
6190,76.9
2354,66.1
3693,660.0
1101,25.25
2455,585.0
2421,170.5
1785,104.0
00922,45.11
2033,52.3
2634,65.3
6227,149.5
2412,146.0
1711,43.4
2367,46.75
6620,145.0
2027,48.5
3019,142.0
2316,174.5
3221,57.0
4979,591.0
6199,132.5
6414,409.0
3293,791.0
00896,28.5
2342,50.9
2363,61.1
00937B,13.64
2609,59.2
8091,236.5
3374,474.0
2890,45.05
5498,56.2
3023,326.0
4576,240.5
2467,575.0
2375,127.5
2884,45.15
1717,74.6
3357,221.5
2399,49.35
6290,278.5
1314,8.7
1569,69.1
3498,220.0
2356,59.1
2436,76.0
8069,144.5
3551,203.0
2812,18.6
7734,2800.0
2371,30.85
4939,80.2
3645,76.0
2489,41.05
6284,81.3
2458,132.5
6781,1050.0
3576,19.2
2451,290.0
00679B,24.54
2002,18.9
5328,59.6
6155,71.2
8043,142.5
2338,49.0
8110,49.65
00980A,26.78
6957,396.5
4967,272.0
00923,42.96
1519,697.0
2485,43.1
3490,47.85
3045,123.0
6643,513.0
00888,37.2
00409A,10.46
3701,60.9
6138,295.5
6789,491.0
1590,1200.0
6907,195.5
4904,105.5
3141,90.0
6217,178.5
6693,209.5
8155,334.5
00404A,10.1
2886,48.85
2615,112.5
6449,230.5
6831,496.0
3014,146.0
2061,66.1
4556,119.0
3265,188.5
2353,31.7
3702,119.0
1708,56.4
6706,154.5
2030,37.7
8103,122.5
00953B,9.5
3706,81.4
7799,540.0
1216,72.7
1718,11.15
1773,178.0
5871,106.0
00996A,15.34
4916,106.0
2428,265.5
6664,391.5
6525,144.5
7772,183.5
2892,38.55
5285,99.8
2880,45.4
2493,203.5
6005,32.55
4720,22.7
1477,197.0
2441,125.5
00865B,48.9
3031,33.6
00999A,11.74
2254,94.6
7828,1855.0
4566,75.3
6202,63.7
3013,93.1
3717,27.1
2406,31.35
2801,27.45
2483,40.7
1595,73.6
8112,84.3
8096,89.9
6291,495.5
9904,24.5
6788,374.0
2468,41.5
4760,348.5
6716,133.0
8033,172.5
7750,1960.0
1513,167.5
6944,804.0
2393,67.4
00708L,71.6
8074,57.2
4912,113.5
6419,169.0
6742,62.0
8182,46.45
6443,28.6
00713,63.1
3162,87.9
1476,279.0
4768,378.5
00994A,18.29
3413,294.5
3147,258.5
6175,76.9
2401,27.0
4938,89.7
6282,44.5
00990A,16.69
1504,70.1
5880,26.05
00673R,10.78
2834,17.45
3376,173.0
1597,148.0
1809,47.0
5269,1465.0
8070,52.3
3504,84.8
3691,106.5
3543,52.7
2542,38.3
2618,42.2
00687B,25.5
2355,44.2
00904,44.93
7751,1640.0
00735,112.35
6204,112.5
6640,1140.0
5876,49.1
00753L,8.33
2474,207.0
4743,47.85
6584,535.0
2329,45.55
2359,130.0
00993A,14.69
8227,363.0
6133,29.15
2605,35.2
4763,46.7
6166,130.5
00892,44.26
6438,167.5
6191,86.0
4903,45.2
2498,42.95
5464,96.4
00940,13.29
00998A,16.17
2912,211.0
00984D,9.62
5228,52.8
6919,80.5
009803,22.33
00900,19.6
6719,195.5
7822,1005.0
5443,114.0
4949,81.3
4770,274.5
1710,17.6
5243,96.4
6120,14.85
2101,28.8
2855,58.4
6953,261.0
3114,43.6
6269,66.4
009802,20.33
2347,97.9
8271,201.5
2476,126.0
2889,16.0
7792,436.5
6739,1170.0
00913,54.85
5386,292.0
00934,30.19
3227,188.0
00939,23.99
6218,62.2
3055,215.0
6409,900.0
8081,259.0
6901,18.3
009829,11.14
6603,28.55
6877,142.0
8040,94.6
6179,36.35
6122,63.1
5904,68.6
6994,32.6
2413,52.9
6668,48.5
6532,115.0
00997A,12.06
3219,126.5
3048,54.5
00985B,10.07
6949,45.15
6658,191.0
00692,99.8
2020,25.6
00984A,16.08
009804,24.81
6121,384.5
00905,28.67
00401A,14.65
4960,24.1
4961,184.5
5864,39.75
8255,155.0
3592,240.0
00995A,18.76
00670L,217.7
6205,73.7
6491,416.5
00981B,8.92
9910,66.8
4966,575.0
9945,28.9
00933B,14.87
5292,249.5
00987A,18.31
2034,23.8
2610,20.25
3004,122.5
2606,75.0
6416,120.5
00719B,30.99
00893,47.38
00411A,10.97
3615,44.75
2312,30.9
00962,15.33
3685,36.05
2221,181.0
2241,44.0
2527,52.9
2385,105.0
1503,198.0
2369,31.9
6485,80.2
3010,130.5
2444,16.4
2645,173.0
00738U,48.59
00646,77.3
00720B,30.61
3587,247.0
2388,73.7
00715L,69.9
4542,341.5
00637L,17.94
2465,92.6
2207,512.0
8131,63.5
6016,24.3
4976,37.35
3088,136.0
2501,20.5
6112,45.85
6937,299.5
00915,33.12
5469,76.8
00665L,8.43
3515,219.0
4923,64.4
5234,314.5
6472,421.0
00751B,28.71
2332,20.55
8926,59.3
2402,58.9
3339,46.55
2352,29.3
8016,292.0
3029,118.5
6962,34.0
1736,124.0
009826,10.05
8436,102.5
3005,117.0
3564,61.7
4739,87.6
6405,42.15
6126,34.0
6903,324.0
2208,18.65
00635U,42.8
6432,67.2
3718,65.2
1102,35.3
3580,108.5
2419,27.6
5534,72.4
6530,101.0
6588,113.0
7810,247.0
4540,60.9
1312,14.7
9941,75.9
2392,42.05
2548,92.0
00725B,32.67
009820,10.69
6152,16.8
3049,12.65
6708,68.6
8422,25.35
6265,49.5
00882,14.69
6292,71.3
4716,18.95
6141,51.8
00410A,13.11
3305,109.0
3402,141.5
00894,52.4
9914,67.0
3437,22.5
9105,8.39
6206,139.0
7765,228.0
2601,6.43
2105,30.3
1609,38.5
6174,60.5
3535,92.4
7712,174.0
00901,50.2
6651,157.0
7777,38.65
5432,166.0
1514,103.0
2328,48.2
4915,64.5
8109,141.0
3138,103.5
2374,67.3
6547,60.8
3229,59.0
6245,89.2
6613,284.0
00402A,10.3
7556,292.5
009805,15.25
00887,15.01
6215,99.1
6925,73.6
00945B,14.18
2204,51.2
8932,93.0
6945,130.0
8147,143.5
6667,260.5
3028,64.6
6231,237.5
5388,72.2
8240,59.7
1528,24.6
8054,88.6
8050,63.2
6486,78.0
3591,28.75
1402,28.05
6592,55.5
00981D,10.05
3380,31.7
00864B,46.12
6462,104.0
6164,13.85
2439,75.7
3060,29.2
4707,30.0
6177,45.6
4526,33.8
00676R,5.06
6829,209.5
8438,82.5
3135,159.0
3596,155.0
3479,137.0
2201,28.65
2504,30.45
00938,27.1
1795,176.5
2233,170.0
6412,75.9
6244,23.85
6023,83.9
00764B,25.45
7749,398.5
8383,69.3
1210,51.3
2637,99.1
4174,43.2
3033,42.6
6266,27.3
00909,48.46
6902,146.0
9958,90.5
2515,11.85
3581,118.0
2103,28.05
8105,15.55
6617,128.0
1440,13.5
00946,15.61
4905,98.6
1721,27.1
4973,139.0
00768B,45.62
2614,19.0
3289,143.5
00877,34.92
3388,85.8
1215,104.0
8215,29.0
9921,90.9
6425,78.3
00951,19.82
2845,12.9
3689,113.0
6176,92.3
1319,77.8
5203,61.5
2597,165.0
2397,65.0
00895,53.55
2915,57.4
1722,41.05
00941,27.17
2006,85.7
5608,16.9
2617,32.25
1617,23.15
2539,33.8
6821,46.6
6015,18.05
00912,37.36
6143,80.1
00650L,15.09
00772B,30.98
00876,96.4
5009,32.6
1313,12.55
00664R,1.48
8454,237.0
5299,107.5
8121,33.75
4128,15.5
00681R,22.97
00850,99.45
4721,81.0
7827,166.5
00795B,24.67
009824,10.8
6509,49.75
2851,46.4
00950B,13.01
4968,100.0
6188,62.1
7768,308.5
00954,21.16
6148,36.7
00943,21.41
5011,22.45
3416,169.0
2009,39.4
8431,64.5
00733,76.7
3548,76.9
2032,19.2
5284,299.0
2104,11.2
2072,130.0
00928,35.64
3577,113.0
3062,22.85
00930,24.0
6153,18.2
2646,20.05
5522,60.0
6753,131.5
2633,25.75
1229,39.85
00861,92.25
1608,36.15
4147,60.7
00757,144.2
009821,13.1
4766,350.5
6712,161.0
00728,72.7
00948B,8.75
6535,87.0
1459,20.55
3066,28.8
2236,103.5
4541,60.8
00408A,11.02
009819,9.81
2495,38.95
3704,40.4
2014,17.0
6690,175.0
3537,56.8
9925,39.45
3467,73.2
8390,89.9
1310,9.4
6743,35.65
3025,56.3
5471,53.6
6163,40.35
3022,92.4
2820,16.65
6214,188.5
6150,67.5
9939,123.5
1735,24.35
4585,293.0
4755,122.0
6469,63.6
00952,18.85
2897,10.65
6224,81.6
5426,29.65
7825,82.5
0053,263.4
3338,69.5
3354,29.9
7744,529.0
6679,208.5
9911,81.3
00690,85.45
6840,97.3
00955,15.86
00988B,19.02
2630,46.25
00770,66.7
6108,25.5
3217,128.5
3209,46.1
00910,58.3
1434,18.0
6234,39.2
4577,92.2
5291,63.9
3290,50.0
6125,51.1
9938,38.1
3228,176.0
3430,115.0
00885,17.71
3059,38.6
0055,49.12
2727,233.5
6279,117.5
1808,31.4
6983,356.0
2348,69.9
3617,241.0
2641,17.3
4569,156.0
7730,190.0
6605,135.5
00963,12.27
00859B,40.63
2491,40.75
7689,166.5
2535,88.1
00752,21.81
2903,21.8
00965,25.61
3312,52.3
8936,52.6
1231,79.0
3545,51.1
2211,79.2
3550,25.45
5607,51.7
00917,21.95
3294,32.95
3597,30.45
2069,25.4
3694,52.0
2031,45.9
6885,29.85
2543,38.1
3526,276.0
6811,241.5
00642U,30.98
4536,160.5
00693U,23.3
4114,29.3
6803,265.0
3169,114.5
6221,29.75
6263,166.0
00701,41.45
3588,57.9
3218,134.0
4714,12.15
00942B,13.09
6579,160.0
009827,10.59
00964,14.8
6261,78.3
6913,129.5
8464,366.0
1909,10.1
4105,78.5
1536,46.5
009823,10.53
00763U,34.64
2537,10.95
2850,159.0
4510,43.1
3552,44.65
3663,65.4
00680L,5.72
2434,63.4
3483,80.4
6225,68.5
3213,125.5
6869,69.2
3268,23.15
6909,43.9
1304,12.6
6761,169.0
6411,80.2
1713,45.3
2420,58.9
00697B,33.87
3528,88.3
4303,32.75
6782,233.0
2010,22.45
2025,14.0
3003,60.6
3287,41.6
2731,143.0
4746,48.1
6568,138.5
00924,34.13
1309,14.0
5474,161.0
3230,40.95
5465,32.9
3520,18.0
5392,40.0
0051,152.85
3051,23.15
2206,62.6
00636,26.05
3021,28.2
2520,36.6
1810,23.85
1227,27.9
00931B,12.41
6589,50.7
006205,38.94
2442,14.05
020025,42.0
1515,28.75
1623,197.5
6695,53.2
6517,67.6
6894,359.5
4534,30.1
6799,92.4
1707,85.0
7714,170.0
6862,141.5
8163,31.15
1316,10.35
6914,120.0
6477,34.25
6875,28.0
1907,27.75
1305,12.35
9917,105.5
8341,74.1
2547,9.69
1904,24.15
1905,12.75
00722B,32.92
3444,78.5
6235,39.0
2836,12.05
4545,41.0
5521,10.65
6104,91.5
5222,106.0
2457,22.4
6922,210.5
4169,148.5
3485,214.0
8088,44.4
3032,79.0
00911,59.1
5515,51.0
2425,37.7
3078,45.9
006201,48.63
009800,13.68
3708,99.0
3630,27.15
4953,117.5
1723,80.4
1342,101.0
7805,491.5
9907,14.85
2611,14.9
009811,13.64
6689,63.6
8114,179.0
00852L,32.5
4583,420.5
9802,64.4
8201,16.7
4162,55.1
2612,61.6
5209,176.0
6134,29.3
8045,57.5
1582,72.1
2530,19.95
1308,14.25
7780,16.0
009822,9.31
00724B,31.41
4934,15.15
5508,53.1
5236,136.5
3530,58.8
3356,66.6
3178,70.7
1563,77.1
4506,118.0
4127,43.95
6732,155.5
5013,51.5
4123,30.85
4564,16.0
6873,66.6
009817,8.48
6146,183.0
2883B,8.6
3024,13.75
4952,51.1
7631,141.5
00985D,9.43
5227,29.7
2838,20.4
2913,11.0
8076,21.75
3041,24.35
6499,80.8
8249,41.4
6208,80.8
6243,40.55
2362,46.9
8234,63.1
6259,32.7
00655L,30.12
2887I,9.52
5452,27.95
6423,95.5
1712,39.65
00653L,40.68
8374,77.2
3484,49.3
00989B,9.81
2364,65.0
00982T,15.71
6947,69.0
6574,120.0
00731,98.35
4951,90.7
6670,271.5
2536,18.3
00633L,43.5
6854,94.5
00926,26.63
00762,123.0
4571,155.0
8162,67.7
00980D,19.38
6895,154.0
4129,82.1
2108,28.2
2636,70.4
3257,51.2
6757,53.4
6550,16.75
00857B,21.2
6441,25.6
3709,65.7
1532,21.85
2753,183.0
2258,30.8
4533,25.6
00981T,11.67
00921,23.82
3703,19.45
2365,28.35
6189,49.8
2427,23.15
2331,19.1
3540,23.9
6192,110.0
5609,77.5
6794,77.4
4164,26.55
6585,104.5
6186,28.65
7728,642.0
5244,38.0
4532,24.75
6741,54.8
3015,54.6
9927,62.2
6573,17.1
6156,22.0
5016,27.95
00902,12.87
7812,65.0
1612,35.3
2540,48.15
00782B,28.19
2497,44.3
6596,96.2
009815,12.19
1591,40.65
2417,38.9
8415,35.25
4306,14.35
7786,118.0
3176,37.75
6561,314.0
7402,99.9
6180,41.1
3558,130.0
6725,222.0
00907,17.72
1537,113.5
3372,16.65
3054,59.5
5230,22.6
5321,68.0
2707,175.0
00696B,26.74
00987D,9.44
2106,16.55
7855,41.35
2231,92.7
4555,41.5
5225,54.6
4736,129.5
2414,53.1
1522,25.8
00652,30.95
4561,43.25
2480,160.0
2349,10.4
8942,39.95
3346,23.55
8222,35.55
00967B,8.48
3152,238.0
1786,41.75
2387,36.35
1720,55.9
1760,54.1
3716,33.75
1232,154.5
6756,98.6
7740,103.5
2429,30.15
4441,171.5
3056,13.6
00858,36.33
00986A,15.19
00959B,8.66
009808,33.03
5263,90.9
00944,22.43
4560,29.75
2546,106.5
00688L,5.7
5213,20.1
00949,22.32
2640,154.5
3594,46.9
5287,137.0
1618,38.95
2023,13.85
00740B,35.72
2243,53.8
6026,16.0
3631,41.6
7703,205.5
2405,15.25
5403,92.5
5512,7.51
2471,50.9
00936,21.9
6021,42.8
6417,104.0
7709,87.3
4563,52.6
2462,20.0
00694B,41.62
006207,30.5
6237,36.35
1455,9.96
1584,18.3
3546,72.3
00730,30.13
5511,69.0
009813,11.61
8038,35.55
2459,64.8
6841,55.8
5202,13.75
3323,30.25
6768,63.8
8104,31.55
6541,30.2
4933,53.5
4142,18.0
5530,48.3
3046,54.0
00990B,9.82
1104,26.6
5015,23.1
6117,62.3
6546,61.1
00983D,9.57
00639,14.93
4935,33.6
8473,39.25
3093,46.7
1524,25.7
4995,46.35
3303,49.0
3712,20.55
4909,36.95
1565,96.6
5519,25.0
7736,71.0
5902,34.0
3622,45.85
8213,34.35
4729,20.05
5288,188.0
6275,47.7
2905,17.8
6277,77.6
6967,70.7
4771,211.0
2852,27.5
2423,73.5
1442,26.45
6642,83.6
5493,90.9
8499,256.0
1447,6.42
3188,22.9
3556,58.9
4974,71.1
1611,11.35
2107,27.15
00970B,8.64
009812,13.17
4590,88.9
00686R,0.9
9934,9.78
2607,53.4
00984B,15.01
2029,22.0
00643,16.96
6890,148.0
4157,8.6
3130,209.0
00969B,7.36
00661,90.8
2453,53.6
00968B,8.6
8404,13.2
00875,58.6
8044,23.9
8011,16.25
4549,97.7
2015,64.1
5457,24.2
00671R,2.31
6465,41.5
1307,31.25
6165,49.05
6461,26.65
1336,17.8
7823,79.9
1529,15.85
4104,72.6
1568,31.95
6934,72.4
00746B,33.12
4167,19.45
1201,11.5
2545,34.35
00989A,18.19
6024,59.9
3508,25.3
8476,20.5
00640L,111.3
6270,30.75
00916,26.85
6996,170.0
006203,209.15
00960,22.76
5871A,99.9
7547,63.7
6763,41.15
2882A,60.1
2390,10.1
2505,16.8
4416,12.7
1240,54.2
5490,25.65
6722,33.55
8071,22.05
4741,41.4
1799,28.75
009814,11.47
00982D,9.29
1444,6.88
1436,35.75
6965,61.7
5531,6.73
1789,18.65
5210,30.25
6171,24.3
5220,22.3
3501,37.9
3047,14.5
9946,16.65
4195,15.55
5381,23.3
2511,8.28
1586,17.8
3652,35.75
8048,51.4
3092,24.15
1467,8.45
6698,31.35
5488,12.3
00932,17.63
6170,49.0
2816,39.85
6498,69.4
6233,23.6
6735,66.7
2908,22.15
3360,15.5
8478,140.5
2538,8.78
6113,24.5
5484,39.0
00799B,27.35
2608,28.8
2461,17.2
6576,78.3
00645,58.8
6220,25.3
7738,153.5
3002,19.55
00657,82.95
7743,25.85
1218,14.5
2613,21.95
5306,87.4
1603,30.5
6558,25.45
8083,158.0
6796,57.4
3207,39.35
5283,52.3
6492,33.9
3623,30.5
00723B,28.15
3050,11.7
2038,12.9
00956,13.26
6129,14.85
2070,62.9
9942,113.5
4907,44.1
2743,51.5
3511,20.15
6654,221.0
6591,42.9
1234,32.55
1733,30.75
6835,32.15
1580,96.1
6101,37.6
3466,24.0
1616,18.3
3040,33.65
5258,41.85
2704,44.95
00983A,13.38
00920,25.5
2460,30.6
6115,44.25
00695B,33.6
5903,186.0
8084,19.65
3038,20.55
8047,51.9
3297,31.9
6872,22.0
8938,51.5
4924,15.4
6142,9.1
6625,73.7
3679,108.0
8049,24.85
4562,30.25
2755,99.5
7715,27.25
00706L,19.2
4171,17.1
6838,24.85
1517,10.35
4119,55.0
4137,76.1
5410,32.9
00980B,8.77
5014,10.1
3438,62.6
4205,67.9
3527,51.1
6140,19.7
1325,25.8
1225,24.5
1587,23.7
00897,13.91
4168,22.6
8171,20.5
00773B,33.19
1903,47.35
1737,30.15
009810,21.42
2415,27.7
2596,34.35
6969,30.55
6151,34.8
3284,19.8
009818,21.54
5251,29.3
4557,50.6
3011,9.75
3306,47.05
3705,56.8
5478,97.2
00779B,25.66
9955,23.0
3555,169.0
1437,31.4
6606,25.25
9924,38.0
8432,51.0
2528,19.2
6111,37.8
6216,20.0
1339,42.45
2832,56.8
2887E,48.35
9906,39.1
4582,22.2
00700,16.45
4178,17.7
3224,31.8
8097,48.7
6870,315.0
7818,59.9
3071,22.8
6785,94.5
1264,245.0
1558,110.5
1734,31.95
4107,110.0
4807,30.25
3322,11.1
8411,11.6
4588,54.8
1416,11.7
4148,31.7
00986D,13.84
009825,9.66
8924,49.2
1256,168.5
6609,39.2
3296,28.45
4711,16.6
6928,46.3
5302,10.05
4155,14.75
1466,14.35
1615,42.4
6598,27.5
6272,25.6
9103,4.91
3058,8.18
1725,34.2
00966B,12.85
009801,11.86
4580,82.0
00870B,25.96
2887G,44.1
6863,96.1
2705,15.1
4420,35.15
0061,22.9
7722,263.0
2250,55.3
6790,37.45
00638R,6.98
3434,30.7
2516,15.0
8446,85.4
4438,56.8
5353,29.2
2616,13.25
7705,29.85
1784,59.6
6494,53.3
2723,77.7
6464,77.5
1449,12.35
9919,14.0
4503,24.0
2248,61.3
2939,23.3
00958B,8.57
2237,27.0
1540,19.05
1472,87.5
7723,18.1
4207,19.35
1471,9.56
00756B,28.62
3628,72.5
5355,7.6
6118,16.15
1604,23.35
2450,28.25
9908,29.05
2745,84.3
3206,34.3
00899,22.0
3447,28.0
4139,42.0
5704,23.0
1419,65.3
6431,16.6
2849,15.95
2247,226.5
3259,13.1
2534,16.7
1598,20.4
3489,23.0
6028,99.6
2228,74.6
6158,17.55
3168,42.4
2732,63.1
00786B,30.43
00669R,5.41
3086,28.4
3419,12.1
4735,36.15
6968,41.3
4513,16.05
2062,18.05
3390,22.2
6581,108.0
6570,47.55
4543,30.0
5706,44.15
6684,49.3
8099,59.8
00647L,139.5
00987B,15.19
6418,34.6
3027,18.85
1464,9.96
1315,68.6
8112A,45.6
1531,11.6
1451,16.9
3150,15.3
2748,38.6
6136,25.3
9935,18.4
1506,9.73
2348A,38.35
6924,134.0
4552,15.7
1110,14.55
6552,25.0
5907,4.75
9951,46.55
6776,52.7
00983B,14.32
5310,28.75
00727B,38.81
00668,59.5
6167,10.3
00898,11.88
1217,9.94
4106,23.9
5487,29.4
5538,36.1
8937,25.15
00971,17.94
6916,19.1
3325,11.8
8072,27.45
5533,13.95
4120,46.2
6161,49.0
3669,33.1
2482,16.45
2923,24.9
9940,20.05
8931,42.4
5468,24.75
2524,34.05
6936,31.0
2440,14.55
7821,35.35
1268,176.0
3557,24.25
6703,100.0
1702,33.1
00783,26.65
00641R,3.6
3609,23.0
4417,49.25
0057,344.45
1109,13.2
3128,20.05
5905,7.3
8059,18.05
1730,51.2
3321,18.45
8935,18.95
9930,59.8
6931,38.5
2017,8.97
7753,35.85
8349,40.1
2065,35.55
2887F,45.5
3492,19.7
5312,89.0
2881C,51.7
1103,13.1
5460,17.45
2754,67.7
00683L,22.51
1410,24.15
00761B,31.74
7791,54.4
1457,14.5
1236,25.6
6906,83.7
2938,18.35
5529,25.85
7770,43.5
2722,21.7
5345,22.5
5007,56.0
3625,10.95
8089,19.65
4163,137.0
7642,68.5
4109,10.95
9931,34.0
1294,49.4
3607,13.85
1762,33.6
1295,48.85
6523,89.2
00648R,3.9
1460,6.2
3308,22.85
5481,21.8
2906,13.25
2230,22.1
6516,56.3
3379,28.0
1583,45.8
1417,8.12
7721,62.8
3043,20.8
1220,10.85
9937,55.1
6614,35.35
2488,48.85
4994,81.3
7760,32.5
8272,60.9
00781B,25.6
2509,14.2
4116,40.05
1783,36.8
8068,17.6
6792,59.3
4942,31.5
4414,8.14
2887H,42.8
6123,42.75
9902,13.05
4502,15.65
6955,93.9
6569,92.1
00957B,12.4
009809,19.1
1726,76.3
2901,25.4
7803,17.5
6697,41.3
2063,23.9
2114,90.0
8916,40.8
9905,21.35
6649,37.0
3521,11.65
2380,16.95
3512,19.0
4102,18.2
5315,18.95
3057,15.95
4138,53.6
4133,20.35
4131,30.5
6144,13.7
2373,52.6
00737,41.8
1731,20.9
8024,12.25
00666R,9.51
8349A,45.2
6666,45.0
8093,25.25
00903,22.34
3349,18.85
8489,21.9
4726,23.15
4554,28.1
3266,14.0
6657,32.55
00710B,18.52
2477,22.85
6103,34.95
2102,16.65
1788,127.5
3205,47.0
6637,53.5
6527,74.5
6918,74.0
3687,61.5
3611,184.0
1533,30.5
7794,30.5
2706,12.15
6859,121.0
1452,10.65
1535,45.25
2433,40.0
8437,10.9
8034,19.95
3499,13.8
2109,14.35
9928,17.85
1321,32.45
2227,44.4
6130,23.4
5205,25.05
6506,18.45
9960,38.5
6843,38.1
2734,14.25
1219,11.35
00678,42.52
3570,170.0
6470,42.35
6294,28.0
6615,33.6
7814,28.0
2013,41.5
6230,110.5
7819,33.15
009807,18.25
2739,36.5
3684,54.6
8442,46.4
8085,14.75
00674R,29.4
6474,35.8
6733,24.75
6184,40.2
9912,13.3
00972,21.26
5272,17.7
1806,7.9
2762,78.9
6982,45.05
6229,24.2
9944,17.25
2729,154.5
00709,38.62
8488,9.89
1473,19.15
1337,4.44
2321,25.5
6283,19.1
1418,19.0
1516,13.75
1438,21.55
1108,11.15
1906,10.75
00884B,27.18
00851,74.5
4108,11.45
4946,98.1
5438,17.3
4439,96.9
6240,26.4
1338,15.25
6752,96.5
8426,20.6
9136,9.29
2028,16.9
4999,17.95
8930,28.5
1752,31.65
2887Z1,21.7
4737,56.0
00711B,14.57
6534,91.8
6183,91.7
2496,54.7
3276,14.3
8472,67.7
1432,14.95
6908,26.9
7757,89.6
4188,14.0
4754,38.0
5525,21.85
2066,52.2
8277,15.3
4806,12.35
2007,6.98
1323,21.45
1235,32.1
00741B,36.55
6281,50.8
6593,31.7
1539,15.65
6185,12.45
6128,19.1
1324,9.9
00726B,30.9
4166,24.6
2506,8.39
4972,16.2
00687C,8.66
6577,80.8
2431,10.05
6958,16.95
7835,19.7
3567,26.15
6210,18.1
3686,15.55
00792B,29.01
1527,32.9
3171,57.5
5245,20.8
6923,75.6
3432,14.95
3313,10.5
6560,31.5
3541,24.4
1614,31.05
6728,108.0
6971,23.95
8107,11.9
6578,16.4
6508,26.5
8435,53.0
1443,23.3
1732,26.0
00654R,7.16
5450,14.75
2642,20.25
9943,50.5
8080,28.85
6921,67.0
912000,2.47
6721,50.0
6791,100.0
7732,33.2
1817,39.8
8101,9.85
4113,15.1
4568,39.2
6160,14.0
7584,27.9
5215,38.1
1445,10.0
8403,18.85
1446,13.45
00991B,14.25
2881A,61.4
7708,92.0
1776,18.35
2929,5.9
6674,18.25
6556,60.8
1456,15.05
6201,44.5
8467,88.3
4440,17.65
1453,11.0
2314,11.0
3666,25.1
2022,7.27
9918,43.3
6154,14.35
00651R,5.48
5489,42.25
6804,18.45
3073,20.6
2430,17.7
8908,39.8
2012,14.35
3052,10.5
1475,26.1
6582,31.2
6762,156.0
1414,17.2
6680,51.5
4175,50.8
5455,30.0
5878,37.5
2514,11.5
5364,8.3
3164,16.55
00849B,37.09
6219,12.2
8032,36.5
2701,10.3
3083,23.95
6874,70.5
00780B,35.23
1233,28.15
4572,139.5
4706,34.8
5201,27.8
6951,69.3
6997,68.7
8410,27.45
3310,68.6
8284,67.9
6109,10.4
1526,14.95
3494,7.02
8927,18.95
1435,21.6
8421,12.95
1805,9.96
6590,64.3
8463,21.3
1525,63.7
5604,31.7
4153,31.5
6655,125.0
6823,62.4
6754,41.5
020020,31.0
5324,12.4
2643,61.8
6904,123.0
8092,12.3
8481,40.95
1470,24.5
7704,60.8
2718,40.4
4173,17.3
1340,5.22
00890B,29.94
2115,23.7
2438,19.65
5278,23.55
4530,23.3
1599,23.2
6952,38.3
6241,16.35
4426,7.62
4154,11.25
4702,9.29
006206,36.46
00980T,12.15
5398,13.65
1530,27.05
3252,15.4
8429,5.95
1468,13.15
6910,26.25
6020,20.6
6629,103.0
2067,4.9
2911,6.03
9962,10.25
00717,14.49
00714,20.17
3064,14.3
1474,10.0
5701,4.0
00760B,49.55
7842,98.7
4198,48.95
9926,48.65
6592A,96.8
3710,8.03
00736,31.75
5344,13.6
2008,30.6
2424,8.3
5206,22.75
5523,30.2
00787B,30.08
6751,44.5
1463,17.5
1101B,43.05
7839,43.0
3158,85.6
2702,12.2
1541,21.1
5211,21.1
3523,14.0
3285,41.9
3232,20.45
6276,20.0
5906,39.6
6542,39.6
6887,39.55
00739,26.35
4126,77.9
3516,25.9
2239,19.0
4528,14.9
7713,73.5
1454,12.2
3122,24.1
4523,23.9
4433,17.85
8933,4.65
4747,22.9
4304,17.05
4558,16.95
4161,21.85
3332,64.5
00848B,32.03
3373,16.0
6730,32.0
6807,32.0
5348,15.95
3118,31.7
4930,15.85
3226,62.5
2756,62.4
8440,20.25
2891C,60.5
6203,60.3
00775B,29.58
1341,59.0
6846,58.7
1465,11.6
2924,19.3
4111,28.8
00656R,6.16
2432,27.7
4401,13.8
6228,18.4
00982B,9.02
3713,13.5
8423,18.0
8917,53.6
4121,12.9
9950,10.25
911868,1.16
6899,49.6
00634R,3.27
6496,24.4
9949,24.25
1626,9.67
6961,47.1
8482,46.9
6671,23.4
6988,11.65
1413,9.23
7767,46.05
5223,23.0
7718,45.8
00660,45.5
8401,22.7
00771,14.97
8443,11.1
8940,14.8
3272,14.2
6771,42.5
009806,13.79
5603,13.5
2945,40.0
2719,19.8
6624,39.5
00860B,37.73
6504,37.55
00856B,37.12
00986B,9.15
3018,11.95
3191,17.35
6248,17.1
9929,11.35
8354,16.85
2726,8.0
6212,32.0
00778B,31.61
4432,15.6
8466,15.2
00755B,30.25
2740,30.2
3465,30.05
2926,29.45
8176,9.79
00749B,29.25
1439,29.0
5543,28.5
00842B,28.11
8477,13.9
6865,27.65
6124,27.1
2712,13.5
2024,13.15
6645,12.75
2904,12.6
3646,25.2
1512,6.2
4550,24.0
8087,24.0
6482,23.5
1312A,22.85
3288,21.95
3593,10.6
6512,20.2
5547,20.1
5548,20.05
1781,9.98
1441,9.82
00703,18.5
5276,18.15
4192,18.1
8923,18.1
8409,18.05
3115,8.5
6641,17.0
00734B,14.83
4402,14.15
4943,6.84
8929,13.05
2064,12.0
8067,11.95
2736,11.3
1538,8.13
911622,3.6
9110,2.98
911608,2.63
0054,28.25
0058,43.71
0059,42.85
006204,241.5
00625K,8.33
00636K,8.31
00643K,3.74
00649,19.12
00657K,25.36
00658L,37.0
00659R,11.21
00667,20.79
00668K,18.61
00672L,0.75
00677U,1.48
00682U,20.95
00684R,14.77
00689R,24.17
00691R,10.46
00702,23.15
00704L,18.84
00705R,19.03
00707R,31.9
00716R,13.96
00718B,19.05
00721B,48.06
00729R,20.56
00732,40.74
00742,22.2
00743,24.2
00744B,42.35
00745B,42.04
00747B,51.85
00748B,42.52
00750B,30.58
00754B,30.21
00758B,48.23
00759B,50.65
00765B,38.72
00766L,11.92
00767,17.4
00769B,60.3
00774B,40.85
00774C,9.12
00776,20.78
00777B,29.98
00784B,39.32
00785B,32.77
00788B,27.99
00789B,44.3
00790B,53.2
00791B,56.45
00793B,29.55
00794B,39.82
00796B,41.84
00797B,41.36
00798B,42.65
008201,101.2
00831B,41.42
00832B,42.92
00833B,43.87
00834B,31.94
00835B,45.16
00836B,26.39
00837B,37.64
00838B,40.38
00839B,41.85
00840B,27.54
00841B,26.26
00843B,40.37
00844B,29.12
00845B,31.35
00846B,34.1
00847B,23.3
00853B,25.42
00854B,41.86
00855B,38.6
00862B,29.09
00863B,29.34
00866,21.84
00867B,28.4
00868B,36.17
00869B,36.69
00872B,37.13
00873B,37.28
00874B,38.04
00883B,30.98
00886,49.67
00906,11.95
00908,14.35
00925,16.1
020000,34.08
020001,28.63
020002,11.12
020003,15.89
020004,33.28
020005,19.35
020006,32.05
020007,41.23
020008,13.31
020009,26.67
020010,13.56
020011,16.4
020012,23.13
020013,14.84
020014,6.3
020015,18.69
020016,28.32
020018,24.94
020019,21.59
02001B,8.75
020021,4.42
020022,7.62
020023,7.2
020024,5.94
020026,6.37
020027,10.65
02002L,7.38
02003L,4.34
1203,42.9
1213,7.08
1258,26.85
1259,68.0
1262,34.9
1333,1.44
1423,34.3
1507,64.8
1521,25.8
1522A,51.3
1566,19.65
1570,32.9
1589,5.54
1592,2.57
1593,31.7
1701,21.15
1724,15.6
1742,17.5
1777,74.4
1780,25.35
1787,26.15
1796,29.9
1813,11.25
1902,20.65
2002A,37.45
2035,26.7
2073,25.6
2235,28.1
2323,11.0
2358,4.56
2443,3.57
2448,41.4
2456,94.6
2499,4.12
2724,12.7
2751,52.9
2752,177.0
2809,56.6
2823,30.55
2836A,23.95
2838A,52.0
2841,2.68
2867,9.7
2881B,60.7
2882B,58.8
2888,11.8
2888A,36.5
2888B,36.8
2891B,61.9
2897B,11.85
2910,23.2
2916,40.65
2928,31.85
2936,40.35
2937,44.95
2941,30.15
2947,60.8
2948,36.5
2949,65.2
3036A,52.0
3067,16.9
3085,12.1
3089,81.0
3095,33.1
3144,38.2
3202,3.96
3383,1.7
3426,47.8
3452,1.47
3454,99.4
3522,12.45
3531,21.15
3536,2.92
3562,14.8
3629,14.6
3632,7.08
3642,3.87
3664,8.31
3672,12.25
3682,7.47
3698,22.25
4130,26.7
4141,26.1
4144,26.9
4152,99.6
4160,38.8
4180,70.9
4183,14.35
4190,24.3
4305,41.55
4406,10.25
4413,20.3
4419,49.95
4429,40.8
4430,17.7
4442,53.6
4527,40.9
4529,3.34
4535,26.75
4538,17.3
4581,48.0
4584,38.0
4609,4.76
4712,2.85
4725,17.9
4728,394.5
4744,28.3
4745,12.2
4767,28.7
4803,3.6
4804,3.27
4911,28.4
4944,11.6
4945,76.1
4947,228.5
4950,16.1
4987,81.6
5102,24.65
5212,49.3
5259,7.86
5264,87.1
5281,15.8
5301,4.99
5304,3.32
5305,42.3
5349,25.4
5356,25.75
5371,83.5
5383,41.5
5514,15.15
5516,11.75
5520,83.5
5546,13.75
5601,30.55
5703,13.35
5820,11.7
6114,23.4
6131,5.18
6169,12.0
6172,20.1
6194,29.95
6195,28.1
6198,19.95
6222,19.95
6236,16.9
6238,179.5
6242,33.85
6246,12.65
6247,15.45
6251,20.3
6264,6.35
6287,8.89
6288,20.95
6289,1.35
6404,4.64
6452,56.6
6457,62.1
6497,5.66
6514,50.8
6592B,95.4
6594,31.3
6597,63.0
6612,76.5
6616,8.25
6661,16.2
6662,28.6
6692,22.7
6720,126.0
6747,199.0
6767,24.45
6806,3.51
6844,57.0
6855,113.5
6856,41.65
6881,215.0
6884,31.35
6929,22.3
6950,29.6
6958A,21.9
6986,44.0
7716,24.45
7747,112.0
7782,25.15
7811,72.5
7820,112.0
8066,14.95
8077,41.5
8102,59.6
8183,28.2
8279,79.5
8287,0.73
8291,28.6
8342,83.5
8367,40.65
8406,278.5
8416,171.0
8418,8.95
8420,40.6
8424,69.6
8427,74.9
8433,52.8
8444,4.35
8450,14.25
8455,22.1
8462,157.0
8480,84.6
8487,70.3
8497,65.5
8905,34.5
8906,28.5
8913,13.3
8921,16.45
8928,22.9
8934,36.1
8941,44.0
910322,23.45
910482,0.25
910861,4.73
911616,0.48
911619,0.11
912398,5.15
9157,0.86
9188,3.47
9941A,48.7
```

