# 收盤價 MD
# T:2026-09-03 09:05

## [CLOSE]
```csv
代號,收盤價
9940,20.2
00859B,41.05
2330,2385.0
2408,531.0
2454,4355.0
3037,983.0
2344,184.0
3006,306.5
3481,51.9
6669,2610.0
1303,239.0
3189,846.0
6442,1875.0
8046,1185.0
3017,3480.0
4958,511.0
2301,322.0
2327,541.0
2308,1745.0
2486,290.0
3105,479.0
2455,541.0
3019,156.5
2464,222.0
3363,838.0
6451,496.5
8039,312.0
1815,136.0
6531,986.0
2481,156.0
3081,3445.0
2449,274.5
1326,75.6
3711,599.0
3231,188.5
6510,3375.0
8996,1300.0
3665,2145.0
3443,5880.0
2303,126.5
8299,2115.0
2337,126.5
2313,250.5
6488,963.0
6770,71.6
3661,4210.0
6213,544.0
6182,112.0
2360,2075.0
2368,1170.0
2492,294.0
2059,13660.0
2345,2145.0
3529,2385.0
2426,105.0
2383,5465.0
4991,541.0
3026,690.0
6223,5265.0
6683,1400.0
8021,456.5
6830,636.0
2887,42.4
4971,683.0
2377,159.5
2317,253.0
5483,185.0
5274,18450.0
3008,7825.0
6274,1415.0
4576,242.5
6291,483.0
6217,215.0
3260,418.5
6209,83.8
00918,35.7
1301,68.8
6173,256.5
0050,106.85
3036,192.0
00631L,36.1
7769,5790.0
2834,17.1
2376,367.0
2884,41.15
6446,1325.0
2609,58.2
3167,783.0
2357,1015.0
3653,5750.0
2465,103.0
6147,183.0
3055,140.5
3406,1065.0
2359,149.0
6187,1360.0
00981A,29.88
3714,66.1
1802,62.6
2606,79.0
6505,77.5
2395,707.0
3234,205.0
2891,66.6
0056,55.6
2882,110.5
2489,42.8
6515,7160.0
6257,216.0
3455,266.5
6415,429.0
3141,98.5
3498,221.5
2412,137.0
2409,27.05
2379,735.0
2603,236.5
6640,1205.0
2615,114.5
2324,40.15
6239,282.0
3693,664.0
3045,115.5
2382,339.0
2637,101.5
00919,32.48
4967,282.5
5289,1455.0
3680,530.0
3532,393.0
2883,36.0
2356,67.8
2049,359.5
7711,600.0
009828,9.69
6207,114.5
6805,2165.0
6224,89.8
2605,36.2
3324,1435.0
6727,589.0
8358,514.0
1717,81.1
1597,153.0
2421,171.5
6789,484.0
3211,394.0
3504,92.6
3042,178.5
1312,16.0
2890,42.4
4976,40.3
7788,321.5
5425,94.3
4977,183.0
3034,543.0
8150,91.7
4931,253.0
8042,109.0
2419,28.65
6933,317.0
3491,1430.0
6116,14.75
00685L,11.96
00878,33.87
8040,80.9
5386,286.5
3689,123.0
2885,67.1
3023,333.5
3605,128.0
5475,209.0
2351,231.0
6271,226.5
3149,63.0
6486,88.2
6139,730.0
2892,36.6
8027,187.0
2354,66.8
3264,235.0
2451,299.5
6538,273.0
5285,88.5
2886,49.25
3376,208.0
5536,830.0
8111,76.3
4540,62.5
2002,19.15
00696B,28.01
7610,1575.0
4979,630.0
3706,94.7
3441,143.5
3044,502.0
1560,722.0
3131,2450.0
2353,32.55
2812,19.5
00406A,9.7
6664,382.5
1785,104.0
00708L,80.65
8096,114.5
3533,1705.0
2880,43.0
3702,103.0
7751,1570.0
3715,125.5
6285,246.5
1519,744.0
4763,51.3
3163,780.0
1590,1385.0
2801,25.95
4938,92.1
00632R,9.87
4908,225.5
2634,66.8
3380,30.4
00403A,10.33
6290,260.5
6526,650.0
5608,17.7
009816,15.72
3293,707.0
2385,109.5
6584,672.0
6269,71.9
1709,35.8
6706,132.0
3563,710.0
2404,1040.0
8210,983.0
6530,101.5
2618,42.3
00947,38.16
2612,65.6
3312,55.9
2221,87.7
3035,185.5
1595,72.1
8086,118.5
2484,74.6
3374,421.0
00405A,8.83
00980A,24.9
8069,155.0
6196,502.0
8261,181.0
3450,605.0
6125,53.8
5347,150.5
00679B,25.72
6957,218.0
4904,102.5
2312,33.4
3004,126.5
5880,26.35
4973,155.5
2392,47.45
8431,62.5
8112,91.9
00915,32.43
3583,770.0
2434,71.5
1409,27.85
8043,143.0
2491,51.5
2498,41.2
6426,262.5
8064,107.0
3090,169.5
1605,38.55
8033,184.5
2889,16.05
4526,32.2
3673,68.4
6215,102.5
6672,275.5
3624,89.2
3162,77.6
5269,1460.0
6693,179.0
7795,527.0
6781,1125.0
00929,29.48
8109,135.0
3265,177.5
6907,192.5
2467,618.0
2352,29.25
2201,31.4
8103,122.0
3518,34.5
6715,339.5
2374,70.9
8271,229.5
6456,72.0
5904,72.7
2617,32.85
00670L,194.7
3016,101.0
4989,64.8
009802,20.01
00913,47.84
00992A,18.8
2641,18.55
00715L,56.65
00407A,9.85
3030,294.5
5439,270.5
2375,125.0
1504,72.8
2472,218.5
00940,12.94
00400A,15.23
2332,19.75
4919,122.0
2845,13.15
6278,200.5
00663L,104.65
1216,76.2
0052,62.2
6409,1015.0
3010,131.0
00673R,11.34
6414,394.0
6279,121.5
3587,265.5
6834,92.6
4542,297.0
00935,58.35
8028,247.5
2388,76.2
00830,144.0
3515,232.0
00675L,317.0
9105,8.71
00635U,45.36
2546,105.5
6620,95.0
1101,24.85
2466,103.5
6226,35.75
6691,607.0
00937B,14.27
1714,17.5
6937,293.5
3339,45.25
00409A,9.73
00988A,15.74
2316,162.5
6438,162.5
6166,120.0
4939,89.5
00642U,30.1
4912,104.5
3490,46.2
1503,207.0
009827,9.99
5340,84.4
5328,61.8
6668,43.35
00923,39.85
3645,72.9
00961,13.43
3357,211.0
3135,178.5
4749,795.0
00662,118.7
4764,239.5
6016,21.6
4927,42.4
6831,617.0
00881,50.1
3543,47.4
1440,14.6
6547,61.9
2851,47.1
3094,41.9
6265,57.1
2478,121.0
3675,281.0
4966,580.0
00637L,19.84
1708,51.7
6588,108.0
5284,349.0
5443,114.0
6141,55.2
00738U,51.95
00946,15.62
00900,19.7
2061,56.7
5607,56.3
4949,81.2
5434,538.0
5291,71.6
00982A,23.15
4961,167.5
6533,266.0
6548,74.0
4743,45.4
6176,92.4
1722,44.9
00955,16.11
2610,20.5
1513,165.5
1477,197.0
7828,1765.0
006208,244.95
00712,8.64
3483,81.3
3219,93.3
00665L,9.43
00953B,9.57
3564,52.9
7734,2885.0
1623,234.0
8110,45.65
3354,25.7
3049,13.35
1718,10.95
00657,75.4
8114,199.0
00994A,17.06
4915,60.8
6535,83.3
00939,23.46
00778B,33.06
2645,176.0
6272,29.0
2493,189.5
2204,54.9
7402,107.5
6122,50.5
6579,150.0
6829,244.0
00938,25.93
3545,52.4
3362,212.0
2428,251.5
4956,37.05
00896,28.54
00751B,30.29
6913,155.5
2474,211.0
4585,299.5
2436,67.1
5388,77.5
6472,423.5
4510,46.45
1795,183.5
3591,23.65
7750,2300.0
6854,101.0
6218,43.95
3221,50.8
4566,66.6
3707,62.9
1319,82.8
2362,49.7
8155,368.5
6449,226.5
1727,94.8
3576,17.35
2495,37.55
2441,117.0
6658,186.5
3005,116.5
2305,30.4
1314,8.3
3413,285.5
00713,62.9
4541,66.1
6146,188.0
6890,170.5
3535,91.3
009829,10.29
1710,16.65
9904,24.75
4772,256.5
009803,22.06
2323,11.15
2369,32.05
3013,89.9
8234,69.5
2103,28.6
2912,217.0
00894,47.52
00410A,12.36
1536,50.5
2542,48.15
1711,43.9
2207,519.0
5871,113.0
3048,54.0
1773,166.0
2630,51.1
3169,109.0
00411A,9.59
7714,164.0
2402,59.1
8131,63.4
6742,48.5
4583,484.0
4906,37.3
3580,90.7
4903,38.65
5864,36.5
00927,36.81
6121,403.5
00763U,34.52
6525,139.5
2365,30.5
8227,162.5
2340,34.8
00404A,9.83
9958,90.5
5876,45.35
8105,15.95
00985A,23.3
2371,28.4
6613,263.5
3060,27.05
00731,97.25
4722,207.0
3701,43.1
2363,51.3
2399,46.6
2636,71.0
2881A,61.7
009817,8.93
4577,91.0
6005,32.35
6782,238.5
6127,49.05
2347,87.3
2439,78.6
2485,42.95
6840,95.2
8436,114.5
2105,30.9
2027,49.6
009819,9.61
6263,173.0
6199,95.3
1402,29.05
00687B,27.06
2328,48.25
00733,67.45
9945,28.25
1558,107.0
6282,44.95
6206,140.5
3704,42.75
1514,103.5
2897,10.75
6133,24.7
6491,391.0
5490,27.25
4551,168.0
5498,56.9
6188,68.8
00962,15.63
6423,87.4
00882,15.0
5392,45.45
8054,84.0
6498,78.7
8081,259.0
00753L,9.29
6679,208.0
3059,40.15
00795B,25.82
6190,69.4
2342,40.4
1210,52.3
3066,26.5
00633L,48.15
6485,62.0
009824,10.0
00990A,14.86
3617,250.0
6153,18.3
8240,49.95
2367,44.3
2438,21.5
6443,25.4
2302,43.1
5314,34.3
6191,83.9
1102,34.8
6120,13.0
2613,23.2
6617,118.5
2646,20.7
00650L,17.0
1909,11.35
3305,113.0
3596,162.0
2915,57.4
4721,74.0
2006,82.5
6944,709.0
3438,67.9
6419,159.5
8383,66.1
1905,13.95
8374,83.0
3691,102.5
4916,101.0
2820,16.8
6237,37.2
2723,83.0
2838,20.55
3388,91.2
1304,12.9
6651,150.5
9941,82.4
8084,47.8
7799,361.0
5243,92.8
1707,91.8
6138,290.5
2009,39.8
8070,50.8
8932,91.8
2233,173.0
6405,41.4
6175,71.7
1723,87.5
00904,40.8
7777,39.2
4768,305.0
1308,14.85
3209,48.2
4569,178.5
2458,137.5
5471,61.5
8215,26.4
6243,40.65
00987D,9.96
9910,67.9
00996A,14.13
6962,32.45
6204,89.4
00934,30.69
1215,109.0
3289,143.5
6108,24.1
1309,14.05
1476,315.0
6903,312.5
1515,32.15
1810,24.85
8454,244.0
8016,298.0
3630,27.05
00998A,17.89
2476,126.0
9921,101.5
1310,9.12
6023,86.8
7749,371.0
1444,7.36
1434,18.45
4960,22.1
6015,16.6
8182,40.5
2597,170.0
6716,127.0
2601,6.98
6517,71.7
5321,77.3
00912,35.1
2393,66.1
1809,38.6
00720B,31.77
3356,63.4
6117,66.5
3236,44.25
3663,64.2
2329,43.65
4707,31.85
2401,25.7
6756,104.5
3033,44.85
1305,12.7
6670,280.5
2211,83.1
2033,25.2
6112,46.35
1608,37.05
2355,44.15
009805,14.78
2030,22.85
2633,26.15
6983,358.0
00993A,13.56
6872,16.9
6643,419.0
00999A,11.57
5426,29.3
00719B,31.03
00984A,15.83
00952,18.52
3147,222.0
3022,90.5
3014,132.0
3484,48.05
4739,85.5
4534,30.15
6244,23.85
6719,194.0
3029,113.0
9951,50.5
3003,68.5
00997A,10.87
6412,79.4
00995A,17.46
1313,12.25
6202,59.2
9911,82.3
1736,126.0
1609,37.6
3540,24.1
6753,140.5
6168,28.1
4532,24.1
9914,80.9
4303,36.3
4736,127.0
1808,35.5
1907,30.45
6227,117.5
1904,24.8
6435,247.5
3028,66.3
3581,114.0
6568,142.0
3078,47.8
6532,98.4
2397,64.1
6235,40.15
8422,26.75
2887I,9.52
3294,30.7
3228,180.0
00674R,27.83
6477,35.85
1229,41.95
00951,16.56
6605,138.5
2331,20.05
2349,11.2
5225,61.4
2338,39.6
8222,38.35
4571,161.0
5508,53.6
8088,45.0
2707,179.0
00653L,46.01
6425,64.8
009821,14.98
00933B,15.5
5522,63.3
4766,346.0
2504,31.45
3479,125.0
6603,25.45
00401A,14.16
4760,273.0
00722B,34.12
8050,56.8
2816,39.4
00693U,23.81
00930,24.1
5309,53.0
4580,82.6
4968,93.6
2850,161.5
00664R,1.6
6214,183.0
3712,21.5
1733,32.2
3550,23.95
2406,28.2
6205,68.9
3229,51.1
3546,72.1
3152,244.5
4974,71.4
2539,35.2
3703,19.6
6179,29.75
4716,17.45
2425,38.15
3594,49.2
00402A,9.36
3227,196.5
2836,12.15
6284,78.5
00706L,19.06
2881,144.5
3051,22.65
2431,9.9
2243,43.9
6177,47.55
00987A,16.76
6155,56.8
00680L,6.38
5493,86.3
6739,1120.0
3548,85.8
6788,371.0
3527,52.5
2855,49.85
3551,182.5
6546,64.2
7712,154.0
2457,23.35
3317,63.1
6411,81.8
2442,19.3
6261,81.4
5521,10.6
8354,17.7
1604,23.65
3114,32.5
2540,46.9
00735,102.95
3062,21.25
4147,63.5
2104,10.55
3430,111.5
00988B,19.49
6104,98.7
00954,17.59
8341,75.6
6499,75.0
009813,11.21
6469,68.0
6861,190.0
1712,41.0
00936,21.74
5209,155.0
2614,18.4
2520,36.05
7855,42.8
8091,222.0
2206,63.3
3537,55.3
2536,20.0
1104,27.25
4771,217.5
3416,173.5
5283,54.1
2883B,8.2
00910,56.8
8926,56.7
7722,282.5
4561,44.55
00646,76.6
2072,140.0
6494,56.0
6922,209.5
4536,165.0
2515,12.15
00877,36.75
2611,14.95
00981B,9.14
3555,198.0
6945,99.0
1447,7.04
4128,14.85
00701,39.15
2062,19.55
4563,46.0
2483,35.35
9933,40.8
2108,30.8
2543,38.45
00876,84.5
1617,19.2
2034,20.8
3088,124.5
00850,92.25
3694,51.8
00968B,8.93
6885,24.05
4746,47.65
00928,33.5
4167,19.4
2832,58.0
00757,138.7
6150,62.9
3046,57.1
00984D,9.92
3592,227.5
4123,30.9
00956,13.58
6550,10.6
2905,17.85
8942,42.3
1720,56.3
2070,67.3
3444,83.8
8099,60.9
8104,31.65
6509,46.95
6208,81.8
00887,15.94
4137,81.2
00640L,108.05
4770,215.5
3015,53.7
6245,79.0
4590,90.2
3716,34.85
7780,16.85
9938,41.4
0055,47.43
6695,50.6
8163,31.95
3338,67.2
3467,49.5
2031,45.65
00865B,48.72
00885,18.57
6174,44.25
6192,115.0
4104,71.3
8289,47.5
6862,142.0
1231,80.4
8936,51.0
00967B,8.88
5351,275.0
3041,23.9
4909,39.2
1591,36.55
6592,60.9
6180,41.3
3207,40.9
1582,75.7
4533,26.45
00963,13.15
00875,52.5
5531,7.29
00941,24.59
4306,15.15
00676R,5.45
1528,19.55
5009,33.75
6416,101.0
1786,45.8
2461,18.55
00909,44.65
2101,31.7
2903,22.4
3709,67.0
2258,31.0
9907,15.5
5292,229.5
5474,153.0
00692,91.6
3577,114.0
00916,26.72
2704,45.35
3717,22.65
4119,56.2
00989A,16.61
2423,74.6
6186,31.75
8183,29.35
1316,10.95
2908,21.85
9802,72.5
2731,144.5
4934,14.45
1227,28.6
3122,25.2
4174,25.1
6541,32.65
3176,35.35
9917,106.0
5381,26.4
3218,140.5
6844,59.9
2069,20.9
009815,11.43
5228,40.8
6134,29.05
4162,58.0
3032,81.1
00920,23.84
7819,36.7
3230,44.45
2462,20.0
8074,56.0
7740,130.5
8390,97.6
2527,43.3
4105,77.8
5202,12.0
6838,24.0
3213,127.5
00857B,22.47
009820,9.69
2427,22.2
2014,17.05
3437,18.7
5469,74.1
8473,46.05
6996,184.0
00847B,24.45
3402,121.0
3501,40.3
1789,19.05
2501,22.55
4755,120.0
7703,180.0
1524,27.15
009823,10.37
7786,117.5
5530,50.2
6026,15.15
00921,24.75
7730,173.0
6859,115.0
3705,56.1
8076,22.4
5457,27.95
3027,18.6
1236,25.65
6690,166.0
1721,20.6
00761B,32.94
3622,53.4
6712,158.5
6432,63.3
2010,22.55
6103,45.0
2453,52.3
7842,101.0
1565,100.5
6165,50.1
00671R,2.46
6589,48.85
00892,41.01
8478,143.0
6596,95.3
6283,20.35
1336,16.6
5484,40.1
7821,40.0
5464,69.9
4163,139.5
00728,69.6
6757,55.6
5227,30.65
3031,25.0
00764B,26.94
2535,89.6
2208,19.15
6698,33.5
3379,29.75
4416,12.65
6115,44.05
4714,10.95
1321,32.75
3372,15.25
2025,12.9
1584,18.25
6163,42.3
4562,31.7
8085,15.8
1264,252.5
3257,50.5
9930,63.0
8249,41.6
2732,62.2
2254,61.9
3664,9.17
00942B,13.68
3290,49.0
7818,61.0
3530,60.9
8011,16.1
1618,40.0
9925,39.9
8213,33.7
1455,10.25
4417,47.0
6918,78.2
8476,19.55
1218,14.45
2460,28.8
4107,113.0
3047,14.0
6725,224.0
00762,110.95
4106,24.4
3485,218.5
1762,36.2
6841,53.8
2530,19.3
4556,70.4
6776,52.8
9927,70.3
00948B,9.1
6873,68.8
6703,103.0
9943,51.3
7736,68.2
6462,102.0
8432,50.6
2459,67.1
1234,33.5
6654,200.5
2020,21.9
2852,28.1
6148,28.0
9955,24.1
2015,64.2
5519,27.45
00944,21.31
00917,23.97
00981T,11.84
6024,62.9
00905,26.56
6901,15.35
7704,61.4
1268,181.5
5706,44.8
4114,29.85
1256,178.0
6151,35.55
3011,10.4
2887G,44.05
3528,86.6
6516,57.7
5468,24.6
7738,171.0
2420,54.9
8908,40.5
8083,158.5
2511,8.32
2480,157.5
2849,14.3
5515,52.4
910861,3.7
8045,51.5
4102,19.2
2505,17.05
5534,76.3
5432,152.0
7827,152.0
3086,30.25
6161,50.4
2228,75.0
6794,74.3
3024,14.8
8255,148.0
5213,20.95
9926,48.8
2887E,48.75
6189,48.5
5410,36.35
9934,11.1
3669,35.7
2608,28.55
3093,47.4
8935,17.75
2642,20.15
1612,34.85
2032,17.2
00752,22.8
6869,66.7
5525,22.1
9939,131.0
1702,32.6
6821,42.75
6768,64.1
5230,17.8
6292,61.8
3558,123.5
4953,123.5
8931,41.15
2913,11.2
1737,30.7
3128,20.4
00907,17.48
3672,12.0
6741,59.9
2923,23.65
5203,59.1
00641R,3.67
9908,29.0
4564,16.55
3346,19.25
4188,14.2
1414,18.8
3287,37.55
6195,27.8
1474,10.05
4933,54.8
6240,27.3
4142,17.85
6863,107.0
2887Z1,21.2
6417,106.0
5244,35.2
4952,51.8
6281,51.5
2545,34.25
2440,14.35
7835,25.0
3652,33.2
5299,98.0
2488,48.75
4907,47.75
6982,47.3
1459,15.6
5306,93.2
00897,13.31
00981D,10.28
1532,23.1
1614,30.8
00985B,10.14
3447,30.35
8077,45.5
8421,13.0
6259,30.1
4168,22.5
1615,44.65
00983D,9.85
2415,29.15
1568,29.0
3285,43.5
8176,9.65
1203,42.85
8446,85.2
3056,14.05
7823,84.1
00861,83.35
1417,8.32
1611,11.8
6799,82.6
5205,20.6
1522,27.4
2762,82.0
6697,40.7
4994,81.3
1217,9.96
6906,77.4
3360,15.3
6101,38.2
2022,7.6
2739,37.55
8415,37.5
5465,24.85
2929,5.72
2509,14.85
1449,12.25
6965,73.2
5546,14.6
1586,18.2
00945B,14.42
6158,17.8
2514,11.75
2538,8.76
3002,17.5
2023,13.75
1599,22.8
1419,66.8
3308,22.25
00655L,33.3
2429,32.5
911868,1.16
8463,21.6
3508,21.55
4148,32.0
00960,21.3
2017,9.1
6156,21.05
3556,63.1
6689,62.8
2405,15.5
1307,30.6
1603,30.55
6921,61.1
2008,30.5
3038,20.3
6908,30.1
1460,6.59
4560,29.65
1540,19.65
4438,58.4
6225,58.0
4737,57.4
1760,57.1
6598,28.1
8277,7.99
5007,55.9
7791,55.9
2007,6.91
9937,54.8
2073,26.6
3025,53.0
9946,17.4
2106,17.35
8924,50.2
8404,16.4
4503,24.35
2115,24.15
1110,15.95
1903,47.45
6113,23.5
2497,45.6
1535,45.35
8047,44.0
2417,43.8
3552,43.7
2413,43.3
00648R,3.92
00986A,14.02
6152,13.95
00893,41.8
2013,41.6
6167,10.4
9950,10.25
3631,40.4
1598,20.15
1471,9.95
1616,19.3
2948,38.2
5488,12.25
3609,18.0
6578,18.0
3018,11.95
8089,17.55
3224,35.0
5272,17.35
1776,17.3
2524,34.25
6492,34.2
2468,33.85
6573,16.9
1517,11.1
00898,11.03
00652,33.0
6722,32.85
1527,32.7
6730,32.35
4545,32.1
1437,31.85
4426,7.86
1796,30.2
00756B,30.16
00989B,10.03
2321,15.0
8930,30.0
8937,30.0
6194,29.85
1442,29.7
4911,29.4
4155,14.45
8906,28.7
00799B,28.65
4401,14.25
2450,28.2
4195,14.1
5353,28.0
1446,13.5
00926,26.37
5356,26.3
6508,26.15
6220,25.95
009812,12.85
3567,25.7
3188,24.55
6136,24.5
3058,8.16
6496,24.3
3419,12.0
2910,23.9
5245,23.55
2537,11.7
3623,23.3
5516,11.65
3322,11.3
3325,11.25
6221,21.55
2722,21.4
7743,21.3
1323,21.25
3043,21.25
3052,10.55
3284,21.1
1435,20.9
2701,10.4
4207,20.55
5220,20.2
00980D,20.01
3511,19.85
5907,4.95
6916,18.75
1742,18.05
00971,17.48
2924,17.45
5348,16.85
00639,16.1
1466,16.1
1806,8.04
2028,15.8
4502,15.65
4943,7.71
912000,2.49
2109,14.75
00991B,14.74
2012,14.5
9919,14.0
3607,13.85
00950B,13.58
1103,13.2
1531,11.8
3050,11.7
1219,11.55
1445,10.3
6142,8.86
00686R,0.97
2506,8.54
5364,8.43
1467,8.38
5905,7.77
3494,7.3
1512,6.38
5355,5.76
00669R,5.22
8933,4.68
00408A,10.61
0051,145.0
0053,242.35
0054,28.25
0057,319.15
0058,43.71
0059,42.85
0061,24.23
006201,45.0
006203,194.8
006204,230.8
006205,40.52
006206,37.92
006207,32.06
00625K,8.77
00634R,3.14
00636,27.61
00636K,8.66
00638R,6.7
00643,18.17
00643K,3.87
00645,57.75
00647L,136.5
00649,19.12
00651R,5.23
00654R,6.82
00656R,5.9
00657K,23.86
00658L,37.0
00659R,11.21
00660,46.46
00661,83.25
00666R,9.13
00667,20.79
00668,61.25
00668K,19.31
00672L,0.75
00677U,1.48
00678,44.13
00681R,21.9
00682U,20.52
00683L,21.59
00684R,15.15
00687C,9.05
00688L,6.36
00689R,22.9
00690,78.35
00691R,10.46
00694B,41.72
00695B,34.52
00697B,35.1
00700,17.24
00702,24.9
00703,19.19
00704L,18.84
00705R,19.03
00707R,32.18
00709,40.46
00710B,19.1
00711B,15.53
00714,21.66
00716R,13.96
00717,14.61
00718B,19.05
00721B,48.06
00723B,29.18
00724B,32.59
00725B,33.83
00726B,32.13
00727B,39.23
00729R,20.56
00730,28.95
00732,40.74
00734B,15.48
00736,31.5
00737,40.22
00739,27.58
00740B,37.13
00741B,37.1
00742,22.2
00743,24.2
00744B,42.35
00745B,42.04
00746B,34.19
00747B,51.85
00748B,42.52
00749B,30.7
00750B,31.57
00754B,31.17
00755B,31.33
00758B,49.85
00759B,52.4
00760B,52.1
00765B,38.72
00766L,11.92
00767,17.4
00768B,47.7
00769B,60.3
00770,67.15
00771,15.29
00772B,32.38
00773B,34.62
00774B,40.85
00774C,9.12
00775B,30.7
00776,20.78
00777B,31.07
00779B,27.19
00780B,36.24
00781B,26.98
00782B,29.21
00783,27.66
00784B,39.32
00785B,33.79
00786B,31.53
00787B,31.54
00788B,28.91
00789B,45.79
00790B,53.2
00791B,56.7
00792B,30.57
00793B,29.6
00794B,39.82
00796B,41.84
00797B,41.36
00798B,42.65
008201,101.2
00831B,41.42
00832B,42.92
00833B,43.87
00834B,32.96
00835B,45.16
00836B,27.65
00837B,37.64
00838B,40.38
00839B,41.85
00840B,28.58
00841B,27.22
00842B,29.14
00843B,40.37
00844B,30.32
00845B,32.43
00846B,34.92
00848B,33.27
00849B,37.24
00851,69.15
00852L,34.76
00853B,26.61
00854B,41.86
00855B,38.6
00856B,37.28
00858,35.59
00860B,37.81
00862B,30.47
00863B,30.67
00864B,45.99
00866,21.84
00867B,29.23
00868B,36.17
00869B,36.69
00870B,27.25
00872B,37.13
00873B,37.28
00874B,38.04
00883B,30.98
00884B,28.48
00886,46.91
00888,33.6
00890B,30.99
00891,34.86
00895,48.97
00899,22.72
00901,46.2
00902,13.19
00903,20.84
00906,11.95
00908,15.24
00911,50.15
00922,41.86
00924,32.82
00925,16.1
00931B,13.0
00932,17.62
00943,21.41
00949,21.61
00957B,12.9
00958B,8.96
00959B,9.03
00964,14.91
00965,24.96
00966B,13.37
00969B,7.94
00970B,9.0
00972,22.04
009800,12.9
009801,11.03
009804,22.88
009806,13.49
009807,16.68
009808,30.86
009809,17.76
00980B,9.17
00980T,11.75
009810,21.18
009811,13.16
009814,11.28
009818,19.6
009822,9.55
009825,9.96
009826,10.06
00982B,9.44
00982D,9.63
00982T,15.6
00983A,12.2
00983B,15.01
00984B,15.65
00985D,9.78
00986B,9.48
00986D,14.31
00987B,15.73
00990B,9.96
00991A,18.05
020000,31.07
020001,28.77
020002,11.12
020003,15.89
020004,33.28
020005,19.35
020006,32.05
020007,41.23
020008,13.31
020009,26.67
020010,13.56
020011,16.4
020012,23.0
020013,14.84
020014,6.3
020015,18.69
020016,28.32
020018,24.94
020019,21.59
02001B,8.75
020020,28.51
020021,4.42
020022,7.62
020023,7.2
020024,5.94
020025,37.03
020026,6.37
020027,10.65
02002L,7.38
02003L,4.34
1101B,43.2
1108,11.7
1109,13.45
1201,12.2
1213,8.26
1220,10.75
1225,25.15
1232,157.0
1233,28.3
1235,33.55
1240,55.2
1258,26.85
1259,68.0
1262,34.9
1294,53.6
1295,45.45
1312A,23.0
1315,66.2
1324,10.3
1325,26.0
1333,1.44
1337,4.59
1338,14.55
1339,43.2
1340,5.22
1341,59.6
1342,102.5
1410,24.8
1413,9.5
1416,11.7
1418,17.65
1423,35.5
1432,15.2
1436,38.15
1438,22.4
1439,29.25
1441,8.81
1443,21.45
1451,17.3
1452,11.4
1453,11.05
1454,12.2
1456,14.4
1457,14.5
1463,17.35
1464,10.05
1465,12.1
1468,12.9
1470,24.75
1472,88.6
1473,20.0
1475,26.25
1506,10.05
1507,64.8
1516,14.55
1521,25.9
1522A,51.0
1525,73.5
1526,16.05
1529,16.95
1530,28.6
1533,33.0
1537,117.0
1538,8.96
1539,15.85
1541,21.45
1563,66.0
1566,19.65
1569,47.9
1570,33.15
1580,102.5
1583,51.4
1587,24.0
1589,5.54
1592,2.57
1593,34.7
1626,9.71
1701,21.15
1713,44.9
1724,15.6
1725,31.45
1726,77.0
1730,51.5
1731,20.95
1732,26.15
1734,30.65
1735,21.1
1752,31.55
1777,74.5
1780,24.55
1781,10.35
1783,37.35
1784,66.3
1787,26.15
1788,129.0
1799,29.8
1805,11.15
1813,11.5
1817,40.2
1902,20.65
1906,11.2
2002A,37.15
2024,13.25
2029,21.75
2035,26.6
2038,11.5
2063,24.0
2064,12.35
2065,36.2
2066,56.2
2067,4.84
2102,18.45
2107,27.15
2114,89.2
2227,47.9
2230,24.9
2231,93.8
2235,28.4
2236,118.0
2237,28.0
2239,19.95
2241,34.55
2247,231.5
2248,62.2
2250,58.5
2314,12.4
2348,70.5
2348A,38.45
2358,4.56
2364,67.5
2373,52.9
2380,20.1
2387,37.3
2390,10.3
2414,53.0
2424,8.01
2430,17.8
2432,27.5
2433,41.95
2443,3.57
2444,10.85
2448,41.4
2456,94.6
2471,50.4
2477,21.55
2482,15.95
2496,59.4
2499,4.12
2516,14.05
2528,19.75
2534,17.05
2547,10.05
2548,93.5
2596,35.9
2607,53.5
2616,13.55
2640,158.5
2643,62.6
2702,12.7
2705,16.0
2706,12.8
2712,14.25
2718,42.8
2719,22.4
2724,10.4
2726,8.25
2727,235.5
2729,156.0
2734,14.6
2736,11.6
2740,30.8
2743,58.8
2745,87.9
2748,38.85
2751,51.7
2752,177.0
2753,182.0
2754,70.0
2755,101.5
2756,63.5
2809,56.6
2823,30.55
2836A,24.15
2838A,52.0
2841,2.68
2867,9.7
2881B,60.9
2881C,51.5
2882A,60.3
2882B,58.9
2887F,45.75
2887H,42.1
2888,11.8
2888A,36.5
2888B,36.8
2891B,62.0
2891C,61.5
2897B,11.6
2901,23.55
2904,12.8
2906,13.85
2911,6.32
2916,40.0
2926,33.75
2928,31.85
2936,40.35
2937,44.1
2939,19.8
2941,31.8
2945,40.0
2947,61.5
2949,61.1
3021,20.1
3036A,52.0
3040,36.4
3054,59.0
3057,17.45
3064,18.95
3067,18.3
3071,26.9
3073,22.0
3083,23.25
3085,11.2
3089,81.0
3092,23.9
3095,35.8
3115,8.61
3118,31.9
3130,210.5
3138,99.0
3144,38.2
3150,17.0
3158,84.1
3164,15.8
3168,42.8
3171,63.0
3178,62.6
3191,17.35
3202,3.96
3205,47.45
3206,34.05
3217,137.0
3226,54.0
3232,19.55
3252,15.45
3259,13.7
3266,13.9
3268,2.54
3272,14.2
3276,14.35
3288,21.1
3296,24.05
3297,27.6
3303,52.3
3306,45.0
3310,69.2
3311,32.4
3313,10.95
3321,17.25
3323,29.25
3332,61.0
3349,23.0
3373,16.4
3383,1.7
3390,22.2
3426,47.8
3432,14.75
3434,29.5
3452,1.47
3454,99.4
3465,29.0
3466,25.1
3489,22.75
3492,19.15
3499,12.45
3512,19.7
3516,27.6
3520,17.4
3521,12.65
3522,11.8
3523,14.85
3526,284.5
3531,21.55
3536,2.92
3541,21.8
3557,24.2
3562,14.8
3570,163.5
3588,53.5
3593,10.5
3597,26.0
3611,184.0
3615,37.25
3625,13.15
3628,69.2
3629,19.9
3632,7.35
3642,3.87
3646,23.75
3666,25.0
3679,107.5
3682,7.47
3684,54.0
3685,37.6
3686,14.4
3687,63.7
3698,22.25
3708,100.5
3710,4.5
3713,14.7
4108,11.3
4109,11.1
4111,28.75
4113,15.1
4116,40.1
4120,50.0
4121,13.0
4126,77.6
4127,71.3
4129,81.5
4130,26.7
4131,30.7
4133,20.65
4138,51.9
4139,42.45
4141,26.1
4144,26.9
4152,99.6
4153,32.2
4154,12.5
4157,8.88
4160,43.8
4161,22.9
4164,26.35
4166,24.8
4169,153.5
4171,16.9
4173,17.35
4175,50.0
4178,18.5
4180,70.9
4183,14.0
4190,26.5
4192,21.15
4198,47.0
4205,69.7
4304,20.6
4305,43.95
4402,14.85
4406,9.99
4413,21.5
4414,8.5
4419,45.05
4420,38.6
4429,40.8
4430,19.35
4432,15.85
4433,18.9
4439,95.7
4440,17.6
4441,175.0
4442,50.6
4506,123.0
4513,16.25
4523,23.8
4527,44.75
4528,15.0
4529,3.8
4530,30.15
4535,28.05
4538,17.85
4543,30.3
4549,102.5
4550,24.0
4552,17.2
4554,30.15
4555,46.3
4557,50.4
4558,17.5
4568,39.6
4572,143.5
4581,48.3
4582,23.6
4584,39.15
4588,54.0
4609,4.25
4702,9.83
4706,33.8
4711,16.7
4712,2.85
4720,18.95
4725,17.9
4726,24.6
4728,405.0
4729,19.15
4735,39.8
4741,44.1
4744,27.8
4745,11.8
4747,24.6
4754,42.5
4767,29.1
4803,3.6
4804,3.27
4806,9.13
4807,28.45
4905,88.9
4923,52.7
4924,9.92
4930,16.5
4935,34.5
4942,33.9
4944,11.6
4945,76.1
4946,90.8
4947,228.5
4950,16.25
4951,78.6
4972,16.75
4987,81.6
4995,50.0
4999,18.45
5011,18.45
5013,28.65
5014,10.2
5015,22.05
5016,24.45
5102,24.65
5201,25.65
5206,24.7
5210,29.55
5211,19.4
5212,46.6
5215,40.45
5222,106.0
5223,22.25
5234,304.0
5236,137.5
5251,26.95
5258,46.35
5259,7.86
5263,98.1
5264,87.1
5276,18.1
5278,24.65
5281,15.8
5287,135.0
5288,191.5
5301,5.75
5302,10.45
5304,3.32
5305,42.3
5310,24.25
5312,91.8
5315,18.9
5324,12.3
5344,13.6
5345,22.0
5349,25.4
5371,83.5
5383,41.5
5398,15.7
5403,93.3
5438,16.8
5450,14.55
5452,27.65
5455,30.1
5460,15.95
5478,100.0
5481,20.6
5487,29.6
5489,43.7
5511,71.0
5512,7.74
5514,14.95
5520,82.8
5523,30.35
5529,22.3
5533,13.95
5538,37.2
5543,28.8
5547,19.7
5548,20.45
5601,30.5
5603,14.1
5604,30.9
5609,78.0
5701,4.24
5703,12.75
5704,23.7
5820,11.7
5871A,99.9
5878,38.5
5902,34.5
5903,185.0
5906,38.0
6020,20.9
6021,39.0
6028,100.0
6109,11.0
6111,37.5
6114,25.2
6118,15.35
6123,43.7
6124,26.55
6126,30.2
6128,19.7
6129,13.1
6130,24.5
6131,5.18
6140,18.0
6143,88.3
6144,12.7
6154,14.0
6160,15.35
6164,12.5
6169,12.45
6170,48.0
6171,26.3
6172,20.1
6183,91.3
6184,40.2
6185,12.8
6197,313.5
6198,19.45
6201,44.2
6203,60.9
6210,18.0
6212,34.0
6216,20.95
6219,12.1
6222,20.05
6228,17.95
6229,23.95
6230,110.0
6231,219.0
6233,21.2
6234,36.0
6236,19.05
6238,179.5
6241,17.25
6242,34.0
6246,13.15
6247,15.45
6248,17.0
6251,20.3
6264,6.07
6266,24.75
6270,29.2
6275,46.35
6276,20.4
6277,78.8
6287,8.89
6288,20.95
6289,1.35
6294,30.25
6404,4.64
6418,35.35
6431,19.6
6441,21.35
6452,56.6
6457,62.1
6461,16.65
6464,76.8
6465,46.95
6470,41.95
6474,37.6
6482,25.4
6497,5.66
6504,37.45
6506,18.25
6512,20.6
6514,50.8
6523,89.5
6527,74.5
6534,91.5
6542,48.0
6552,24.55
6556,61.0
6558,24.6
6560,31.25
6561,325.0
6569,91.1
6570,52.8
6574,132.0
6576,80.6
6577,80.3
6581,108.5
6582,31.95
6585,113.0
6590,65.4
6591,42.65
6592A,95.6
6592B,94.8
6593,32.45
6594,31.3
6597,74.8
6606,25.7
6609,39.6
6612,69.6
6614,35.25
6615,34.25
6616,8.29
6624,40.55
6625,76.0
6629,107.0
6637,55.9
6641,17.05
6642,79.8
6645,12.55
6649,38.4
6655,114.0
6657,30.75
6661,18.9
6662,28.5
6666,44.4
6667,217.0
6671,22.8
6674,15.9
6680,52.9
6684,47.6
6692,22.65
6708,37.5
6720,136.0
6721,51.2
6728,108.0
6732,158.0
6733,28.0
6735,66.0
6743,28.5
6747,199.0
6751,42.2
6752,97.0
6754,42.8
6761,185.5
6762,165.0
6763,41.0
6767,25.5
6771,45.85
6785,91.2
6790,38.0
6791,108.0
6792,59.2
6796,59.1
6803,270.5
6804,18.4
6806,3.51
6807,33.95
6811,224.5
6823,60.8
6835,32.0
6843,38.4
6846,63.9
6855,117.0
6856,42.55
6865,27.65
6870,292.0
6874,73.2
6875,35.8
6877,115.5
6881,216.0
6884,29.55
6887,37.6
6894,356.0
6895,161.5
6899,49.85
6902,122.5
6904,124.5
6909,40.8
6910,25.3
6914,122.0
6919,88.1
6923,75.4
6924,113.5
6925,49.8
6928,48.4
6929,22.75
6931,41.4
6934,76.1
6936,32.8
6947,69.4
6949,1490.0
6950,27.0
6951,71.7
6952,40.6
6953,265.0
6955,103.0
6958,18.8
6958A,20.5
6961,50.2
6967,71.0
6968,41.7
6969,34.4
6971,26.0
6986,46.75
6988,11.3
6994,36.2
6997,68.0
7547,50.8
7556,252.5
7584,26.8
7631,144.5
7642,77.0
7689,173.0
7705,30.15
7708,92.0
7709,74.8
7713,74.0
7715,29.0
7716,23.95
7717,423.0
7718,47.45
7721,61.3
7723,18.5
7728,675.0
7732,33.8
7744,540.0
7747,113.0
7753,36.35
7757,97.4
7760,33.2
7765,244.0
7767,45.0
7768,296.5
7770,35.85
7772,90.5
7782,27.25
7792,309.0
7794,28.45
7803,17.5
7805,530.0
7810,222.0
7811,72.7
7814,29.3
7820,131.0
7822,969.0
7839,44.2
8024,13.0
8032,35.95
8034,19.85
8038,31.95
8044,24.25
8048,53.7
8049,24.5
8059,14.85
8066,14.45
8067,12.1
8068,17.6
8071,23.85
8072,26.5
8080,26.5
8087,29.15
8092,13.3
8093,24.45
8097,44.25
8101,12.35
8102,65.1
8107,12.6
8112A,45.15
8121,27.5
8147,128.0
8162,56.0
8171,20.45
8201,11.7
8272,65.8
8279,79.6
8284,65.8
8287,0.73
8291,33.0
8342,88.0
8349,38.7
8349A,45.5
8367,41.0
8401,22.75
8403,18.95
8406,278.5
8409,17.7
8410,30.45
8411,12.8
8416,171.0
8418,8.95
8420,40.6
8423,18.0
8424,68.8
8426,21.1
8427,74.9
8429,5.99
8433,55.2
8435,53.7
8437,9.19
8438,70.4
8440,20.15
8442,45.3
8443,11.35
8444,4.6
8450,14.65
8455,21.85
8462,169.5
8464,374.5
8466,15.65
8467,94.9
8472,67.7
8477,15.3
8480,84.6
8481,40.9
8482,48.9
8487,71.0
8488,9.95
8489,23.0
8497,65.5
8499,269.0
8905,34.0
8913,13.3
8916,41.3
8917,52.5
8921,16.45
8923,18.75
8927,19.55
8928,24.45
8929,12.9
8934,36.1
8938,51.3
8940,15.1
8941,44.0
9103,5.1
910322,24.9
910482,0.25
9110,3.07
911608,2.72
911616,0.48
911619,0.11
911622,3.6
912398,5.15
9136,11.2
9157,0.86
9188,3.47
9902,14.0
9905,21.55
9906,41.25
9912,12.5
9918,42.8
9924,38.4
9928,18.25
9929,11.1
9931,34.0
9935,19.9
9941A,48.95
9942,114.5
9944,17.2
```

