# 收盤價 MD
# T:2026-09-30 06:10

## [CLOSE]
```csv
代號,收盤價
2330,2475.0
2454,4910.0
2308,1835.0
2327,548.0
4958,498.5
1303,247.0
2409,35.05
2303,153.5
6213,620.0
3189,955.0
3016,172.5
2408,506.0
3037,1165.0
3017,3400.0
8046,1270.0
0050,111.3
3653,6895.0
3665,2445.0
2368,1120.0
3711,687.0
2383,4920.0
2492,302.0
3008,6020.0
6274,1485.0
6488,945.0
2449,294.5
6182,121.0
8996,1585.0
2344,174.0
3443,7925.0
2317,250.5
3105,493.0
3042,208.5
3529,3305.0
2345,1810.0
8358,498.0
00406A,9.85
3324,1630.0
5347,178.5
3231,185.5
8150,104.5
8028,289.0
3481,49.75
6223,5185.0
2360,2185.0
7769,5585.0
2059,12115.0
6770,72.3
5274,19395.0
8299,2115.0
6187,1310.0
00631L,38.28
3167,903.0
6531,929.0
6147,208.5
3026,796.0
3661,3685.0
6505,94.3
8039,273.5
2301,281.0
2481,175.5
2404,1220.0
3533,1710.0
1727,118.5
00981A,30.31
6533,303.5
2382,336.5
6207,137.5
3532,454.0
6669,2100.0
8064,141.5
3081,2650.0
3450,525.0
6672,335.5
2426,99.8
3624,140.0
2395,730.0
3006,285.0
6805,2515.0
6446,1195.0
3293,779.0
3264,241.5
2376,362.0
5483,189.0
6139,732.0
6278,216.0
2484,76.9
3491,1510.0
3605,182.5
1301,64.6
2379,760.0
2313,226.0
3406,882.0
6510,3140.0
00685L,12.64
2882,111.5
2881,151.5
7856,4315.0
0056,56.55
6173,297.5
009816,16.4
4991,474.5
1815,116.0
2887,41.8
2891,68.7
6239,281.0
00937B,13.8
2337,118.5
2464,192.0
1326,67.5
00919,31.88
6515,5675.0
6456,89.4
4931,246.0
6933,378.0
2357,963.0
3211,386.0
2890,43.9
2412,144.0
3707,72.9
3034,540.0
3055,203.5
3035,210.0
3455,267.0
2883,38.95
6257,236.5
2603,238.0
2884,44.9
6414,398.0
6526,814.0
2885,68.7
3563,794.0
2609,58.4
2342,50.1
1809,45.0
00918,33.9
6415,409.0
3131,2475.0
6538,358.5
8027,202.0
3702,115.0
4919,135.5
00403A,10.7
8069,142.5
1709,44.0
6426,354.0
3044,521.0
6442,1500.0
3498,235.0
00679B,24.72
2615,111.0
6683,1475.0
00712,7.56
2324,36.05
5289,1280.0
4938,90.8
00878,34.83
2892,38.6
3260,377.0
2886,49.1
3363,652.0
8111,79.7
6199,126.0
1560,956.0
6196,544.0
3036,207.5
1590,1210.0
2436,75.9
3374,455.0
3675,334.0
8210,877.0
3693,702.0
8040,100.0
6209,81.5
7610,1730.0
6693,218.0
8227,337.0
00708L,70.9
00687B,25.67
0052,64.95
00632R,9.57
2351,215.5
1101,25.3
6727,483.0
6643,505.0
00935,60.4
3673,68.7
4749,764.0
5309,59.1
1519,688.0
4956,46.0
4772,271.0
2049,335.5
00927,39.39
3045,121.0
2002,18.8
00991A,17.95
6166,135.0
006208,255.2
6706,151.0
6861,285.0
7792,416.0
6285,232.5
5425,95.8
3149,67.3
2801,27.5
00881,51.9
00891,37.3
3163,646.0
4770,286.5
3094,59.7
2618,41.5
5536,902.0
00637L,18.17
2340,38.0
2027,47.15
4576,241.0
8155,306.0
2834,17.6
00713,62.9
4768,357.5
4904,104.5
6691,654.0
3680,548.0
2880,44.9
2356,59.2
2455,543.0
4906,40.2
4979,567.0
5871,107.0
00953B,9.51
1717,72.5
3714,68.1
3583,713.0
6116,14.9
1216,73.9
6944,776.0
4551,179.5
3717,27.85
7734,2680.0
00662,123.25
1785,98.0
00947,40.0
6155,64.0
2399,49.2
6830,533.0
2467,544.0
00929,29.16
4566,73.2
1802,57.6
2486,237.0
00830,86.85
3014,143.5
5475,180.5
8103,117.0
5880,26.05
2451,286.0
2542,38.6
6290,269.5
2347,94.5
6640,1040.0
00663L,110.45
00400A,15.51
6789,478.5
2637,95.0
1314,8.74
2034,23.4
8096,88.7
00751B,28.92
2305,69.1
6620,136.0
8050,65.7
00984D,9.77
00933B,14.97
2498,43.0
3030,276.0
2493,196.0
6831,492.0
00720B,30.9
00988A,16.48
5351,109.5
1597,146.5
00405A,9.25
00992A,18.68
3580,111.0
2221,180.0
2606,73.4
2855,55.5
2812,18.8
6291,499.0
6937,308.0
2605,35.4
2489,41.1
5269,1475.0
2377,151.0
1476,273.0
3376,171.5
00922,43.39
1605,36.35
3715,124.5
1102,35.3
8021,480.0
00738U,48.07
6451,416.5
3031,31.25
3162,80.9
6127,51.0
00635U,42.64
2474,205.5
5876,48.85
2354,65.1
4540,62.6
4971,540.0
009829,10.74
2472,213.0
6834,112.5
00673R,10.39
7822,976.0
2912,212.0
00982A,22.83
6217,173.0
3234,174.5
00715L,67.9
7799,490.5
4961,184.5
8112,82.7
1513,167.0
00407A,10.02
00646,76.9
2634,63.1
00892,42.99
5904,68.8
2363,59.2
6133,28.5
1569,65.0
6957,337.5
2421,163.5
009828,9.98
7751,1555.0
6271,227.0
6179,37.45
7828,1900.0
4903,42.8
3023,307.5
7717,592.0
2371,29.35
2441,122.0
7788,287.5
6919,79.5
3317,65.4
8033,169.0
5314,27.45
4908,205.5
6168,45.2
2466,113.5
7795,496.0
00722B,33.15
3221,50.8
2032,19.9
3090,161.0
8240,54.5
00961,13.21
1708,52.0
00772B,31.17
8042,111.5
00795B,24.83
6781,1010.0
6532,108.0
3088,136.0
7711,546.0
2385,104.5
3706,78.9
00981B,8.96
4939,75.3
00877,35.31
5443,109.5
1504,68.5
2458,136.0
2316,162.0
4763,46.85
6197,319.0
8110,48.4
3518,37.4
00680L,5.84
3019,135.5
00980A,25.4
3576,17.95
3543,50.2
4764,183.0
9904,24.8
3413,291.0
4977,168.5
6664,370.0
5434,540.0
00909,48.5
00725B,32.93
1711,40.55
00633L,43.92
009821,13.33
3029,117.5
2353,31.4
8464,372.5
9105,8.66
5234,322.0
2388,71.2
00675L,334.0
3490,45.1
6739,1125.0
2338,47.1
1609,38.5
2254,91.8
6409,877.0
9945,29.05
6206,143.0
3219,125.5
00409A,9.96
4542,339.0
00940,13.08
2030,33.4
8261,176.5
3551,186.5
6547,60.9
8431,66.3
5388,71.7
2006,85.4
1402,27.75
1312,14.45
00753L,8.61
3228,180.0
6214,189.0
2236,107.0
1595,77.6
00888,35.85
6438,162.0
2633,25.45
2610,20.1
2302,45.3
3691,118.5
2428,251.5
6925,75.0
4967,272.0
2478,117.5
6205,71.1
6949,49.2
2406,30.3
3479,138.5
1773,167.5
3022,93.0
4739,83.2
6715,452.0
1503,194.0
9921,94.1
7750,1960.0
6231,241.0
3615,41.65
2889,16.4
1409,24.35
00859B,40.61
3441,185.0
2241,44.0
2020,24.3
6122,59.7
3147,243.0
6005,31.65
6603,29.25
2369,31.6
3141,85.2
00724B,31.56
9914,67.1
2402,56.9
3645,72.7
2845,13.1
4966,569.0
3362,171.0
00990A,15.58
5439,253.0
3265,180.5
00696B,26.92
3380,31.6
1514,102.0
3577,122.0
6176,90.2
4722,190.0
4960,23.45
1722,41.15
6902,162.5
6269,64.9
3467,74.6
00865B,48.92
6121,379.5
00887,15.3
6462,103.0
009826,10.02
1229,39.55
8121,31.9
00688L,5.8
2061,59.4
3005,117.0
5465,34.7
2465,91.9
6472,422.5
3227,185.5
8271,199.5
2207,506.0
4915,63.5
6282,42.8
6922,225.0
6245,88.7
2375,117.5
6138,278.5
00401A,14.21
8147,148.0
00913,51.75
1721,26.1
2548,92.2
2332,20.1
2367,42.25
2352,29.0
2850,161.0
6579,157.5
2033,38.5
00945B,14.21
2476,124.5
8054,87.2
2105,30.1
6530,99.5
6449,205.5
6227,136.0
3535,89.8
2393,63.6
1319,77.8
00735,107.25
2727,235.0
6226,45.55
00939,24.02
00923,41.33
4916,101.5
1477,190.0
2312,30.7
5386,285.0
1528,25.5
2439,78.1
6668,47.65
8016,285.0
00951,17.64
00985B,10.06
2392,40.85
5464,90.0
6443,27.5
3550,26.2
2211,78.8
2359,128.5
8081,255.5
6218,63.2
00404A,9.79
00665L,8.79
2915,58.5
5328,52.3
00719B,30.91
2838,20.55
6584,543.0
3033,42.0
00998A,16.65
00670L,207.0
2851,47.05
3357,203.0
6191,83.1
6491,406.0
4927,43.75
9941,78.3
7749,386.0
2031,45.7
4989,59.5
00900,19.37
6901,17.25
00411A,10.33
1795,177.5
3066,29.5
3339,46.2
8086,110.0
8043,131.5
6811,239.5
00757,141.9
6425,74.0
6719,184.0
6679,206.0
009803,21.5
2014,16.8
8454,236.0
2413,51.0
6435,252.5
6588,107.5
00997A,11.49
6141,52.9
2233,168.0
00894,49.49
2374,66.2
6148,38.5
8926,58.3
5284,300.0
6525,133.5
4721,79.8
2617,31.25
6190,69.3
3718,64.6
2103,27.4
5285,90.5
00764B,25.63
9933,40.35
00896,27.5
00999A,11.23
00655L,30.54
8422,25.5
3587,239.5
3596,153.5
6405,45.55
009802,19.96
8932,93.4
6695,54.1
7827,163.5
2104,10.7
6799,90.3
00989B,9.87
00692,95.9
5864,36.9
2009,39.15
6204,103.0
00643,17.2
8182,41.2
3229,57.1
6788,344.5
3305,104.5
2887I,9.52
3236,44.1
3289,139.5
6670,273.0
6667,259.0
00948B,8.81
6903,304.5
009820,10.32
2504,30.55
3114,35.0
2645,172.0
2401,26.05
009824,10.49
6548,71.8
3617,240.5
00950B,13.14
00984A,15.62
1710,16.55
4760,260.0
00955,15.77
2069,26.5
00731,97.75
1904,24.25
4923,61.2
3592,225.0
3060,27.45
6224,81.2
1714,15.75
6284,77.0
00934,29.79
5340,80.5
00773B,33.31
2646,20.05
6016,23.5
6153,17.65
2201,29.2
00740B,35.95
1608,35.2
8438,80.0
2614,18.85
6617,133.0
4174,35.65
3169,115.5
00985A,23.3
3048,51.1
3013,84.0
1718,10.55
9958,92.1
00882,14.85
4556,92.4
5243,88.7
00642U,32.42
00981D,10.07
2485,39.75
6829,208.5
00990B,9.85
1736,128.0
2208,19.1
00693U,23.42
2897,10.95
8091,220.0
2355,41.6
2329,43.8
3504,79.5
9939,124.5
00746B,33.26
6174,45.05
6189,50.2
2515,11.8
6907,180.5
5009,32.6
00980D,19.48
4743,45.7
00924,33.59
9910,69.1
00915,32.91
2501,21.15
00962,15.02
3437,22.4
7825,83.6
3010,125.0
1563,76.1
1210,51.6
00988B,19.18
3704,40.25
3294,32.9
009805,14.76
2323,10.7
1215,105.5
6945,140.0
00982D,9.36
3290,47.8
2820,16.85
6225,55.4
3591,26.4
6244,23.5
6962,31.85
1723,80.0
4707,29.65
0055,49.21
00850,95.5
3138,98.1
00653L,40.82
5469,73.6
3526,270.5
0053,250.8
4746,47.7
00690,81.7
2468,46.05
7777,35.6
00864B,46.15
8436,105.5
00857B,21.37
7744,523.0
00995A,17.59
5608,16.7
00931B,12.51
3402,131.0
6112,47.35
00930,23.69
4973,135.0
6885,31.0
6202,58.4
6592,56.9
5498,49.85
1905,12.85
5013,35.25
6509,48.15
6265,47.8
1440,13.3
6234,38.9
4526,32.15
6742,54.2
2010,22.45
6561,308.5
2520,37.0
9907,14.7
2101,29.8
4949,76.0
6221,32.85
6023,86.0
8383,67.6
8255,145.0
8114,179.0
3430,112.5
3021,29.6
3135,156.5
00862B,29.25
8131,61.6
6658,181.0
4147,63.0
6613,270.0
1907,27.9
6841,55.3
2328,47.0
5534,73.3
7855,41.5
1707,85.9
00661,84.3
4585,290.0
00984B,15.25
00657,76.8
9917,105.5
5230,22.15
2495,38.95
3663,62.4
2539,34.0
00768B,45.99
1304,12.3
6120,13.05
00989A,17.52
7740,102.0
2072,131.5
00645,57.3
009827,10.2
8215,28.0
7768,304.0
8070,49.7
8289,46.05
3028,62.7
00981T,11.7
4912,96.8
2723,76.6
2419,29.0
00853B,25.53
6869,70.9
3312,50.9
6412,74.1
00993A,13.73
7709,86.5
4123,31.0
3515,211.0
6416,116.0
3209,45.5
00970B,8.74
3323,29.35
00904,42.97
4541,59.3
4951,90.2
2527,48.35
6712,161.5
1617,21.9
9927,69.9
6782,234.5
3708,97.6
009823,10.43
6188,61.6
3689,110.0
2444,15.05
00994A,17.11
00964,14.73
6177,46.25
00905,27.4
3059,37.85
5607,51.9
3049,12.15
6840,99.5
6146,180.0
00671R,2.38
8936,51.9
2543,38.15
2434,64.8
5471,52.7
00942B,13.21
3552,43.45
2025,13.35
6108,24.4
2707,175.0
7714,162.0
00410A,12.37
00946,15.38
00983B,14.49
8162,65.4
4536,161.5
6753,132.5
6550,17.4
3545,51.9
4303,33.4
3485,201.0
00959B,8.79
6642,80.7
3416,162.0
009819,9.53
2206,62.5
4909,35.8
2362,46.7
7765,237.0
00954,18.84
009815,11.89
4534,31.3
00987A,17.15
1810,23.7
00968B,8.66
8390,89.4
4766,341.0
2903,21.9
00697B,33.89
6104,91.0
6605,138.0
00917,22.5
1434,18.0
4968,92.8
9802,64.7
00952,18.29
6279,111.5
1227,28.0
6651,150.5
00770,64.75
00966B,13.02
7805,489.0
00936,21.32
2480,159.5
009804,23.85
1313,12.05
2612,60.8
3701,41.75
1309,13.65
1712,39.6
3062,22.0
4105,78.8
9925,39.45
8109,134.5
7772,176.0
3581,106.5
3032,77.9
00985D,9.47
00762,119.5
5522,60.7
4755,118.0
00752,22.33
2905,18.0
00987D,9.52
00650L,15.92
2836,12.0
3354,29.25
1568,32.4
00885,17.99
00910,57.7
6546,58.6
1308,14.1
1536,46.55
6803,266.5
3230,41.7
3703,19.5
1310,8.9
00986D,13.89
2731,143.0
2540,47.6
6743,31.1
6541,29.95
2630,46.3
00636,26.47
6015,17.4
7810,227.5
5263,89.6
7728,607.0
2607,53.1
00706L,19.28
1307,30.85
8415,35.15
2204,52.0
6690,177.5
00963,12.55
6163,41.5
4142,18.1
3152,226.0
6156,21.65
6568,144.0
1582,70.1
3287,41.2
6558,25.4
9938,38.2
00969B,7.52
006207,31.04
3213,125.5
7556,267.5
5288,186.5
2348,70.5
1558,114.0
1612,35.35
6485,70.0
00402A,9.94
2753,179.0
6261,78.4
00761B,31.86
2457,21.75
6419,152.0
6589,51.6
00983D,9.6
2029,22.15
3015,53.7
6757,53.4
2491,40.2
5493,90.6
00875,56.9
00639,15.2
4128,15.0
6024,60.2
2641,17.3
7712,161.0
00938,26.84
3444,80.6
8234,62.1
1442,26.9
1110,14.35
6175,69.2
4114,29.3
7402,99.1
3346,23.8
3483,77.5
4736,128.5
00980B,8.86
6215,97.2
5474,158.0
3217,130.0
3003,59.7
00842B,28.36
2015,63.1
6716,114.5
009812,12.91
6870,330.5
6125,49.25
4976,35.5
6469,64.5
009800,13.34
2038,12.65
4771,211.5
2365,28.1
6535,80.7
006205,39.2
9911,81.6
2887E,48.45
2023,13.55
8084,29.8
5222,104.5
3093,43.9
1808,31.6
4953,116.5
4583,429.0
00664R,1.54
5299,100.0
8249,39.05
6237,36.2
00681R,22.86
5392,39.4
3709,64.0
2636,70.4
4127,47.5
8105,14.9
8047,51.0
00763U,34.56
00676R,5.29
2258,30.95
00926,26.59
4164,26.9
3508,25.95
5321,67.5
2883B,8.54
2597,167.0
4577,84.0
2546,106.0
3338,67.9
6243,39.0
1305,12.1
00733,70.2
1909,10.05
00907,17.66
3564,50.4
6761,163.5
6143,81.0
3388,81.6
00897,13.81
4532,25.05
3024,14.2
5515,52.7
6411,77.5
7547,65.3
9942,113.0
00949,21.74
00701,41.42
4416,13.75
8104,31.4
3078,45.65
00965,25.09
4195,15.8
7786,118.5
2397,63.0
2231,92.0
00695B,33.63
6270,30.25
4510,43.05
3306,47.6
2108,28.2
4306,14.65
5432,160.5
5291,58.8
6913,127.0
8201,14.6
8097,48.15
2816,39.85
00941,25.19
5457,23.5
2106,16.45
00861,87.6
6890,147.0
3694,50.4
009811,13.47
2349,10.4
3356,65.6
4563,51.4
2425,37.45
00678,43.43
00734B,14.96
3594,47.2
6275,46.55
1104,26.55
2536,19.15
4545,35.55
8163,30.15
7730,174.5
006206,36.63
6292,66.8
00849B,37.12
4441,170.0
7722,258.0
3685,35.2
3311,38.15
2832,56.8
6432,59.5
00958B,8.65
3218,133.5
4533,25.5
2417,38.7
6983,346.0
8473,39.5
00996A,14.35
00694B,41.58
2405,15.15
0057,331.75
6909,41.95
00983A,13.2
6725,217.5
00895,51.5
5508,53.0
3528,84.7
00726B,31.22
00912,35.99
1591,41.1
00893,45.38
2887G,44.45
6118,15.95
4167,19.55
3176,37.35
3555,168.0
6499,74.5
5210,30.25
00848B,32.43
5871A,99.9
4129,82.9
009814,11.38
4924,15.0
00652,31.34
6277,76.7
2331,18.7
6186,29.0
5220,22.0
1231,79.6
00858,36.0
9919,13.7
00799B,27.55
4590,88.5
3297,32.85
020025,39.69
3178,69.4
6684,50.9
6026,15.9
6708,47.05
3004,117.5
2535,89.1
6877,128.0
4113,15.55
00967B,8.52
1515,29.3
8076,21.5
6170,48.8
6180,41.1
1201,11.5
2471,51.3
3623,29.15
6117,61.7
4104,72.1
4169,148.5
3268,21.5
6576,79.7
8937,25.1
00779B,25.86
3567,25.8
00870B,26.22
2423,72.0
1527,32.6
2852,27.7
1522,26.55
1618,38.35
6263,155.5
00782B,28.42
6873,67.9
1584,18.05
6152,15.1
3630,26.65
2420,53.9
4714,11.8
1447,6.5
6732,151.0
6235,38.85
6947,67.2
3712,20.65
00987B,15.32
5209,166.5
8213,32.8
5203,58.6
00957B,12.5
6967,67.2
2442,14.35
00640L,105.95
00960,22.03
00739,26.46
3548,77.1
6625,73.9
5310,29.0
6192,109.5
00916,26.88
5287,137.5
6689,64.4
1537,115.5
9940,19.9
6517,62.8
8462,157.0
00876,89.55
1444,6.94
00756B,29.14
6585,103.5
009813,11.46
5609,78.2
00834B,31.94
2530,20.1
3303,48.35
1565,95.9
3041,23.6
2913,11.0
3130,209.0
1733,29.45
6698,33.9
6854,91.0
6994,26.6
00911,55.8
6021,41.1
00884B,27.62
6477,34.1
8374,76.0
6756,98.8
2453,53.5
5530,48.75
006204,237.2
3051,22.65
6111,37.8
9955,22.7
1532,22.1
1232,154.0
2547,9.85
00847B,23.52
8088,42.25
8074,50.8
00408A,10.44
5227,30.65
5292,218.5
6872,24.0
6208,74.6
4716,16.9
4741,40.05
4720,19.15
8341,74.3
1316,10.45
6823,63.0
6894,362.0
6953,241.0
4564,16.2
3047,14.55
7780,16.05
3257,49.3
6150,62.1
3588,53.7
5426,27.8
1342,101.0
6183,90.5
6838,25.65
6140,20.75
3705,55.9
00991B,14.31
0061,23.34
009810,21.37
00863B,29.38
00902,12.25
6908,27.05
1720,56.1
00898,11.75
4571,152.5
6735,64.9
2483,32.5
00928,33.1
4157,8.68
7703,199.5
5202,14.25
8478,139.0
3558,124.5
2247,223.0
3372,16.3
00737,40.75
5236,135.5
6768,62.5
9951,47.1
5225,55.3
2427,23.25
2908,21.7
5521,10.5
7821,36.1
00982B,9.16
00791B,56.0
4162,55.4
3556,57.9
5511,69.7
2528,19.3
2243,50.5
2608,28.55
2537,11.25
1217,9.9
4119,55.4
6674,18.25
6126,30.8
2887H,43.05
3484,46.75
1529,15.45
2364,64.9
009822,9.46
0051,146.9
2387,36.25
1436,35.5
3625,11.2
00785B,32.68
6596,96.9
3056,13.85
4137,76.5
3419,11.8
1737,29.95
9930,60.2
4952,49.2
8083,155.5
2070,62.8
6570,47.75
6165,48.85
5014,10.2
009801,11.59
3501,37.5
5490,25.45
3054,58.8
2704,45.0
4569,154.0
8349,39.6
009808,31.85
6862,138.0
00760B,50.5
1623,198.0
6741,55.4
6965,64.8
00781B,25.77
8942,40.2
00728,69.9
6103,41.8
00845B,31.57
009817,8.79
6969,31.65
8411,11.9
2511,8.32
2505,16.95
00759B,50.8
2460,29.85
1713,41.8
2107,26.8
2429,30.65
00727B,38.95
1455,9.68
3308,22.2
1760,53.9
00674R,29.6
6115,44.0
3622,44.65
3040,33.85
5468,25.55
6914,119.5
2414,53.1
8476,19.85
8404,13.15
6441,24.75
00758B,48.54
8935,19.3
00789B,44.41
6790,37.6
5452,27.15
6494,50.8
4506,118.0
1256,168.5
6194,29.6
4543,28.5
1799,28.4
1611,11.35
5531,6.85
6229,24.0
1603,30.05
3540,22.7
00986A,14.6
5258,41.2
6996,168.5
8045,53.4
4107,110.5
2461,17.4
2102,16.3
5381,23.2
2109,14.35
1218,14.45
3716,33.9
1268,175.5
8499,257.0
1464,9.94
00749B,29.86
006201,46.0
8048,50.4
00755B,30.54
6923,74.8
6230,111.5
7812,69.4
1702,32.95
3390,22.3
1234,32.9
3611,183.0
00686R,0.95
6654,200.0
00741B,36.9
00780B,35.31
5529,26.5
2538,8.71
8171,20.6
3207,38.25
4560,29.35
5306,88.6
8072,27.8
1734,32.1
2881A,61.4
7689,158.5
3489,23.25
00754B,30.32
3628,72.9
6498,67.5
2545,33.9
9946,16.85
1786,42.65
2516,14.9
8071,21.85
009825,9.8
1615,42.6
00710B,18.66
9943,50.2
00860B,37.66
3226,60.1
9935,18.2
1604,23.3
1522A,51.0
4419,49.0
5410,33.2
2497,43.6
6184,40.1
8049,24.5
1524,25.85
00723B,28.36
5512,7.7
00792B,29.16
00844B,29.39
2028,16.6
1321,32.35
3050,11.65
1419,65.6
1586,18.0
2640,158.5
6776,51.9
3086,27.7
3025,52.4
2415,27.25
5356,25.5
2064,11.9
2534,16.9
6151,34.75
6272,25.4
3537,52.6
8044,24.1
00846B,34.07
8222,35.3
6203,59.9
8931,43.15
5519,25.0
8068,17.6
9934,9.85
8432,50.6
5011,18.75
3046,53.6
00777B,30.09
3710,8.52
00683L,22.16
6486,80.6
6863,96.2
009809,18.45
00890B,29.94
6728,108.0
1325,25.55
3092,22.75
2440,14.15
1587,23.85
6569,92.0
00647L,137.2
1598,20.3
00736,31.61
1789,18.55
5251,30.0
4207,19.45
4946,102.0
5905,7.4
1614,31.05
1339,42.3
00778B,31.86
2017,8.92
7818,59.9
2838A,52.0
6136,24.95
1103,13.0
6934,76.1
00851,72.25
5903,186.5
009818,20.99
6523,90.4
8032,35.8
2477,23.1
6164,12.4
7823,80.0
2745,84.0
2611,14.05
00750B,30.6
9960,41.2
4562,30.0
3296,27.8
3546,72.7
6220,25.25
9136,9.13
00921,23.38
1784,61.3
4513,16.3
4163,135.0
6986,44.0
9908,28.9
00944,21.83
3520,17.1
8916,41.1
5489,42.2
5706,43.9
4974,70.6
6161,49.0
8038,32.45
5244,35.5
1570,33.0
5484,39.25
4138,55.1
00730,29.35
00932,17.44
4555,41.6
1235,32.85
00840B,27.68
3038,20.3
1903,47.0
00956,13.42
1416,11.35
1466,14.85
6785,96.2
009806,13.69
00841B,26.43
4561,41.9
6875,31.35
4503,24.0
5478,97.0
4934,14.15
4549,96.2
1731,20.85
020020,29.86
2062,18.0
6101,37.25
6591,43.2
2923,23.9
4139,41.65
8011,15.8
7631,137.5
2390,10.2
6703,100.0
4580,81.0
3002,18.9
9103,4.96
6794,71.8
3631,39.95
2228,75.0
6417,102.0
6465,41.45
1506,9.57
6574,119.5
5403,92.9
4995,50.1
3321,18.15
3360,15.1
00702,23.43
7708,91.9
5228,39.35
6233,21.8
00689R,23.86
8279,78.7
6657,32.45
1449,12.35
3205,46.75
00775B,29.83
5315,18.7
3071,22.9
7642,68.5
6171,26.6
6763,41.15
6609,39.6
3027,18.4
2613,21.95
6598,27.2
6142,9.06
6492,34.15
6281,51.2
5007,55.4
2849,15.5
00641R,3.71
00638R,6.96
1315,68.1
1219,11.35
2462,19.85
2506,8.41
8440,20.95
4735,36.2
00972,21.51
3530,58.4
00971,17.78
3058,8.15
7791,55.4
8938,52.7
00687C,8.7
6906,83.7
6516,56.2
00836B,26.43
5213,20.8
1437,31.85
6582,30.8
4588,55.3
3522,12.55
00700,16.85
1472,88.1
2509,14.05
5206,22.75
6259,29.3
1580,97.1
4417,49.65
2022,7.3
2752,177.5
00714,20.62
9906,39.3
4155,14.6
8463,20.95
3527,51.6
3224,31.0
1446,13.35
4572,139.0
2755,99.0
6201,44.2
00852L,32.83
1108,11.0
2230,21.75
1780,25.2
00711B,14.78
7721,61.8
2881C,51.8
3541,24.45
4728,399.5
8059,17.3
2013,41.2
2450,28.2
2114,89.7
4726,22.65
3511,19.45
4767,28.3
1451,16.9
2007,6.9
1805,10.05
3043,20.1
4935,32.65
4552,15.35
2237,26.9
6606,24.75
1616,18.3
4744,28.65
6423,85.9
9924,37.75
2524,34.25
6130,23.8
6028,98.8
1414,17.5
00901,47.74
4148,31.95
3284,19.4
7736,68.2
3570,167.0
1817,39.85
8908,40.25
7757,90.5
6921,67.0
2882A,60.2
6129,14.65
00783,26.85
6167,10.2
7704,61.3
2348A,38.6
3434,31.55
3466,23.85
2459,64.9
8442,44.8
6931,38.75
4807,29.15
3438,61.3
4188,13.9
3285,41.6
8089,19.15
4557,50.1
3011,9.9
1438,21.15
3687,60.3
8277,15.6
6821,40.95
3164,16.6
1788,128.0
2762,79.0
6951,69.1
6988,11.5
6123,43.2
3379,27.3
2482,16.35
5283,52.6
9937,54.1
6961,47.65
3669,32.45
00903,21.77
1240,53.8
1417,8.04
2488,48.7
3652,33.85
6134,29.25
1533,30.4
1336,16.8
7743,24.3
9962,10.15
6266,24.85
4178,16.55
6924,135.0
00920,24.33
1459,16.0
3447,27.15
4108,11.35
6552,24.8
1732,25.95
6464,75.8
8085,14.25
4942,31.95
5481,22.0
1540,19.35
5302,9.72
1456,14.6
8924,49.4
1762,33.7
1726,76.2
1295,47.15
2373,52.5
8489,22.25
9902,13.05
8927,18.8
4439,96.5
6796,51.7
4729,18.8
6185,12.35
3057,16.25
4413,20.5
8034,20.5
1725,34.0
2887F,45.6
6928,45.5
00668,59.9
6109,10.35
9905,21.2
2063,23.45
1517,10.35
6751,44.95
6614,35.15
1203,43.3
00651R,5.36
8446,84.4
6918,74.0
8099,59.8
3052,10.35
00867B,28.24
00943,21.01
1109,13.3
1471,9.3
6792,58.9
2887Z1,22.75
3597,27.85
5355,7.0
1259,68.0
3609,23.5
5488,11.75
1264,244.0
1525,63.7
6573,15.9
2227,44.75
1294,50.2
6859,120.0
3349,19.95
3158,85.2
6577,79.4
2901,23.8
6581,108.0
4745,12.1
3232,20.8
00634R,3.27
3322,11.1
8472,73.1
4737,55.6
6534,89.8
2722,21.2
5450,14.75
5525,21.95
6895,145.0
2065,35.15
5245,20.6
00788B,28.1
1432,14.95
6752,95.9
6592B,95.5
00908,14.53
7705,29.75
6228,19.8
6283,18.8
5278,23.9
2743,53.3
5215,37.3
2706,12.1
8437,10.1
9928,17.8
4414,8.11
3325,11.7
7738,156.0
00787B,30.27
6612,71.8
2012,14.15
1457,14.3
4106,24.25
3083,22.7
2739,36.25
4198,49.9
00886,49.48
1323,21.2
2939,20.25
5212,48.9
1730,51.2
6720,127.5
2314,11.05
2239,18.8
3666,25.3
6733,25.1
6461,24.3
8487,70.4
2881B,60.9
6219,12.15
7767,46.2
2748,38.7
6216,19.5
6276,19.45
2882B,58.8
4133,20.45
1752,31.35
8481,40.7
2115,23.7
7803,17.75
5538,35.4
5438,17.0
1783,36.65
2945,39.8
6666,45.65
1535,45.55
7715,27.6
3118,31.35
4438,56.7
2066,52.7
3122,23.5
3272,13.7
8176,9.78
1777,74.0
5201,29.55
8284,68.0
4161,22.05
7835,20.0
1460,6.24
6241,15.55
6804,18.1
3679,108.5
8426,20.65
4754,37.7
2906,13.3
2002A,37.45
6590,66.2
00899,22.03
3288,20.9
4173,17.1
00717,14.49
4905,76.7
1410,24.1
8092,12.55
5272,17.15
2433,40.0
6771,41.8
8429,5.85
2438,19.7
2754,68.0
8410,28.0
6649,36.8
7811,73.5
3664,8.86
4933,53.4
2431,10.0
00654R,7.14
1465,11.55
2430,18.1
2380,16.55
3128,20.35
6248,16.85
00709,39.56
6697,41.1
4747,23.6
1468,13.15
7770,42.95
7732,33.5
2705,15.05
1338,14.75
4523,23.85
4711,16.2
4168,21.7
3607,13.7
6527,75.0
7753,35.6
912000,2.49
8435,53.0
9931,33.7
2250,56.8
6952,38.8
00982T,15.32
6418,34.6
1220,10.75
2911,6.03
6560,32.4
6431,17.55
4442,53.2
3310,68.9
8112A,45.75
4205,68.5
1463,17.55
1225,24.4
6593,32.25
4304,17.7
4154,12.9
6128,19.1
6916,18.45
6240,25.5
6645,12.5
6910,26.5
2616,13.2
4994,82.3
4175,50.5
4527,40.9
1474,10.05
1531,11.6
6508,27.0
6887,38.1
910861,4.71
1475,25.8
8080,28.0
6881,214.5
6899,49.5
5344,13.35
7723,18.3
4131,31.95
3557,22.8
8349A,45.35
4907,45.25
8424,70.0
5312,89.9
6506,18.5
3713,13.9
4126,77.9
3150,15.15
4426,7.61
6982,43.5
006203,202.05
4999,17.7
8087,23.0
4109,11.05
9918,42.5
6791,99.1
3686,14.85
2929,5.81
3266,13.75
4554,28.05
1521,25.55
9926,48.8
8342,83.5
1526,14.55
6958,17.05
5523,30.35
6113,22.15
6844,57.4
8930,28.7
1340,5.21
4166,23.85
6195,28.3
7760,33.25
00669R,5.38
1583,46.95
6874,70.2
1452,10.7
4430,17.8
5603,13.4
1626,9.6
2734,14.4
9944,17.1
7820,108.5
6160,13.9
2926,29.55
5398,13.9
3276,13.85
3188,23.45
2732,64.4
8403,19.05
4171,16.5
1413,9.08
1441,10.15
1236,25.35
8416,169.0
1467,8.03
8466,15.25
1530,26.45
5701,4.07
2756,62.5
00786B,30.7
1445,10.0
4111,28.8
4582,22.2
6264,6.01
6722,32.3
2938,18.55
4432,15.4
8093,23.85
1806,7.94
4558,16.9
4440,17.45
6470,42.7
2910,23.1
5907,4.79
00682U,20.79
6968,41.55
8905,35.15
6754,41.4
6616,8.23
5546,14.1
1473,19.3
6692,23.2
8467,88.0
1418,18.3
00648R,3.94
3521,11.75
4116,39.4
6637,54.1
00703,18.73
2248,61.5
5353,28.45
2642,20.3
1539,15.45
2897B,11.85
6807,31.9
6680,51.3
3171,58.3
5543,26.95
5604,30.95
1906,10.8
2008,30.5
1337,4.43
7839,43.3
009807,17.66
2596,35.25
4535,26.8
8450,14.4
6655,124.5
6114,23.25
8433,53.0
4406,10.25
6154,14.15
8928,22.9
1516,13.5
5547,20.0
1233,27.6
6474,35.5
2514,11.4
3373,16.05
8024,12.55
3191,16.5
00656R,6.15
5015,21.35
6997,68.0
3168,42.15
3018,11.95
2496,55.1
1213,7.29
8421,12.85
3684,53.4
1593,31.65
2729,158.0
1454,12.15
6624,39.2
4911,28.45
3494,7.09
6629,103.5
5324,12.4
6556,61.9
6661,16.2
4401,13.85
5533,13.85
5878,37.9
1735,20.05
6578,16.55
00986B,9.26
8291,28.9
4420,35.8
7814,28.4
2916,40.55
8367,40.05
2701,10.25
3206,34.55
7819,34.3
8917,54.5
4433,18.05
3073,20.6
1742,17.7
1796,28.8
5487,28.5
1776,18.2
6294,28.25
6865,28.0
00684R,14.81
2424,8.12
2891B,61.9
6158,17.25
2836A,24.0
3523,14.95
6846,58.2
00660,46.2
4121,12.75
3593,10.3
2937,44.7
4528,14.85
5548,20.2
7747,111.0
2948,36.8
9949,24.25
4530,24.2
6835,30.9
2751,52.6
6856,41.8
3432,14.8
1423,34.35
6671,22.85
8923,18.45
8906,28.8
3672,12.5
1324,9.98
5345,22.0
00771,15.07
4160,39.05
8940,15.0
2432,27.65
8107,12.05
8933,4.58
6730,32.0
4930,15.85
1512,6.12
2904,12.6
2643,62.7
00666R,9.38
7718,46.7
8354,16.9
4120,46.1
1443,23.0
8401,22.75
2736,11.35
7794,30.25
1781,9.99
4538,17.55
5364,8.35
3516,25.0
5902,34.2
3095,34.0
4402,14.15
5460,16.9
1541,21.0
5520,83.2
6210,17.75
4568,39.05
3259,9.71
6246,12.9
3512,19.2
3492,19.05
4190,25.05
6721,50.0
3646,24.8
7713,74.1
2924,18.45
6767,24.45
9941A,48.8
5601,28.9
00980T,12.02
6971,23.7
6597,68.5
5704,22.5
6212,33.65
2712,13.4
8941,44.0
4972,16.35
1435,21.75
4102,18.35
8477,14.1
2702,12.65
4153,31.5
8409,18.0
4305,41.75
5301,4.99
6884,31.1
5016,24.8
3252,15.45
9950,10.25
2718,40.65
6904,121.5
4550,24.15
3115,8.6
6169,12.0
8066,15.0
7716,23.9
1470,23.45
9912,12.95
7584,28.95
6843,38.35
1439,28.15
2726,8.03
00643K,3.74
4702,9.32
4943,6.98
6504,37.2
8423,18.05
911868,1.16
6615,33.4
7842,98.6
4183,13.95
1453,10.8
6955,95.3
6936,31.7
4192,18.45
1599,23.0
2740,30.65
3085,11.4
6144,12.55
1101B,43.3
6929,21.65
3632,7.19
4502,15.7
8488,9.8
2719,19.2
7782,24.95
00856B,37.0
3313,10.5
6482,23.35
5223,23.0
3499,13.7
8272,65.5
9929,10.9
8929,12.9
8101,10.7
2024,12.75
4950,15.55
6020,20.5
5455,30.7
3465,29.65
1813,11.3
2067,5.2
8067,12.3
5348,16.35
00657K,24.11
4581,47.7
8482,47.05
5211,20.2
00668K,18.84
9110,2.85
5516,12.0
6242,34.1
4706,33.85
8443,11.15
020000,32.83
2941,32.15
6124,27.45
2073,25.2
2321,25.0
00636K,8.2
910322,23.45
8455,22.1
6958A,21.85
911622,3.6
6512,20.25
6222,18.8
6236,18.45
3629,17.3
6641,16.95
3067,16.9
4529,3.33
911608,2.7
5514,15.1
8444,4.4
0054,28.25
0058,43.71
0059,42.85
00625K,8.33
00649,19.12
00658L,37.0
00659R,11.21
00667,20.79
00672L,0.75
00677U,1.48
00691R,10.46
00704L,18.84
00705R,19.03
00707R,31.9
00716R,13.96
00718B,19.05
00721B,48.06
00729R,20.56
00732,40.74
00742,22.2
00743,24.2
00744B,42.35
00745B,42.04
00747B,51.85
00748B,42.52
00765B,38.72
00766L,11.92
00767,17.4
00769B,60.3
00774B,40.85
00774C,9.12
00776,20.78
00784B,39.32
00790B,53.2
00793B,29.55
00794B,39.82
00796B,41.84
00797B,41.36
00798B,42.65
008201,101.2
00831B,41.42
00832B,42.92
00833B,43.87
00835B,45.16
00837B,37.64
00838B,40.38
00839B,41.85
00843B,40.37
00854B,41.86
00855B,38.6
00866,21.84
00868B,36.17
00869B,36.69
00872B,37.13
00873B,37.28
00874B,38.04
00883B,30.98
00906,11.95
00925,16.1
020001,28.63
020002,11.12
020003,15.89
020004,33.28
020005,19.35
020006,32.05
020007,41.23
020008,13.31
020009,26.67
020010,13.56
020011,16.4
020012,24.05
020013,14.84
020014,6.3
020015,18.69
020016,28.32
020018,24.94
020019,21.59
02001B,8.75
020021,4.42
020022,7.62
020023,7.2
020024,5.94
020026,6.37
020027,10.65
02002L,7.38
02003L,4.34
1258,26.85
1262,34.9
1312A,22.8
1333,1.44
1341,60.0
1507,64.8
1538,8.3
1566,19.65
1589,5.54
1592,2.57
1701,21.15
1724,15.6
1787,26.15
1902,20.65
2035,26.5
2235,28.3
2358,4.56
2443,3.57
2448,41.4
2456,94.6
2499,4.12
2601,5.91
2724,13.1
2809,56.6
2823,30.55
2841,2.68
2867,9.7
2888,11.8
2888A,36.5
2888B,36.8
2891C,61.0
2928,31.85
2936,40.35
2947,60.4
2949,64.0
3036A,52.0
3064,17.2
3089,81.0
3144,38.2
3202,3.96
3332,61.5
3383,1.7
3426,47.8
3452,1.47
3454,99.4
3531,21.25
3536,2.92
3562,14.8
3642,3.87
3682,7.47
3698,22.25
4130,26.7
4141,26.1
4144,26.9
4152,99.6
4180,70.9
4429,40.8
4584,37.0
4609,4.25
4712,2.85
4725,17.9
4803,3.6
4804,3.27
4806,10.4
4944,11.6
4945,76.1
4947,228.5
4987,81.6
5102,24.65
5205,17.3
5259,7.86
5264,87.1
5276,18.45
5281,15.8
5304,3.32
5305,42.3
5349,25.4
5371,83.5
5383,41.5
5703,13.9
5820,11.7
5906,40.9
6131,5.18
6172,20.1
6198,19.4
6238,179.5
6247,15.45
6251,20.3
6287,8.89
6288,20.95
6289,1.35
6404,4.64
6452,56.6
6457,62.1
6496,23.5
6497,5.66
6514,50.8
6542,41.0
6592A,96.8
6594,31.3
6662,28.5
6747,199.0
6762,159.0
6806,3.51
6855,116.0
6950,32.0
8077,43.4
8102,59.5
8183,28.2
8287,0.73
8406,278.5
8418,8.95
8420,40.6
8427,74.9
8480,84.6
8497,65.5
8913,13.3
8921,17.35
8934,36.1
910482,0.25
911616,0.48
911619,0.11
912398,5.15
9157,0.86
9188,3.47
```

