# 收盤價 MD
# T:2026-09-30 10:03

## [CLOSE]
```csv
代號,收盤價
2330,2510.0
3481,54.0
2454,5080.0
2409,38.55
2368,1110.0
3105,534.0
3189,949.0
1303,251.0
8039,300.5
2308,1920.0
6213,634.0
2408,509.0
6488,981.0
8046,1280.0
2303,157.0
4958,503.0
6182,125.5
2327,557.0
3037,1170.0
2344,176.5
3017,3505.0
3665,2565.0
3529,3490.0
6274,1515.0
8150,112.0
8996,1625.0
6456,94.2
3711,710.0
6187,1325.0
3653,6740.0
6770,74.0
2426,104.0
3016,167.5
2449,302.5
6533,333.5
3008,5995.0
6207,151.0
3042,214.5
8299,2185.0
00631L,39.5
6257,256.5
6672,369.0
3026,801.0
0050,113.0
6805,2635.0
3324,1595.0
2481,172.5
7769,5545.0
2492,301.0
8064,147.0
6147,212.5
6239,295.0
3167,891.0
1727,113.5
8358,499.0
2383,5010.0
5347,179.5
3264,247.0
5483,197.0
3605,170.0
3661,3795.0
3533,1750.0
2059,12420.0
2404,1290.0
3443,8040.0
00981A,30.81
3406,908.0
2345,1805.0
8028,285.5
3576,19.7
2317,253.0
3211,400.0
3081,2700.0
2360,2215.0
8210,849.0
2313,227.0
3673,73.1
4931,257.5
3149,74.0
6173,298.5
6116,16.0
3094,60.1
00685L,13.05
6505,94.8
6669,2120.0
3450,526.0
3055,198.0
3231,186.5
6223,5260.0
7799,539.0
00406A,9.98
2337,120.5
6139,754.0
2484,78.6
3624,137.5
4991,483.0
3006,284.5
6446,1225.0
3498,228.5
5274,19160.0
6196,586.0
2382,338.0
3532,459.0
6531,934.0
3714,69.9
4939,82.8
6510,3180.0
00403A,10.88
5309,62.7
3455,267.0
2301,283.0
1301,65.7
2324,37.3
0056,57.0
1815,116.0
4956,48.25
3563,805.0
6691,715.0
6515,5765.0
2030,36.7
6278,216.5
4768,372.0
2464,193.5
3131,2495.0
2340,39.2
6643,532.0
3035,211.0
3717,28.15
6861,313.5
5536,930.0
00919,32.01
3219,131.5
2882,112.0
1605,37.6
4551,178.0
3293,786.0
1560,968.0
2395,734.0
2351,210.5
4919,136.0
2002,19.05
7610,1750.0
2618,42.95
2376,365.0
0052,65.9
1809,46.7
2379,757.0
1785,102.0
5443,114.0
6683,1540.0
3036,207.5
6933,378.0
3034,539.0
5289,1310.0
2489,41.9
7856,4285.0
3491,1510.0
6789,495.5
1326,68.0
3707,72.9
3363,652.0
3260,378.0
1717,74.6
00632R,9.43
6620,138.5
6414,395.5
5439,255.5
2412,143.0
00991A,18.13
3680,550.0
2342,49.5
6442,1520.0
3045,118.5
3583,722.0
3044,535.0
6526,855.0
5351,110.0
2436,74.8
1709,44.5
2406,31.4
2603,239.5
009816,16.64
6199,127.5
2466,124.5
8027,222.0
4772,272.0
2609,59.3
6426,357.5
3693,700.0
2883,39.1
2881,152.0
4938,90.4
6706,153.5
2221,191.5
2887,42.15
2891,69.0
8086,114.5
2357,968.0
00937B,13.77
3162,84.1
3580,113.0
009828,10.1
2486,239.5
5434,560.0
8111,79.5
2892,38.7
00663L,114.2
6693,214.5
6538,368.0
2884,45.0
006208,258.75
00918,34.03
2498,43.25
6209,82.0
3265,191.0
5425,95.3
3543,49.85
00878,35.09
00992A,18.92
5475,183.0
1597,148.0
2049,337.0
8069,146.0
1802,58.4
00929,29.4
4749,767.0
1590,1210.0
00405A,9.36
2455,556.0
00927,40.07
8227,370.5
2034,24.05
6727,495.0
00407A,10.18
8040,99.4
3163,648.0
5234,317.5
4576,236.5
7751,1545.0
6271,230.5
00935,61.55
00673R,10.89
4906,40.9
1519,700.0
6133,28.45
1314,8.86
3675,333.0
00881,52.7
2885,69.0
2467,553.0
6291,502.0
8050,64.2
2305,70.5
1101,25.5
2451,288.5
2615,113.0
6443,28.45
4770,280.0
00679B,24.75
00675L,346.05
6415,410.5
6197,325.5
4971,547.0
3715,125.0
3701,45.9
6282,43.8
2371,30.0
7822,1000.0
6944,785.0
00400A,15.71
3374,457.5
6285,237.0
6664,378.0
7828,1905.0
00830,88.85
00982A,23.23
6438,166.5
00713,62.95
6451,420.0
7717,607.0
00409A,10.12
6120,14.35
2061,59.8
3702,114.0
6830,536.0
6166,135.0
4977,171.0
6425,78.7
2356,59.9
00712,7.54
6214,184.5
6532,118.5
2441,126.0
8103,119.0
2880,45.55
6217,173.5
6244,24.65
2027,47.5
6155,64.0
00708L,72.15
8096,89.1
8021,485.5
00891,37.88
2363,59.3
3645,74.0
4540,62.8
2354,66.0
2241,46.2
2886,49.35
6179,35.95
4566,74.0
3518,41.1
3013,87.1
2801,27.65
2316,165.0
6640,1055.0
4739,87.1
6168,46.55
5009,33.0
2377,151.5
2542,38.25
6834,113.0
8147,158.0
00984D,9.74
7788,292.0
7711,554.0
6781,1030.0
1513,168.5
3550,26.25
6603,29.05
1617,23.95
3615,45.8
2020,26.7
2890,44.45
00637L,18.34
6715,449.0
2605,35.5
4979,572.0
00953B,9.5
4763,47.7
1773,170.5
3030,279.0
6269,66.5
8155,307.5
6919,80.0
00947,40.62
4904,103.5
4908,209.0
8110,48.65
00687B,25.72
2493,198.0
7734,2730.0
6127,51.6
00965,25.22
00922,43.97
6290,272.0
3380,32.25
1216,73.9
5871,106.5
4967,273.5
3014,141.5
2634,63.6
2033,41.65
1504,69.1
2402,58.8
3234,175.0
6957,371.0
6449,212.5
2399,49.3
2610,20.4
2032,20.25
1528,25.85
4961,179.0
3413,292.5
5269,1480.0
1711,41.1
6937,310.5
5314,28.25
6485,76.0
1595,78.2
00988A,16.82
5243,91.5
1476,272.0
2472,215.5
2834,17.75
4526,33.95
4556,101.5
5880,26.15
7795,496.0
5386,290.0
2855,56.6
1569,64.1
4960,24.2
6831,488.0
6005,32.2
3535,92.3
6949,51.1
00896,27.88
00715L,63.2
2606,73.7
6903,315.0
3376,172.0
8261,176.5
1609,38.6
8112,83.0
3221,51.4
2353,31.7
00990A,15.96
5864,38.4
3706,79.4
3354,32.15
6547,62.2
2254,93.0
6588,110.0
2312,31.2
00720B,30.83
00662,124.25
3019,136.5
2367,43.0
9904,24.8
6190,70.9
9105,8.78
00923,41.88
1409,24.45
6907,187.5
3402,136.0
3551,190.0
2347,95.1
3229,59.4
009829,10.87
3289,142.5
00915,33.18
2369,32.2
6742,56.7
3317,65.0
4764,184.5
2458,136.5
4542,346.0
8215,29.8
6901,16.8
6739,1120.0
00751B,28.89
6122,59.5
3049,12.6
4722,193.5
8033,171.0
00940,13.19
2912,212.5
3090,162.5
7792,419.0
00961,13.25
2421,162.0
4721,83.2
3592,233.0
00795B,24.88
2352,29.55
00888,36.4
3021,28.25
2385,104.5
5904,69.1
6284,76.0
4903,42.5
6016,24.2
00980A,25.7
00934,30.04
3581,117.0
2812,18.85
2474,207.0
6925,73.7
2375,119.0
00933B,14.96
4989,61.0
00692,97.35
3031,31.3
5876,49.05
3691,120.0
6509,49.3
3663,64.4
2478,120.5
00404A,9.92
3311,40.95
3147,246.5
3088,136.0
6206,139.5
3005,116.5
2465,92.3
2332,20.3
00913,52.9
2483,35.75
9921,92.9
2637,96.4
00633L,44.34
3228,181.0
6245,87.9
00735,108.9
2392,41.25
9945,29.65
2359,128.5
8042,112.5
1708,52.3
2302,45.6
2388,71.9
3029,117.5
4916,102.5
00411A,10.6
00865B,48.95
4927,43.95
2439,77.8
00665L,8.75
2527,49.35
5013,38.75
2014,17.15
5328,53.3
6409,889.0
6708,51.7
8271,201.0
2323,10.95
2889,16.55
3022,92.1
2338,47.75
4174,39.2
6205,71.5
4577,89.3
00753L,8.58
8431,66.1
00995A,17.89
6902,158.0
3441,183.0
6221,31.3
1503,196.5
3023,308.0
2428,253.5
2485,40.85
00738U,48.39
3467,75.6
2401,26.6
6231,239.5
00725B,32.89
3060,28.35
00997A,11.68
6530,100.0
2006,85.2
4966,573.0
8043,132.0
6617,139.0
6462,104.0
6227,135.0
6176,91.5
1102,35.35
6579,159.5
1795,178.5
6491,410.0
2233,169.0
009802,20.22
2548,92.2
009821,13.32
6472,426.0
3591,27.65
8240,54.4
00772B,31.19
7728,657.0
00635U,42.96
3577,119.0
1312,14.6
00773B,33.38
3290,50.2
3479,138.5
6435,253.5
6141,52.5
00999A,11.38
6788,350.0
6416,114.0
009826,10.04
7547,63.5
6695,54.7
9939,124.0
009820,10.48
6668,47.7
3357,206.0
8054,87.6
2069,26.45
4912,100.0
7750,1950.0
2444,16.2
6218,62.1
00892,43.47
3066,29.25
6658,181.5
00951,18.22
3362,172.5
6153,18.1
1714,16.05
5388,71.9
2010,22.9
6202,58.7
8016,284.5
9914,67.5
6148,38.2
00680L,5.82
3305,105.5
3490,45.1
6226,45.05
2845,13.2
9958,92.9
3141,85.2
6163,41.55
3138,101.0
00993A,13.9
4545,39.1
1608,36.0
3339,46.6
6548,72.6
6525,136.0
5285,90.2
2009,39.85
5465,33.6
2374,67.1
3033,42.5
1514,103.0
2434,66.2
009803,21.79
2413,51.6
3062,22.55
00985A,23.61
00719B,31.0
8081,253.5
6945,141.5
1721,26.2
3587,240.5
7777,36.3
00764B,25.68
3437,22.8
00981B,8.95
8926,58.4
8105,15.45
6613,274.5
3287,42.25
8201,16.05
5340,81.2
00939,24.15
00402A,10.03
8464,369.5
2915,59.0
1402,28.05
009805,14.97
00646,77.2
00945B,14.19
6651,146.5
00850,96.85
6121,380.0
6138,278.0
6191,83.7
2207,513.0
8454,240.0
8091,221.5
00894,50.35
00909,48.58
1319,78.0
1710,16.7
4923,62.6
00984A,15.75
00877,35.71
00954,19.43
8084,26.85
00642U,30.76
00994A,17.39
8131,62.4
6584,543.0
2476,124.5
2329,44.25
2645,173.0
00670L,210.05
6811,238.0
6667,261.5
00900,19.47
2646,20.1
6405,50.1
6841,57.4
5291,62.0
2727,232.5
2105,30.3
00981D,10.08
5498,51.0
6962,32.3
4915,63.7
6922,224.5
00401A,14.31
8936,52.3
00897,14.18
00887,15.39
6719,184.5
5220,23.25
3227,186.0
3596,154.0
6829,208.5
8121,31.3
1612,35.65
00410A,12.54
2504,30.55
6679,207.0
6568,145.0
00733,71.9
00696B,26.96
00985B,10.05
1718,10.6
5288,187.0
3504,79.9
00996A,14.59
6757,53.9
3718,65.1
00688L,5.8
2850,160.0
2355,41.75
1477,191.0
5469,74.0
2897,10.9
1810,24.2
4755,119.0
6112,47.45
8383,68.2
4968,94.7
00859B,40.65
6550,17.45
00988B,19.09
2393,64.1
5284,301.5
2025,13.85
2328,47.55
2851,47.25
3010,126.0
3236,44.45
009819,9.68
4541,59.6
8182,41.75
3015,55.0
00904,43.7
1584,18.95
00722B,33.1
8436,107.0
6224,80.7
00981T,11.65
7749,392.5
6782,239.5
2419,29.4
009824,10.58
3545,51.2
6477,34.8
3485,209.0
1215,105.0
3135,157.0
1229,39.8
6175,70.8
3059,38.25
3051,23.45
00930,23.84
4949,77.4
8422,25.7
4729,20.65
2520,36.65
00987A,17.42
2201,29.2
9933,40.5
2468,45.7
7744,526.0
6265,48.45
6146,181.5
00650L,15.81
5534,73.2
8438,81.0
8070,50.3
7768,305.0
00905,27.81
00987B,15.31
3294,32.75
3169,116.0
4105,78.4
4973,136.5
00882,14.85
6204,106.0
2495,39.35
1722,41.3
4743,46.0
2457,22.3
00864B,46.21
7827,163.0
2491,41.2
5464,89.8
1582,71.9
8255,146.0
1210,51.6
6799,90.5
3048,51.6
6015,17.85
00857B,21.39
7825,81.6
0053,255.0
8932,93.4
9941,78.4
3444,81.5
4951,91.2
4536,162.5
1310,9.12
2101,29.9
3152,234.5
00963,12.52
9927,70.3
8114,178.0
3689,110.5
00676R,5.21
3041,24.15
4746,47.8
7712,163.0
6712,162.5
1440,13.5
2211,79.1
2029,22.35
2630,46.65
00983A,13.28
4707,29.65
6023,86.1
7730,179.5
3704,40.55
6108,24.85
00998A,16.75
3617,242.5
2633,25.65
3323,29.95
2614,19.0
3712,20.6
4760,263.5
3388,82.4
2031,46.25
3092,25.0
6104,90.7
00990B,9.81
00987D,9.51
00989B,9.84
6177,46.45
4976,35.85
3114,34.3
7631,141.0
00901,48.56
6225,60.9
00762,121.0
00636,26.54
2501,21.15
009823,10.48
00946,15.43
00952,18.53
2636,71.5
2103,27.6
00980D,19.48
2236,107.0
3483,79.0
00664R,1.53
00941,25.87
1808,31.6
3028,63.1
2641,17.35
00983B,14.51
5299,102.5
1713,42.0
2208,19.1
6125,49.85
4195,16.4
6261,79.1
6994,26.05
4147,63.9
6234,39.25
5230,22.2
4142,18.1
009804,24.18
4771,213.0
8931,43.15
6174,45.25
00949,21.89
8289,46.55
00690,83.0
6753,133.0
5515,51.7
8162,66.1
7855,41.4
3430,112.0
00910,57.35
00768B,46.11
00693U,23.65
2543,38.5
3416,163.0
009815,11.96
3709,64.5
1736,129.0
8088,43.4
6885,31.0
5471,52.8
00948B,8.8
3209,45.75
3338,68.1
1905,12.95
00962,15.12
5522,60.9
00955,15.91
8935,19.9
3419,12.05
00907,17.78
00917,22.44
1568,32.7
2349,10.55
8047,51.0
6499,76.3
3694,51.3
6605,137.0
5392,39.85
8104,32.05
6870,322.5
00964,14.81
00876,91.55
00911,56.75
00931B,12.52
7772,176.0
4123,30.85
4303,33.35
00740B,35.91
3217,130.5
00898,12.02
00655L,30.84
2539,33.9
009827,10.29
009800,13.45
00752,22.27
1591,42.1
3312,51.3
2206,62.5
4128,15.15
00989A,17.68
9910,69.1
1231,79.3
6854,94.0
6279,112.0
6215,97.8
2612,61.4
9917,106.0
8109,135.0
5321,67.5
6698,33.5
00924,33.74
2023,13.75
2348,70.6
00757,143.3
2515,11.9
00668,60.0
4766,342.0
00652,31.2
6412,74.7
3623,29.6
0055,49.49
3213,125.0
00893,45.78
6156,21.6
3346,23.9
2820,16.85
009801,11.65
6589,52.5
00950B,13.15
00724B,31.6
1529,15.9
3178,69.9
5608,16.8
8163,30.35
4127,46.6
2497,44.7
6840,99.7
6869,71.2
7740,104.0
3466,23.75
7714,163.5
4563,50.3
1536,46.7
2429,30.5
6189,50.0
1623,201.5
6546,60.0
1904,24.45
3708,98.5
2072,132.0
6761,165.0
2617,31.35
6541,31.05
00731,98.1
3372,16.75
5481,22.05
9925,39.45
6275,47.4
6863,95.6
6716,115.5
5292,220.0
1342,99.9
8473,39.5
6725,219.5
6690,177.0
6026,16.1
4909,36.15
3004,118.5
6670,272.5
2405,15.3
8213,33.3
6188,62.0
5202,14.1
4510,43.9
6432,60.1
2427,23.35
8074,51.5
2104,10.85
8234,62.4
4585,290.5
3306,48.4
1907,28.3
6243,39.5
2331,18.95
2362,46.9
8083,156.0
00938,27.04
4934,14.75
6741,55.2
2905,18.25
7810,230.5
6150,63.3
00714,20.63
2597,168.0
6592,57.1
3230,41.4
3703,19.55
9907,14.85
4924,16.5
3552,43.3
3078,46.0
7812,67.0
6117,62.5
6862,137.5
2540,48.05
2038,13.05
5222,106.0
00932,17.52
4167,19.5
4441,170.5
1515,29.6
00858,36.11
3508,26.15
5457,24.05
00969B,7.5
3594,47.1
9802,64.5
1304,12.4
1447,6.65
6909,42.6
4532,24.85
00959B,8.77
00984B,15.21
4736,129.5
00980B,8.83
1707,86.2
5508,52.9
6118,16.25
00730,29.66
6411,77.5
4716,16.95
6419,153.5
2017,9.18
7556,267.0
6263,158.0
3003,60.0
7765,236.5
1442,26.9
2425,37.7
00697B,34.0
00770,65.25
9911,81.7
6292,67.0
1909,10.15
1308,14.2
1558,112.0
2365,28.3
3002,19.2
006205,39.28
7402,100.0
1307,31.05
8415,35.3
3526,271.0
00694B,41.67
2536,19.15
6894,366.0
1434,18.05
00985D,9.48
2546,105.5
2231,92.8
4953,117.0
6492,34.25
2838,20.7
3588,54.1
4114,29.45
5381,23.65
2480,160.0
6689,64.3
00908,14.51
5426,28.15
4549,96.3
6561,309.5
00982D,9.34
00968B,8.64
7703,203.0
00408A,10.56
6469,64.6
5511,69.4
3515,212.0
6642,81.8
5530,48.5
1444,7.0
8076,21.65
1313,12.15
7821,35.7
1459,16.5
8249,39.6
6208,75.8
5493,91.3
6743,31.5
7780,16.1
4571,154.0
4534,31.2
009812,13.06
6913,129.0
6237,36.65
00681R,22.83
8390,90.0
5432,161.5
6165,49.6
2204,52.4
8937,24.8
6732,152.0
3025,52.9
00746B,33.3
009810,21.33
00785B,32.76
2258,31.3
00972,21.61
00936,21.54
9938,38.1
1472,88.6
4741,41.0
1723,80.8
2247,224.5
6235,39.2
00928,33.71
0051,148.85
4533,25.6
5011,19.0
6152,15.2
4590,88.9
6965,63.2
3093,44.75
4561,42.25
8374,77.1
2460,30.2
00885,18.01
6558,25.3
1732,26.15
3356,66.2
6535,81.9
5209,168.0
00944,22.0
4416,13.65
1316,10.6
7715,28.3
7805,493.5
6803,267.0
5201,29.85
2028,16.9
1437,32.1
6953,242.0
2838A,52.6
6914,119.5
1618,38.7
6233,22.3
1786,43.2
6103,38.0
1256,167.5
2397,63.2
6126,30.9
00678,43.72
00983D,9.59
5210,30.5
4569,157.5
6180,40.85
1611,11.45
00686R,0.93
1563,76.0
1227,28.1
2707,175.5
5245,20.45
3628,73.2
3047,14.7
5263,89.4
009809,18.69
00657,78.75
6140,20.25
2816,40.35
2903,22.05
2417,38.95
6596,97.3
2908,21.95
006201,46.75
5607,52.1
1309,13.8
009807,17.79
2535,89.2
3032,78.3
7704,61.7
6186,29.0
3548,77.3
5521,10.6
00970B,8.7
5272,17.9
5258,41.65
00728,70.65
3705,56.4
6143,81.3
5902,34.7
00695B,33.72
00942B,13.19
2607,53.4
8446,84.4
2731,143.5
2883B,8.54
5474,160.0
6151,34.75
6523,91.8
9955,22.95
4119,55.3
2387,36.45
6890,148.0
00903,21.83
6164,12.6
2108,28.35
3556,58.4
2753,179.5
3390,22.55
2107,27.0
6873,68.2
6906,82.8
3630,26.85
1731,20.9
5538,36.25
3360,15.4
6877,126.5
2913,11.05
2530,20.0
4169,149.0
4952,49.55
00895,51.8
3622,45.4
2243,51.2
6115,43.9
00902,12.44
3297,33.1
6161,50.6
4560,29.4
009813,11.51
2611,14.3
6684,50.5
3218,134.0
3564,51.0
3056,13.8
3050,11.85
5203,58.5
00966B,13.0
00852L,33.0
4164,27.25
00661,86.25
1438,21.0
6872,23.8
00861,88.9
2887E,48.4
3570,168.0
3054,59.0
1232,154.0
1712,39.8
3558,123.5
3024,14.2
4564,16.25
6517,63.4
4162,55.9
3528,84.9
3631,40.65
8341,74.6
2887I,9.52
6277,77.1
009818,21.15
2106,16.55
3567,26.1
00739,26.7
4580,82.0
00706L,19.43
2453,53.7
4107,110.5
4714,11.95
5452,27.25
1522,26.65
3686,15.85
4720,19.35
2461,17.45
5512,7.67
8478,140.0
8499,260.0
2547,9.81
2596,35.3
00991B,14.32
6598,26.95
6021,41.7
3303,48.6
6142,9.1
2887F,45.55
6983,345.0
4583,431.0
1321,32.4
2015,63.6
6441,24.65
3555,170.0
3685,34.6
9930,60.3
2836,12.05
7786,119.5
3130,209.0
2442,14.4
3207,38.8
00847B,23.41
8097,48.75
00960,22.36
2423,71.9
2109,14.25
4138,55.1
00863B,29.39
00912,36.55
4744,29.1
00701,41.65
7757,90.2
1903,47.6
00645,57.75
8045,53.8
00643,17.29
5438,17.4
6908,26.5
006207,31.17
6024,60.3
6283,19.35
009817,8.79
6129,14.9
6170,48.8
7722,260.0
00639,15.25
5468,25.3
1532,22.35
6875,31.4
5484,39.4
8432,50.9
3546,72.6
2420,54.2
5704,22.6
3501,37.55
6823,62.2
9942,114.5
5529,26.5
6756,98.7
6171,26.85
1305,12.2
3046,53.9
6768,62.8
6266,24.9
6763,41.1
3537,53.2
4157,8.73
6967,68.0
3176,37.55
6776,52.7
00921,23.56
5609,78.3
2545,34.25
6674,18.3
2471,51.4
6272,25.7
6203,60.2
5225,55.2
8044,24.1
2832,57.1
1464,9.99
6947,67.8
1565,96.4
0057,336.4
00870B,26.15
2505,17.05
2488,49.05
3027,18.85
1325,25.8
1436,35.5
009811,13.5
2511,8.34
6657,32.5
2537,11.3
6703,99.8
2364,64.8
3038,20.5
009814,11.4
6465,41.45
7689,158.5
1537,114.5
1466,14.75
8099,59.7
4552,15.65
2065,35.5
5531,6.85
8059,17.1
7709,87.8
2852,27.75
3322,11.2
006203,202.7
6192,110.0
2070,63.3
6136,25.0
1104,26.65
1760,54.3
1524,25.95
6494,51.5
00986D,13.89
2887Z1,22.65
5007,56.0
9934,9.88
4503,23.9
2414,53.2
2459,64.9
8222,35.4
9940,20.05
00867B,28.27
6838,25.7
4417,50.1
9943,50.1
7803,17.7
4562,30.2
00763U,34.7
6585,103.5
1201,11.55
6230,113.0
5903,186.5
8038,32.9
5016,25.4
1103,13.1
00920,24.91
2923,25.3
4104,72.4
2482,16.45
3669,32.9
5227,31.0
2723,77.3
1218,14.5
8011,15.95
4974,71.0
5410,33.2
6785,96.3
8071,22.0
4543,29.3
4550,24.5
6969,30.95
6216,19.85
8171,20.5
8442,45.3
3257,49.55
2613,22.1
8072,27.85
00653L,41.1
5490,25.55
6654,203.0
1410,24.15
00717,14.45
8942,40.35
6612,72.0
6794,71.8
009808,32.33
2849,15.9
5228,39.95
5312,89.9
6735,65.7
00781B,25.73
3679,108.5
1784,60.8
8068,17.65
6270,30.3
6934,74.4
3607,13.75
9949,24.05
3158,84.9
00756B,29.03
1414,17.4
4155,14.6
4306,14.6
3611,183.5
1604,23.45
2702,12.35
00799B,27.53
00956,13.44
4946,100.0
1720,56.0
3710,8.45
2752,177.0
8404,13.4
2477,23.15
3268,21.45
6134,29.3
1268,175.5
1540,19.4
009822,9.44
8476,20.0
009825,9.74
6220,25.2
4557,50.3
8048,50.3
1455,9.78
6771,42.5
4438,56.6
1737,30.0
2524,34.65
00647L,138.0
2102,16.5
00842B,28.28
00674R,29.28
7736,68.2
0061,23.36
1338,14.8
3489,23.15
4139,42.35
5014,10.3
1526,14.8
2516,15.35
5206,22.7
6887,37.75
1110,14.6
6821,41.25
3071,23.05
7738,156.5
9908,28.95
3226,60.1
3011,10.1
4137,77.2
9960,40.6
7820,110.0
9919,13.75
1734,32.0
6720,128.0
6418,34.55
5488,11.85
1446,13.5
4555,42.0
4106,24.35
6923,75.1
4129,83.4
1614,31.25
3447,27.7
2013,41.5
6101,37.2
6625,73.6
6895,147.0
6988,11.4
1506,9.57
2739,36.35
6577,80.0
6570,47.8
2462,19.9
6504,37.2
3308,22.7
3484,46.9
5706,43.85
5450,14.9
2438,20.0
2237,26.85
1603,30.3
6185,12.4
1517,10.45
8089,19.15
6928,45.9
4205,68.5
2440,14.25
2704,45.45
5244,35.8
3716,34.0
6996,169.5
1789,18.8
00734B,14.87
9946,17.05
2608,28.6
1337,4.47
00782B,28.37
6666,45.7
4419,49.0
8462,158.5
3434,31.55
2887G,44.5
4113,15.55
1217,9.94
6573,16.2
1522A,51.2
6591,43.4
9103,5.0
5519,25.1
1817,40.1
5251,30.0
6527,75.0
1473,19.3
3520,17.0
3530,59.0
5344,13.5
3040,34.0
2881C,51.8
5302,9.8
8049,24.6
6111,37.7
7823,80.0
2705,15.1
1449,12.4
2538,8.71
9905,21.3
1598,20.4
5489,42.35
6158,17.2
6183,91.6
4568,39.15
5287,136.5
4126,77.8
5236,136.0
00640L,107.5
9924,38.15
00926,26.6
4108,11.3
5283,52.8
1234,32.95
6924,131.5
00710B,18.55
6123,43.15
1799,28.7
1336,17.15
7718,46.7
00875,57.0
2063,23.25
9935,18.25
00651R,5.37
3276,14.1
00788B,28.02
1535,45.7
4807,29.25
8085,14.5
1527,32.75
3541,24.5
1264,244.5
5905,7.36
1203,44.1
2891C,60.5
4171,16.55
3540,22.85
1616,18.45
4554,28.2
1725,34.15
6574,119.0
3321,18.25
2887H,43.1
8349,39.5
00957B,12.47
2751,52.6
2729,156.0
3527,51.8
4582,22.2
6294,28.95
4905,76.8
5324,12.4
6281,50.9
1533,30.5
4513,16.3
2534,16.9
6534,90.9
2390,10.25
2114,89.6
4942,31.9
8924,49.45
6855,111.0
00711B,14.78
2433,40.1
4414,8.16
6986,44.0
4131,31.0
8429,5.86
8927,18.8
6881,214.5
020020,30.55
1439,28.5
1615,42.7
2745,85.0
8938,53.0
2450,28.25
1295,47.0
6697,41.65
3310,69.2
2901,24.4
1586,18.0
8277,15.25
6417,102.5
2528,19.5
00980T,12.04
6229,24.0
8284,68.0
1460,6.27
2431,10.15
2227,44.85
5871A,100.0
1108,11.1
6791,99.2
4935,33.05
6609,39.45
3511,19.65
6474,35.65
911868,1.16
4747,23.0
7760,32.5
4439,97.4
6113,22.7
8440,20.3
2415,27.45
6259,29.5
4523,23.95
6240,25.5
3086,27.25
4754,37.9
4933,53.6
2906,13.35
7721,62.0
00982B,9.07
3438,61.8
1806,7.97
2248,61.0
1467,8.1
2022,7.29
00779B,25.87
6109,10.65
2722,21.2
00848B,32.4
6982,44.5
4506,118.0
1468,13.1
5525,21.95
3188,23.4
6552,25.0
00727B,38.88
5353,28.55
6167,10.3
00791B,56.1
5310,28.0
6921,67.0
5356,25.6
1109,13.3
4178,16.6
00741B,36.76
4994,82.5
6581,108.5
00671R,2.36
3128,20.2
6486,80.7
00916,26.88
3522,12.35
6576,79.5
6578,16.45
1805,10.05
9136,9.12
2748,38.75
3259,10.65
3597,27.9
6114,23.6
2230,21.8
8403,19.0
3043,20.25
1471,9.44
6508,27.45
7818,59.9
00638R,6.96
8024,12.45
1702,33.0
9926,49.1
3058,8.17
3284,19.6
5478,97.4
6754,41.6
00641R,3.66
3288,20.65
8916,41.0
00761B,31.87
4109,11.0
6955,95.2
8487,71.2
2939,20.3
2250,56.8
2380,16.7
8411,11.8
6874,70.6
00986A,14.82
6184,40.2
4737,55.8
5403,92.9
6733,25.3
9902,13.2
6219,12.05
00660,46.16
7791,55.3
6506,18.4
1315,68.7
8176,9.78
7642,68.1
6228,19.45
4163,135.0
2012,14.2
2924,16.8
00958B,8.64
7705,29.75
5306,89.0
8093,24.0
6790,37.7
1419,65.9
4166,23.9
5278,23.9
6796,52.5
4111,28.8
6423,86.3
00853B,25.5
3168,42.2
4702,9.35
2616,13.25
4726,22.75
2643,62.4
7743,24.5
9944,17.15
8466,15.0
2945,39.85
2762,79.5
1451,17.0
1587,23.8
3122,23.8
6961,47.6
1733,29.7
5015,21.45
1417,8.1
1235,33.55
6931,39.0
1323,21.2
1443,23.3
00971,17.82
8421,12.85
5487,28.75
3052,10.45
3164,16.35
1219,11.4
5215,37.8
5315,18.9
5907,4.81
2002A,37.45
00834B,32.08
00703,18.69
2007,6.98
1225,24.8
1752,31.5
2062,18.15
5355,7.02
1340,5.23
00967B,8.53
8435,53.0
4188,14.1
3609,23.2
2239,18.9
7770,41.5
4745,12.1
1259,67.8
6498,67.4
8401,22.45
6804,18.3
3666,25.15
5460,16.75
5547,20.05
6899,49.9
1294,49.75
4116,39.8
7814,28.4
4432,15.25
3252,15.2
7835,19.7
3266,14.0
5533,13.95
7842,97.6
00634R,3.25
00884B,27.5
5701,4.01
5345,21.05
3625,11.05
1457,14.4
3224,31.0
2008,30.9
8034,20.45
2740,30.35
8087,22.6
4907,45.0
6792,60.0
8032,35.8
3325,11.9
2897B,11.85
6614,35.55
4999,17.75
4121,12.65
6431,17.65
00899,22.05
2514,11.6
8930,28.7
9918,42.9
1539,15.5
00982T,15.48
6248,17.0
8080,27.8
4426,7.57
2115,23.75
3296,27.6
7723,18.3
4102,18.25
00737,40.93
2430,18.05
5548,20.15
6910,26.8
4304,17.65
8933,4.4
2373,52.7
912000,2.49
9962,10.25
1730,51.2
3499,13.75
4995,50.3
6606,25.05
00890B,30.01
1474,10.0
2228,75.0
4154,12.5
00771,14.96
8291,29.9
3191,16.5
1777,74.0
7713,74.0
5212,48.9
1626,9.7
4420,35.8
1423,35.5
7753,35.4
1445,10.1
1531,11.75
4572,140.0
6958,17.35
6951,69.2
2754,69.1
3557,22.95
3713,13.7
3379,27.35
1312A,22.65
6590,66.2
1453,10.95
4161,21.9
4168,21.65
1788,128.5
6470,42.35
4153,31.65
8463,21.1
00943,21.08
3272,14.05
5213,20.75
4401,13.75
1735,20.5
2706,12.2
8354,17.3
1441,10.05
3687,60.1
1432,15.0
6859,120.0
3115,8.45
4160,39.1
00702,23.4
8107,11.7
4207,19.35
6128,19.25
3492,19.05
00654R,7.13
4911,28.4
6516,56.5
6671,22.55
1233,27.95
8410,27.95
00849B,37.25
1783,37.05
00683L,22.21
8917,55.5
2938,18.45
006206,36.77
4588,55.1
4402,13.75
4735,36.3
6241,15.55
9937,54.4
2743,54.0
1530,26.95
3593,10.75
1906,10.7
4442,53.5
00780B,35.33
3313,10.5
2701,10.3
3073,20.55
7819,34.25
2911,6.04
6680,51.3
6629,102.5
8092,12.7
2642,20.2
2506,8.41
3095,33.5
2509,14.3
6160,14.1
00648R,3.92
4711,16.3
1580,97.6
6752,97.6
6722,32.5
1220,10.8
6730,32.0
8482,48.0
1583,47.45
2910,23.65
00726B,31.15
6582,31.1
6246,13.2
9912,13.2
4120,46.1
6569,92.1
1416,11.45
8928,22.8
3150,15.15
1776,18.15
6751,44.5
00749B,29.61
2926,29.5
8067,12.5
1452,10.9
1796,29.0
1101B,43.4
6195,28.3
8477,14.1
1339,42.2
6641,16.75
2929,5.91
5543,27.2
3373,16.05
00709,39.49
8279,78.8
4950,15.6
6222,19.5
6952,38.8
1726,76.4
6464,76.3
1236,25.4
2904,12.55
3432,14.85
00856B,37.0
6918,74.0
8472,73.9
1456,14.7
7811,73.5
00851,72.75
6461,24.1
1470,24.05
4433,18.0
5205,18.0
3018,11.95
00669R,5.38
4440,17.45
1599,23.2
1762,34.1
4558,17.0
3652,33.85
00700,16.75
6615,33.4
2024,12.8
8929,12.8
6807,31.9
1525,63.7
5604,31.2
6835,31.15
6884,31.0
9950,10.2
00754B,30.33
00787B,30.29
2882A,60.2
1341,60.0
3349,19.95
6846,59.2
2882B,58.6
1465,11.6
8906,28.8
3512,19.15
2736,11.3
6916,18.7
2235,28.0
6124,27.85
1418,18.5
1413,9.2
2496,55.1
5276,18.25
6637,54.4
1742,17.85
3684,53.4
9928,17.8
8433,53.2
2035,26.5
1463,17.6
4173,17.05
5364,8.45
2073,25.25
1780,25.05
6616,8.21
2836A,23.95
4581,47.7
3521,11.8
8112A,45.75
3083,22.75
8940,15.05
6201,44.8
2314,11.1
7839,43.2
3494,7.11
5398,14.05
3232,21.0
4133,20.5
8426,20.3
2712,13.45
2726,8.05
8367,40.05
020025,40.0
8908,40.0
1516,13.2
6624,39.45
6843,39.05
6645,12.95
5878,38.0
00860B,37.71
1454,12.5
2948,37.4
4584,37.0
1512,6.16
4538,17.4
9931,34.3
8921,16.8
7732,33.5
9929,11.15
5348,16.35
4972,16.3
6936,32.25
1593,31.7
3118,31.6
00656R,6.15
8437,10.25
6194,30.5
4406,10.1
1324,10.05
3465,29.65
00792B,29.17
3523,14.55
3632,7.19
910861,4.77
00723B,28.34
2432,27.65
5603,13.4
1475,25.85
1521,25.6
3516,25.0
3646,25.0
2424,8.17
911608,2.7
3672,12.1
6130,23.8
910322,23.45
5223,23.1
1435,22.3
6929,22.1
6958A,22.0
4413,21.4
4943,6.98
6020,20.7
5211,20.4
6198,20.05
2719,19.75
6236,19.05
6264,6.04
8923,18.0
3057,16.25
4930,15.85
8066,15.5
4528,15.1
2734,14.4
5546,14.1
5516,12.0
8443,11.15
00666R,9.38
2067,5.39
8444,4.35
0054,28.25
0058,43.71
0059,42.85
006204,237.2
00625K,8.33
00636K,8.2
00643K,3.74
00649,19.12
00657K,24.11
00658L,37.0
00659R,11.21
00667,20.79
00668K,18.84
00672L,0.75
00677U,1.48
00682U,20.79
00684R,14.81
00687C,8.7
00689R,23.86
00691R,10.46
00704L,18.84
00705R,19.03
00707R,31.9
00716R,13.96
00718B,19.05
00721B,48.06
00729R,20.56
00732,40.74
00736,31.61
00742,22.2
00743,24.2
00744B,42.35
00745B,42.04
00747B,51.85
00748B,42.52
00750B,30.6
00755B,30.54
00758B,48.54
00759B,50.8
00760B,50.5
00765B,38.72
00766L,11.92
00767,17.4
00769B,60.3
00774B,40.85
00774C,9.12
00775B,29.83
00776,20.78
00777B,30.09
00778B,31.86
00783,26.85
00784B,39.32
00786B,30.7
00789B,44.41
00790B,53.2
00793B,29.55
00794B,39.82
00796B,41.84
00797B,41.36
00798B,42.65
008201,101.2
00831B,41.42
00832B,42.92
00833B,43.87
00835B,45.16
00836B,26.43
00837B,37.64
00838B,40.38
00839B,41.85
00840B,27.68
00841B,26.43
00843B,40.37
00844B,29.39
00845B,31.57
00846B,34.07
00854B,41.86
00855B,38.6
00862B,29.25
00866,21.84
00868B,36.17
00869B,36.69
00872B,37.13
00873B,37.28
00874B,38.04
00883B,30.98
00886,49.48
00906,11.95
00925,16.1
009806,13.69
00986B,9.26
020000,32.83
020001,28.63
020002,11.12
020003,15.89
020004,33.28
020005,19.35
020006,32.05
020007,41.23
020008,13.31
020009,26.67
020010,13.56
020011,16.4
020012,24.05
020013,14.84
020014,6.3
020015,18.69
020016,28.32
020018,24.94
020019,21.59
02001B,8.75
020021,4.42
020022,7.62
020023,7.2
020024,5.94
020026,6.37
020027,10.65
02002L,7.38
02003L,4.34
1213,7.29
1240,53.8
1258,26.85
1262,34.9
1333,1.44
1507,64.8
1538,8.3
1541,21.0
1566,19.65
1570,33.0
1589,5.54
1592,2.57
1701,21.15
1724,15.6
1781,9.99
1787,26.15
1813,11.3
1902,20.65
2064,11.9
2066,52.7
2321,25.0
2348A,38.6
2358,4.56
2443,3.57
2448,41.4
2456,94.6
2499,4.12
2601,5.91
2640,158.5
2718,40.65
2724,13.1
2732,64.4
2755,99.0
2756,62.5
2809,56.6
2823,30.55
2841,2.68
2867,9.7
2881A,61.4
2881B,60.9
2888,11.8
2888A,36.5
2888B,36.8
2891B,61.9
2916,40.55
2928,31.85
2936,40.35
2937,44.7
2941,32.15
2947,60.4
2949,64.0
3036A,52.0
3064,17.2
3067,16.9
3085,11.4
3089,81.0
3144,38.2
3171,58.3
3202,3.96
3205,46.75
3206,34.55
3285,41.6
3332,61.5
3383,1.7
3426,47.8
3452,1.47
3454,99.4
3531,21.25
3536,2.92
3562,14.8
3629,17.3
3642,3.87
3664,8.86
3682,7.47
3698,22.25
4130,26.7
4141,26.1
4144,26.9
4148,31.95
4152,99.6
4175,50.5
4180,70.9
4183,13.95
4190,25.05
4192,18.45
4198,49.9
4305,41.75
4429,40.8
4430,17.8
4502,15.7
4527,40.9
4529,3.33
4530,24.2
4535,26.8
4609,4.25
4706,33.85
4712,2.85
4725,17.9
4728,399.5
4767,28.3
4803,3.6
4804,3.27
4806,10.4
4944,11.6
4945,76.1
4947,228.5
4987,81.6
5102,24.65
5259,7.86
5264,87.1
5281,15.8
5301,4.99
5304,3.32
5305,42.3
5349,25.4
5371,83.5
5383,41.5
5455,30.7
5514,15.1
5520,83.2
5523,30.35
5601,28.9
5703,13.9
5820,11.7
5906,40.9
6028,98.8
6131,5.18
6144,12.55
6154,14.15
6169,12.0
6172,20.1
6210,17.75
6212,33.65
6238,179.5
6242,34.1
6247,15.45
6251,20.3
6276,19.45
6287,8.89
6288,20.95
6289,1.35
6404,4.64
6452,56.6
6457,62.1
6482,23.35
6496,23.5
6497,5.66
6512,20.25
6514,50.8
6542,41.0
6556,61.9
6560,32.4
6592A,96.8
6592B,95.5
6593,32.25
6594,31.3
6597,68.5
6649,36.8
6655,124.5
6661,16.2
6662,28.5
6692,23.2
6721,50.0
6728,108.0
6747,199.0
6762,159.0
6767,24.45
6806,3.51
6844,57.4
6856,41.8
6865,28.0
6904,121.5
6950,34.35
6968,41.55
6971,23.7
6997,68.0
7584,28.95
7708,91.9
7716,23.9
7747,111.0
7767,46.2
7782,24.95
7794,30.25
8077,43.4
8101,10.7
8102,59.5
8183,28.2
8272,65.5
8287,0.73
8342,83.5
8349A,45.35
8406,278.5
8409,18.0
8416,169.0
8418,8.95
8420,40.6
8423,18.05
8424,70.0
8427,74.9
8450,14.4
8455,22.1
8467,88.0
8480,84.6
8481,40.7
8488,9.8
8489,22.25
8497,65.5
8905,35.15
8913,13.3
8934,36.1
8941,44.0
910482,0.25
9110,2.85
911616,0.48
911619,0.11
911622,3.6
912398,5.15
9157,0.86
9188,3.47
9906,39.3
9941A,48.8
9951,47.1
```

