# 收盤價 MD
# T:2026-09-14 04:42

## [CLOSE]
```csv
代號,收盤價
2330,2410.0
2454,4585.0
2308,1620.0
2327,544.0
2408,493.0
3661,3650.0
2492,311.5
6173,290.0
2303,140.5
2409,30.2
3711,618.0
2344,171.5
3008,6660.0
3406,1060.0
1303,234.5
3026,744.0
3037,977.0
0050,107.7
00631L,35.98
6770,70.7
4958,495.0
8299,1990.0
6213,509.0
3443,6120.0
3624,124.5
3231,185.5
3374,463.5
3081,2810.0
3017,3370.0
8358,485.0
8046,1080.0
3189,822.0
8996,1330.0
3481,47.7
2345,1885.0
3105,437.5
6274,1365.0
8039,272.0
3006,290.5
2317,248.0
2301,277.0
1815,127.5
2383,5365.0
2357,924.0
2426,97.1
2360,2160.0
2609,59.4
00685L,11.84
6505,83.6
6147,181.0
2449,263.0
2368,1030.0
2059,12080.0
00981A,29.44
2481,150.0
6488,902.0
3653,5765.0
6223,5620.0
3441,166.0
6531,988.0
6669,2310.0
6510,3480.0
5274,17885.0
00919,32.48
3167,828.0
2382,336.5
6442,1670.0
6239,273.0
3665,1875.0
2338,47.75
6446,1280.0
2049,359.0
2615,112.0
3532,423.0
1560,790.0
6515,6890.0
2395,674.0
3529,2580.0
7769,6310.0
5386,318.0
00918,35.34
3491,1415.0
2337,119.0
00406A,9.44
2305,41.05
00632R,9.91
6182,104.5
2884,46.3
3016,109.5
6805,2150.0
6739,1270.0
2412,140.5
3260,402.5
2464,188.5
6139,709.0
2603,234.5
2313,221.5
6187,1250.0
4939,82.4
8150,86.7
2886,51.7
4991,448.5
3055,154.5
2887,42.65
009816,15.88
2882,110.5
2883,37.85
5289,1295.0
3363,681.0
6834,108.0
3533,1580.0
4908,237.5
2881,148.5
3362,179.5
2891,67.1
6209,80.0
3264,230.5
2404,1005.0
1590,1285.0
00929,28.62
8033,172.5
5475,175.0
2890,43.7
5347,157.5
6426,302.0
2379,704.0
00403A,10.17
2892,38.9
3324,1360.0
8227,239.0
3044,508.0
5483,176.0
3034,547.0
1326,70.2
2377,149.0
2324,37.8
8064,115.0
6290,258.0
0056,55.3
8042,113.0
6226,30.0
2885,70.0
00673R,10.06
00881,49.96
7734,2580.0
2376,349.0
2354,65.7
5351,108.5
00878,34.0
3163,670.0
00712,8.38
3293,693.0
2634,63.8
3376,183.0
2801,27.9
3042,176.0
6672,292.0
7610,1975.0
6257,211.5
00715L,70.65
6196,511.0
2221,95.4
2027,46.5
4979,531.0
7750,1995.0
00991A,17.36
4576,242.0
2486,237.5
0052,62.55
3450,512.0
6415,401.0
3706,80.1
2455,515.0
4971,550.0
4967,280.5
3693,663.0
00663L,103.55
2880,45.85
6861,214.5
2351,234.0
6706,137.5
3702,106.5
3680,510.0
1301,64.6
5314,42.15
6179,35.75
3029,116.5
5880,27.2
3036,191.0
6451,409.5
2618,42.35
00935,58.55
6949,53.0
3090,163.0
00937B,14.11
7795,507.0
2834,18.0
6291,478.0
4977,175.0
2637,101.0
3045,121.0
6683,1290.0
1802,58.2
00896,27.92
7717,517.0
3455,233.5
6919,79.5
3131,2325.0
4749,721.0
3211,362.0
2467,552.0
00708L,78.35
2356,62.0
3498,192.0
6830,551.0
4931,234.0
8210,900.0
3605,122.5
2451,276.5
1709,36.2
00675L,313.7
5269,1315.0
3035,169.5
00400A,14.8
8028,225.5
1216,75.0
4938,91.0
2428,255.0
2812,19.5
2605,36.5
5340,85.9
1519,712.0
6285,222.5
6789,446.0
00891,35.24
00992A,17.87
3234,187.5
7788,286.5
6207,112.0
7799,414.5
6227,127.5
009828,9.45
006208,246.1
00679B,25.26
8112,84.6
2472,213.5
2002,18.9
8069,146.0
7828,1975.0
00961,13.36
6271,220.0
3229,67.5
6727,507.0
5425,86.1
00927,37.07
9921,87.6
00637L,19.42
6547,58.8
2489,36.9
3583,704.0
6116,14.1
6640,1170.0
8021,418.5
5536,836.0
8111,71.7
1605,37.4
3714,61.7
6449,217.0
00405A,8.59
2421,164.5
9914,69.7
6217,165.0
5871,111.5
6278,186.5
2606,76.5
009803,21.76
1785,95.9
6214,188.5
8103,113.0
00738U,50.55
3141,90.8
5439,249.5
00982A,22.37
3715,123.0
3413,279.5
5904,72.3
00713,63.85
1409,24.45
3019,137.5
3515,207.0
00953B,9.51
5328,56.5
6831,567.0
00662,118.4
1101,24.5
6538,368.0
1312,14.35
2375,118.5
6414,370.0
1717,70.9
3718,63.1
5876,48.65
6409,861.0
00830,81.35
2645,173.0
6265,48.75
00687B,26.59
8096,90.7
3149,62.3
2474,204.0
6197,300.0
6416,115.5
1504,69.5
6781,1005.0
2478,118.5
6199,98.4
3707,59.2
2359,128.0
6907,180.0
6715,321.5
6224,87.5
1714,15.35
2441,111.5
4904,105.5
2353,31.1
2889,16.75
2542,46.5
00751B,29.82
4556,94.6
00988A,15.96
00407A,9.55
8271,206.0
00404A,9.82
4919,112.5
2851,47.15
2610,20.4
6584,567.0
00642U,33.49
8043,136.0
00635U,44.76
8261,162.0
6944,690.0
7751,1425.0
2413,50.2
8027,167.5
6829,228.0
4915,62.8
6533,232.5
00922,41.83
1402,28.65
3563,659.0
6206,138.0
8086,106.0
1503,202.0
1597,147.0
009829,10.85
6691,609.0
00892,41.41
6121,380.5
00923,39.85
6282,42.75
2912,216.5
9904,24.2
2316,158.0
2484,66.7
00680L,6.19
1513,165.0
6269,66.1
4585,298.0
6526,624.0
2363,50.7
1795,173.5
2436,67.1
2347,89.0
3005,115.5
1722,43.25
5434,527.0
6141,51.0
2312,30.45
009826,9.97
00888,34.04
2466,106.0
00409A,9.63
1476,288.5
1528,21.2
00980A,24.32
2617,33.65
2388,75.2
00999A,11.36
2855,51.9
00947,36.98
6127,47.3
3504,80.7
8926,58.0
2385,105.0
1102,35.3
8155,325.5
4973,138.5
7825,107.5
6472,399.0
9933,41.7
00990A,14.82
00984D,9.79
6667,247.0
6753,134.0
4722,184.0
3357,201.0
5864,34.9
6620,124.0
6693,169.0
4763,48.85
00401A,14.07
4966,528.0
6176,88.9
00735,104.25
8454,241.0
8932,90.6
2845,13.7
3030,263.0
00933B,15.27
1477,196.5
2468,35.8
6643,406.0
3490,41.55
6933,320.0
8016,277.5
4989,60.1
3013,84.7
1569,50.6
4916,94.3
5388,71.7
2493,173.5
4770,231.0
5443,105.5
2465,90.0
9945,28.1
3675,259.0
00720B,31.33
3023,322.0
7711,531.0
3289,132.0
6005,31.5
00795B,25.39
3135,162.5
00670L,194.2
9105,8.59
1718,10.4
00998A,17.68
3704,40.5
2332,19.0
00633L,47.2
8464,371.0
3689,108.5
3265,165.0
1727,89.6
00646,75.85
2374,67.3
2371,27.45
6719,180.0
009802,19.92
5321,75.5
00725B,33.4
00865B,48.57
6937,288.5
6588,107.5
4961,170.0
00940,12.79
00411A,9.72
3596,152.5
00724B,32.13
7714,173.5
4772,234.0
3617,242.5
2458,126.5
00770,67.6
3587,236.0
3236,42.9
2476,118.0
6525,124.5
6664,336.0
2392,42.3
3305,99.9
2820,17.4
3227,181.5
1229,40.7
3176,36.5
00859B,40.94
00962,15.01
00695B,34.06
2009,39.0
4739,78.1
5464,89.1
2399,45.5
3209,44.65
3673,61.7
6456,63.4
4764,215.0
8131,60.3
2633,26.05
3645,68.5
6177,47.5
6491,367.5
5209,172.5
7792,305.5
6530,92.8
6168,29.45
8110,42.15
3022,83.2
9938,38.15
3479,131.0
00934,29.9
4542,262.0
3094,40.9
00981B,9.06
6231,208.5
1215,110.5
1711,38.45
2630,48.0
1609,37.85
2646,20.2
2105,30.4
8040,77.2
00887,15.29
2006,82.5
4906,35.9
0053,241.15
8091,207.0
6548,70.0
00410A,11.84
2069,24.65
7822,834.0
8114,177.5
00665L,8.95
00938,26.51
00915,32.92
009821,14.48
5263,93.0
3033,41.55
5234,287.0
00900,19.52
2367,40.7
5284,297.5
6138,265.0
00985B,10.08
4949,76.5
4541,57.0
6155,55.3
9939,129.5
6690,171.0
2208,19.1
2495,37.45
6191,82.3
2207,530.0
2406,26.4
00753L,8.85
2485,38.55
00951,16.66
6166,112.5
2498,39.95
9910,67.8
3551,169.5
5534,74.0
1514,100.5
3147,221.0
8050,56.1
6016,22.25
3526,268.5
6532,93.2
3032,73.0
5608,16.75
6284,75.5
4551,157.0
7402,100.5
4927,41.3
1707,89.0
2915,56.6
5469,72.3
2369,29.5
1708,48.5
2340,31.65
4768,296.0
00731,97.6
2302,41.0
2352,28.7
00719B,30.83
1808,34.45
3576,16.4
4743,43.9
6605,137.5
00894,46.97
5243,89.6
6190,66.8
9958,90.1
6133,23.55
1319,79.0
4540,58.1
3380,30.75
1309,14.05
9802,64.7
1314,8.12
6788,326.5
00740B,36.73
8383,64.6
00997A,10.88
6112,46.05
3088,124.0
00985A,22.7
7749,349.5
6870,306.5
2103,25.75
6994,29.35
2233,160.5
4760,259.5
2401,24.1
3014,130.5
8422,26.05
00882,14.8
6245,81.3
5498,50.6
2491,39.6
00995A,17.06
00772B,31.85
6150,62.3
5285,82.5
8070,49.0
1810,23.55
8081,247.0
3592,219.5
6435,233.5
6419,151.5
1608,36.2
2636,71.2
2612,64.2
4566,64.9
7744,497.0
00688L,6.17
6903,296.5
6670,275.0
6617,130.0
2206,63.1
00993A,13.14
2355,41.5
00696B,27.52
6215,98.2
8436,106.5
6782,223.5
2439,76.5
00877,37.12
2030,23.5
00955,16.43
2402,54.0
2329,41.6
2254,65.8
6148,31.0
3221,45.6
1515,30.9
00764B,26.49
00924,32.54
2328,46.0
4707,26.15
2014,16.65
8054,80.0
3048,50.2
1710,16.0
00994A,16.69
5607,53.0
00864B,45.83
1773,159.0
9941,80.3
009827,10.03
3010,124.5
2393,62.1
00913,48.51
8431,56.9
00984A,15.37
6218,44.9
5471,51.5
2072,127.0
2323,10.7
2543,37.9
00950B,13.35
2548,94.9
3162,70.6
00989B,9.97
4147,59.8
2201,30.0
00757,137.2
2342,37.7
3628,77.0
5410,32.5
4526,30.3
3691,93.3
3354,29.85
1736,128.5
1904,24.8
00939,23.78
6108,22.15
2061,47.05
3003,57.0
6761,162.0
00954,17.78
3708,95.7
6913,128.5
00945B,14.33
6613,260.0
00909,46.59
00655L,32.79
6716,115.0
4442,55.0
00996A,13.73
1563,76.0
4951,83.1
6441,25.05
4105,77.5
6279,111.0
4903,33.4
3437,18.15
6589,45.3
00930,23.91
2236,123.0
6885,27.1
8255,133.5
4976,36.1
00676R,5.47
3049,12.1
4956,32.05
00981T,11.74
6811,225.5
6689,64.1
009805,14.92
00987D,9.76
5009,32.35
6443,23.2
3059,37.25
1558,108.5
6890,150.0
1723,81.7
00643,17.85
6202,55.2
00942B,13.49
2897,11.0
4417,49.6
3218,134.0
2515,12.0
3219,85.6
3339,44.2
2731,141.0
1210,52.1
00981D,10.2
3217,127.0
1536,47.35
3535,83.7
00402A,9.46
4510,42.75
2838,21.05
00987B,15.55
6462,96.2
00650L,16.24
00876,85.6
00763U,34.23
3416,160.5
6957,231.5
4714,11.7
1440,13.4
3004,118.5
6725,213.0
6125,48.5
6438,148.0
00664R,1.6
00885,18.45
5306,88.5
5288,180.5
6152,15.0
6146,179.0
5309,49.65
6909,43.9
6469,66.1
6679,194.5
6175,69.5
6757,54.2
4755,112.0
6015,16.95
6188,62.6
009824,10.02
4303,36.85
00960,21.94
4577,84.1
3543,42.2
2033,28.4
8473,38.3
9935,18.1
1304,12.35
00987A,16.18
8390,91.2
00905,26.35
00773B,34.09
7777,36.8
2727,229.0
6962,30.4
5258,42.35
6261,75.0
6579,148.0
6192,111.0
00697B,34.63
2211,82.7
6412,73.7
4123,30.25
3577,111.5
2480,157.5
2243,50.0
00692,92.2
3228,165.5
3028,61.7
6668,39.3
00931B,12.77
3545,48.55
2641,17.7
6023,84.9
0055,49.32
3388,81.8
6143,80.9
00722B,33.66
6292,65.2
2539,35.15
2362,47.15
009820,9.77
00701,40.87
6156,20.45
2905,18.5
2527,43.45
7810,219.5
6509,45.05
4766,337.0
2608,28.9
00948B,9.0
00690,78.3
2204,52.8
6863,91.2
6153,17.3
00850,92.1
2723,77.7
009819,9.72
3078,43.95
5291,59.5
2597,169.0
9917,105.5
00746B,33.79
1909,10.45
7805,495.0
7712,145.0
6768,61.5
1712,40.25
6477,33.7
4912,90.0
6712,154.0
8936,50.7
7722,261.5
2547,9.82
6498,65.5
009804,22.95
3581,98.0
3623,27.15
00964,14.86
6163,38.6
3430,103.5
8462,159.5
2425,36.95
4162,54.0
7740,129.0
4953,118.5
3312,47.55
2419,27.05
3346,19.8
2101,30.25
3152,222.0
2457,21.85
4960,20.25
2501,22.15
7772,132.0
3213,121.0
8240,50.5
2540,49.1
00990B,9.9
7786,115.0
6425,61.2
00706L,20.09
00904,40.98
3317,54.5
4534,27.8
3701,39.9
4306,14.7
4590,89.9
7855,42.1
2850,159.0
2442,15.1
6244,22.3
5522,62.6
6840,89.0
3051,21.15
1907,29.05
2832,57.0
6104,90.9
4746,45.25
2420,53.3
6189,46.55
6869,63.5
1809,37.45
00694B,41.48
2530,20.1
00984B,15.46
3230,42.0
6517,63.2
3290,45.55
6561,315.0
6658,167.5
8415,35.55
3685,36.9
6550,9.97
2031,43.95
3694,49.7
1582,70.1
00858,35.41
4583,433.0
9934,9.93
4771,201.5
6120,11.95
2104,10.5
3615,33.85
7765,218.5
3483,76.5
6894,356.0
5392,40.2
2903,22.3
1623,205.5
1336,16.35
5236,131.0
4968,88.2
3062,20.55
4119,58.3
4923,51.7
5474,150.0
4721,72.1
2427,22.4
6651,136.5
8147,130.0
4114,29.5
3402,123.0
8105,14.65
9907,15.1
3622,45.3
2453,52.7
2753,178.0
4736,127.5
009823,10.29
2887I,9.52
1305,12.15
00910,55.4
7827,152.5
8109,127.0
00983A,12.09
1522,25.5
2010,22.05
2520,36.45
1316,10.7
2348,70.3
1313,11.95
4545,32.6
2836,12.3
2504,31.3
4169,145.0
8121,26.45
7709,84.0
6585,103.0
6277,76.3
5457,25.8
00693U,24.0
4536,162.0
3303,48.15
1231,80.1
2444,12.2
2483,30.1
3548,79.4
2816,39.6
5222,103.0
1721,22.4
6225,74.9
6535,75.4
00857B,22.09
4571,150.5
6945,98.5
6243,36.8
3594,45.95
8234,63.5
00941,24.64
8084,43.4
1905,13.2
3709,62.0
3663,58.9
1308,14.3
00921,24.34
3518,28.95
1434,17.8
6021,43.05
009811,13.14
2707,177.5
4560,29.45
6742,45.2
00952,17.8
6803,270.0
4129,81.8
2601,6.54
6205,61.3
8213,32.25
6024,60.7
009800,12.81
3485,193.0
3717,21.05
3528,81.8
6862,133.0
2883B,8.23
6541,30.8
6263,153.5
8374,78.6
00985D,9.68
1789,18.3
00936,21.28
8088,42.0
6741,58.4
8222,34.7
6432,53.6
00966B,13.22
2434,60.2
3024,14.4
7768,263.0
00752,22.24
5515,49.85
00963,13.05
2460,30.05
4532,23.45
8074,50.0
6967,64.5
1612,34.85
2397,59.8
5225,53.0
6568,132.5
8182,37.1
6603,24.35
6841,51.8
9925,39.55
5521,10.45
3580,83.2
6854,89.1
1342,99.3
2331,18.7
3060,26.6
2546,101.0
3338,66.5
5381,22.8
2364,62.0
2405,14.65
00733,66.35
9911,81.8
1232,156.0
9136,9.41
6186,30.05
00636,27.13
1568,28.2
6872,24.85
3040,34.1
2607,53.3
2108,29.1
1310,8.63
3311,35.0
4569,155.0
6596,94.0
009813,11.2
4104,72.6
1227,28.45
1104,27.2
2231,89.3
00959B,8.92
6204,88.8
3046,52.3
00853B,26.29
6873,68.1
2349,10.3
1444,6.76
6499,70.1
6743,29.3
7728,616.0
00902,12.68
6695,46.5
2535,89.8
6234,33.45
4142,17.2
7703,200.0
00727B,39.02
6657,35.6
009815,11.42
2258,30.55
6174,40.25
8163,29.6
6576,80.8
6122,50.8
6625,73.3
00928,31.85
2106,16.7
00762,113.4
7631,138.0
3015,51.6
6953,229.5
3550,21.95
6732,144.5
00965,24.99
8215,25.05
6411,77.1
1595,62.4
8048,47.5
8183,28.65
5292,217.0
00408A,10.26
3570,166.5
6272,27.65
2023,13.9
2365,28.05
6922,186.0
6026,15.1
00674R,28.22
6165,47.35
2015,64.4
7730,172.0
00782B,28.81
3444,78.7
00640L,103.45
2414,53.0
2034,20.25
00988B,19.35
3703,19.8
4137,75.2
6901,14.75
3031,23.6
2762,79.9
8099,59.3
00842B,28.76
7780,16.4
3207,37.0
3522,13.0
3169,100.0
5609,78.8
3306,45.0
4716,16.85
8404,13.9
1532,22.6
2417,38.4
3556,55.7
6592,59.8
00639,15.9
00893,42.54
00768B,47.02
0051,144.75
8289,41.05
6924,141.5
3712,20.7
6405,38.35
8076,21.75
5519,25.85
00895,49.65
6902,121.0
3296,26.0
4533,24.5
1218,14.25
6796,51.7
1307,30.55
00862B,30.22
6642,76.6
009806,13.46
3041,22.5
1591,37.5
8341,74.4
1760,54.1
6111,34.55
3130,209.0
1720,56.0
1455,9.84
3716,33.85
6799,78.7
00946,15.01
7689,156.5
5490,25.35
8249,37.6
5210,28.45
1256,171.0
00907,17.7
5299,91.8
006204,232.15
006207,31.71
4909,34.0
3093,43.55
00982D,9.52
5426,27.6
1786,43.3
00970B,8.9
00653L,43.1
6996,165.0
5432,149.0
1618,38.8
5530,49.45
6756,96.0
4974,71.8
3467,58.6
009817,9.06
2596,36.05
2939,19.7
4167,18.95
6947,68.6
4952,47.25
6221,23.3
1442,30.15
4157,8.68
3066,23.2
3537,52.6
6208,74.3
00968B,8.83
2887Z1,22.3
2423,72.2
00958B,8.85
5452,26.05
4416,11.0
00671R,2.46
00916,26.61
2745,85.4
00761B,32.43
3630,26.1
00779B,26.73
00926,26.03
4128,14.5
6117,61.3
00849B,37.07
3323,26.75
3056,13.75
6142,8.85
00980D,19.85
3257,46.7
3546,72.8
00901,45.85
2887E,48.55
4107,112.0
6161,47.6
3138,89.0
00983B,14.8
2536,19.1
6485,59.7
2390,10.0
5228,39.75
1234,33.3
00652,31.86
8499,251.5
4564,15.7
3530,56.5
2545,33.75
2488,48.55
2029,21.1
3611,182.0
6546,59.1
2387,36.35
1447,6.49
00969B,7.79
00917,23.65
1565,97.1
4506,120.0
2852,28.05
1777,74.9
00678,42.13
00847B,24.01
006201,43.73
009812,12.94
6875,32.0
4127,62.8
00661,82.8
3038,20.0
5511,69.3
00686R,0.97
6126,29.0
3360,14.4
6235,38.2
4164,25.5
1616,18.8
8038,29.8
2497,43.1
009822,9.75
006205,39.65
00657,75.75
2461,17.65
00932,17.2
00848B,32.9
5468,26.3
1110,15.85
009809,18.16
9942,113.5
00781B,26.71
3021,23.5
5287,135.0
6790,37.8
2241,33.9
8044,23.1
6283,19.0
4807,28.65
6763,40.55
7842,100.0
5493,83.1
6534,90.7
1456,14.35
4163,128.5
6180,41.15
1737,30.6
1713,42.55
3294,28.85
3558,119.0
00863B,30.32
8478,141.5
6136,24.7
9930,62.0
1537,114.5
2913,10.9
00912,34.96
00754B,30.91
6969,33.65
3588,51.6
2923,25.4
2613,22.25
4563,44.5
6612,72.1
4441,173.5
00728,68.65
6654,201.0
8438,67.0
2887H,42.1
3025,50.7
3047,13.55
5508,52.9
6486,80.5
4934,13.4
8284,68.6
2237,27.2
6776,51.6
00884B,28.09
8083,157.5
1580,97.7
3555,182.0
00982T,15.91
00791B,56.3
4561,40.4
2107,26.75
7556,243.0
2070,60.0
4108,11.1
4726,22.9
00760B,51.25
6965,69.8
00898,10.52
8162,61.2
1201,12.05
4155,15.15
3287,35.0
00967B,8.73
1524,26.05
2614,17.95
6465,41.7
1702,32.2
2838A,51.8
1264,248.5
4174,25.45
1108,11.2
6983,345.5
2704,45.75
00759B,51.65
2065,35.05
2528,19.8
00647L,134.8
1617,17.5
7738,164.5
00799B,28.0
1762,33.7
00726B,31.72
00949,21.6
5227,29.5
4580,81.2
9937,55.0
00780B,35.73
00758B,49.25
00875,52.7
6598,28.2
4720,18.25
3071,23.5
9955,23.5
8097,48.4
5230,18.5
4188,14.75
7721,59.2
1517,10.45
3669,32.3
5201,29.95
4148,33.8
1527,32.45
1604,23.45
00734B,15.19
1217,9.96
5213,20.7
00792B,30.24
3052,10.4
8349,38.4
6558,24.0
6275,45.15
2471,49.8
3631,39.1
4942,31.9
4737,58.4
00991B,14.54
1325,25.55
00789B,45.22
6170,48.1
6918,72.9
00681R,22.12
2017,8.77
2511,8.45
00957B,12.75
3178,59.3
6859,117.0
6492,33.6
2908,21.95
6185,12.7
3705,55.8
9927,69.9
3607,13.6
3114,29.85
5484,39.85
00986D,14.16
6101,37.5
6914,120.0
3322,10.85
009814,11.24
8104,29.8
1449,12.2
00645,56.9
7818,60.0
8011,15.55
8071,21.85
6270,28.05
6259,28.3
4741,37.35
2429,30.45
6128,18.8
6923,76.3
1268,171.5
3276,13.9
3011,9.7
3552,42.3
00897,12.57
00710B,19.04
5283,53.1
009808,31.04
1734,31.2
5302,9.72
9940,20.1
00777B,30.56
3564,47.3
5202,11.75
3484,44.35
5905,7.45
2611,13.9
1611,11.55
1466,14.8
3540,22.15
2248,59.3
00860B,37.62
2247,230.0
3679,108.5
6203,59.9
3466,24.15
4905,79.3
2228,74.7
8446,86.0
5203,55.8
00714,21.15
00861,84.85
6417,103.0
4126,77.6
00689R,23.15
8938,51.5
00669R,5.28
7820,110.0
6591,41.9
8931,41.25
4935,31.9
1419,67.1
8937,29.5
6184,40.05
4555,42.5
009801,11.11
1416,11.3
2032,17.0
00846B,34.57
4924,12.5
00666R,9.25
4207,19.75
4930,15.85
2756,62.0
4438,58.0
8467,83.5
3372,14.3
009810,20.99
4572,142.5
6494,49.85
1323,21.65
2462,19.25
4552,15.7
2020,21.6
00730,28.2
8045,47.2
6167,10.05
4933,51.1
00911,51.75
8476,19.9
5706,44.3
8171,19.85
6928,46.05
3501,38.7
1799,29.35
5481,21.0
8085,14.45
1584,17.85
7704,60.5
3527,50.0
4907,43.4
00778B,32.59
00834B,32.48
1467,7.96
2013,41.45
6134,28.2
00845B,32.07
00750B,31.17
00641R,3.75
00749B,30.3
6237,33.15
00890B,30.68
3092,22.8
6574,120.0
00836B,27.3
009825,9.9
1529,15.85
8924,50.1
9924,38.2
00851,70.3
00683L,21.27
2947,60.0
2739,37.25
6216,19.8
9943,50.8
1535,45.05
1614,31.1
6220,25.55
2459,65.5
6230,106.0
8472,80.0
5014,9.88
2537,11.3
6164,11.25
1414,17.3
2025,12.3
3684,54.0
6785,94.0
5465,24.2
6570,47.6
2062,18.1
00840B,28.21
3447,26.85
00943,20.84
6423,81.5
6115,43.85
2415,27.05
1103,13.05
3390,21.6
5478,96.9
8927,18.85
5315,18.1
7642,73.8
4106,24.35
2440,14.05
2022,7.3
00983D,9.76
6735,60.6
00956,13.57
2748,38.8
2755,98.2
00852L,33.91
3058,8.03
1436,36.6
4503,22.8
1219,11.4
2743,52.0
00841B,26.86
6461,25.55
0061,23.92
4747,24.8
7823,81.0
8942,41.7
00793B,29.25
3438,61.9
6151,34.4
4439,94.5
1598,20.5
6609,39.1
1506,9.92
3511,18.7
6823,59.5
1540,19.3
2729,152.5
5206,22.45
9908,28.95
0057,321.25
00702,24.28
4562,29.3
3284,19.3
6968,41.7
1451,17.0
1471,9.48
9905,21.35
6666,44.0
3188,23.65
5403,92.8
1615,43.7
00775B,30.33
00741B,36.83
1586,18.0
6877,112.0
5538,35.7
00844B,29.83
6569,90.3
00989A,16.68
2538,8.74
6241,15.55
2250,55.8
8087,24.2
5603,13.6
00648R,3.96
6986,40.45
4523,24.1
7767,45.65
7821,38.9
5244,33.8
6698,31.1
9946,17.0
6248,16.8
9951,49.0
5531,7.16
2534,16.75
2438,19.05
00687C,8.94
7708,91.9
00756B,29.81
6721,49.7
2849,15.65
4549,94.2
5488,11.7
6649,35.75
2109,14.7
5512,7.74
2114,89.2
6581,111.5
1784,58.4
5529,23.8
6527,75.8
2380,16.9
1339,42.95
1315,66.3
3321,17.35
4178,16.5
6821,39.6
1783,36.4
6130,23.9
6838,23.6
6804,17.8
3687,61.9
2509,14.45
3050,11.1
3686,14.15
2887G,44.2
6418,34.55
9960,31.3
6931,39.3
7757,88.7
2348A,38.45
3652,32.8
1733,30.8
4304,17.2
1603,30.0
4168,21.8
2881C,51.4
2640,153.5
2524,34.3
6895,153.0
6733,25.15
8401,22.65
006203,196.25
3054,56.0
1459,15.5
00971,17.16
9103,5.0
6573,15.9
1530,27.45
4513,15.4
8049,24.45
3226,55.9
7584,26.75
8367,40.2
3508,21.2
5215,38.45
6140,16.6
4205,69.2
3520,17.55
4543,28.05
00723B,28.91
2906,13.9
5011,18.3
2066,51.3
5533,13.9
1432,15.0
3625,12.2
4401,13.8
00700,16.83
1109,13.35
3325,11.05
3349,20.5
6934,75.1
5312,89.8
4582,22.7
1788,128.0
2227,47.1
00684R,15.23
00786B,31.09
3205,46.6
2752,177.0
3609,18.05
1903,47.4
5245,21.9
2732,62.5
6113,21.8
00908,14.94
6183,91.2
2007,6.81
3379,26.8
5871A,100.0
00785B,33.17
7715,27.7
6474,35.15
1533,30.65
6951,70.2
4166,23.95
6791,98.5
6792,57.6
1464,9.99
6266,24.8
2505,17.3
2230,21.8
6925,50.2
1294,51.7
6552,23.3
00944,21.42
8935,17.85
2102,17.95
6118,14.95
7718,46.2
6906,80.7
00755B,30.99
2028,15.7
2506,8.7
4502,15.75
6281,51.3
8450,14.45
1587,23.6
1725,32.9
6123,42.5
00788B,28.5
00711B,15.35
5007,55.8
4413,19.4
1726,76.9
1321,32.0
5460,17.15
2115,23.75
6684,44.65
1526,15.15
2616,13.35
3027,17.7
2516,14.5
00651R,5.29
9906,39.2
3086,29.0
9919,13.95
3057,16.75
5903,184.0
00980B,9.03
2754,69.4
3434,29.1
00920,24.32
1437,31.85
6219,11.9
8403,18.9
2450,28.3
6556,61.5
1731,20.8
5450,14.4
5212,47.0
1570,32.0
6233,20.05
6703,100.0
1295,45.1
00972,21.84
5324,12.3
5902,34.6
3171,59.6
8072,26.1
6171,25.95
4754,37.35
1732,26.0
2887F,45.7
6982,44.15
4406,10.0
1780,24.35
3489,21.9
9902,13.4
009818,19.8
6881,215.5
2314,10.5
8429,5.95
8421,12.5
2433,41.05
7791,55.3
4414,8.1
1599,23.5
6523,90.5
6229,23.35
2482,15.75
2916,40.05
7760,32.5
5525,21.95
2705,15.5
5013,29.8
1806,8.03
1474,10.0
2038,12.1
4946,92.9
4527,41.0
00707R,31.25
1463,17.2
1460,6.47
1465,11.9
8089,18.0
3083,22.55
8432,50.0
7803,19.05
8426,20.55
4767,27.9
6835,30.15
2424,8.01
7794,31.7
3492,19.1
6508,25.1
8068,16.2
8424,68.8
1626,9.65
1752,31.35
00737,39.09
1225,24.3
6506,18.1
00717,14.44
5398,14.25
6201,45.0
6936,31.7
1101B,43.1
3043,20.25
6971,24.9
1338,14.4
5220,19.7
4702,9.23
2706,12.2
1445,10.3
4175,50.5
4735,36.55
9928,17.6
5353,27.7
2431,9.98
4109,11.0
6109,10.65
4554,28.05
006206,37.06
9918,43.2
3666,25.0
4139,41.0
1446,13.3
2239,19.25
00783,26.83
3128,19.95
3158,84.6
6645,13.0
00638R,6.71
5489,40.5
8034,19.75
3002,17.05
2373,52.9
4113,15.7
2702,12.7
6771,41.75
4195,13.6
3541,21.85
4420,39.2
4430,17.5
8354,17.25
6516,56.8
4138,53.6
4588,50.6
4995,50.5
3313,10.75
6504,36.7
6844,59.6
8047,47.4
8093,25.5
00886,46.56
8933,4.45
4433,18.6
4171,16.3
7814,29.0
2477,22.0
6794,77.0
2718,40.0
6464,76.5
1776,17.6
00980T,11.72
4133,20.25
5907,4.84
6590,59.1
3266,14.0
6582,31.5
5211,19.95
2012,14.1
8442,45.75
00986A,14.21
6028,95.7
3646,24.6
6655,122.5
6752,95.0
8411,13.0
1531,11.65
3499,13.3
3419,11.0
3373,15.85
5547,19.95
2719,19.4
6874,67.9
6762,161.0
4557,50.0
8433,53.3
1457,14.5
8032,34.65
7723,19.4
2430,17.95
1203,43.7
6614,35.7
00656R,5.93
3224,32.4
1730,51.4
8423,18.35
6114,23.3
1438,21.35
1583,47.9
8908,40.0
3073,22.35
1417,8.08
2643,62.9
6728,107.5
5543,28.65
1454,12.5
7835,21.6
00668,60.5
3118,31.45
6904,120.0
1470,23.95
6722,32.65
8024,12.8
8928,22.9
8923,18.2
6222,19.1
9912,13.0
1418,17.5
1742,17.5
6637,53.8
3557,23.3
2929,5.72
9944,17.4
7743,22.45
4729,18.25
2514,11.6
4426,7.65
4706,35.75
1233,28.2
6606,25.7
6592B,94.9
1337,4.49
1236,26.1
9962,9.98
3297,26.95
1220,10.85
910861,3.84
3285,39.8
4535,27.5
6846,57.0
5251,25.8
9950,10.3
6910,24.7
8930,29.05
6641,16.9
6470,43.25
1468,13.15
4711,16.3
7705,29.95
2901,23.0
5278,23.9
5487,29.5
1443,23.5
2642,20.25
2063,24.05
5272,16.95
6855,115.0
00654R,6.99
1817,40.45
8272,62.1
8279,78.7
4160,39.15
7839,42.15
2496,54.6
6961,49.4
6952,38.8
7753,36.2
2882A,60.3
00739,27.1
00986B,9.41
8916,41.0
5601,31.0
6160,14.5
00709,40.0
6958,17.3
8940,14.75
3308,21.5
1259,64.4
6629,103.0
7811,73.2
5345,22.05
2701,10.35
6899,49.5
2035,27.05
3494,7.11
4744,26.7
6592A,96.1
8176,9.92
6294,28.1
6194,29.95
5438,16.6
6154,13.9
9926,49.4
9931,34.2
5356,25.9
6482,24.1
5704,22.8
6921,61.0
6124,26.65
2881B,60.9
3288,20.2
020025,38.52
1521,24.85
8077,42.1
3523,13.15
1735,19.95
1473,19.9
8440,19.85
1410,24.4
7819,34.45
2882B,58.8
8481,40.9
6020,20.3
3567,25.3
2736,11.45
4432,15.4
6103,30.3
6624,39.35
1813,11.5
6578,17.55
5701,4.08
2432,27.2
8466,14.05
8102,63.0
6680,53.5
6887,37.35
4550,23.25
6708,37.1
2881A,61.7
2751,52.6
1475,26.05
2722,21.45
3122,24.05
3465,29.2
1796,29.05
1312A,22.8
6240,22.8
4530,25.85
6560,30.3
8488,10.05
3516,25.5
4999,18.05
6697,40.55
8107,12.35
2734,14.55
4131,31.9
2897B,11.8
2945,39.65
4153,31.4
2904,12.55
4190,25.85
3018,11.05
4972,16.25
1340,5.22
2910,23.25
8443,11.15
8291,30.0
4440,17.6
6276,19.9
1906,11.0
1541,21.1
8477,15.3
00982B,9.31
7770,36.05
6988,11.9
8482,47.6
1453,10.95
4581,47.15
1324,10.05
3206,34.9
8463,21.35
5703,13.8
1240,54.9
8112A,45.2
7732,33.5
1235,37.6
2911,6.39
1413,9.28
2002A,37.1
4111,28.8
6158,17.1
3232,19.55
4121,12.7
1516,13.95
8201,11.95
3512,19.2
4994,82.8
5546,14.55
5520,82.0
6751,41.0
4745,11.7
912000,2.43
3713,14.4
2008,30.55
020000,30.53
6512,20.35
1805,10.1
6264,6.02
4116,39.6
3597,26.25
6577,78.7
5355,5.89
00899,23.17
00903,20.93
00660,45.85
5878,38.1
8437,9.08
1435,22.65
7747,112.5
5516,11.75
4161,22.25
6593,31.75
6730,31.5
00787B,31.15
8917,53.5
911868,1.15
3095,35.55
8435,53.2
1512,6.19
2726,8.09
6754,42.05
3272,13.95
7736,69.1
8080,29.5
3150,15.8
6674,15.8
4950,15.75
3521,12.0
6169,12.0
6916,18.5
1539,15.5
4911,28.7
1441,8.69
8489,21.9
00703,18.83
2948,37.55
5604,31.05
3252,15.3
2891C,61.1
6865,25.2
1423,34.85
2937,43.5
5016,24.45
3168,42.75
8416,170.0
910322,24.1
9949,24.05
1538,8.85
2836A,24.0
009807,16.69
5514,15.15
4806,9.07
3268,17.45
1452,11.2
4538,17.35
6246,12.75
4584,37.8
7713,75.0
5906,37.3
7547,48.5
00682U,20.39
8487,70.5
5205,19.85
4558,17.3
4173,17.2
5223,22.8
5344,13.5
5364,8.38
6144,13.15
3432,14.45
1525,64.9
7782,25.65
6884,31.0
6856,41.0
6908,29.95
5301,5.37
1341,57.9
1213,7.49
3164,15.95
3259,11.1
00870B,26.94
4528,14.9
6955,99.0
8101,12.15
6198,19.4
6692,23.95
00736,31.46
4120,47.1
7716,23.4
6671,23.0
8455,22.9
4192,18.25
6431,18.25
8066,14.4
00625K,8.55
3191,16.75
6661,16.15
6843,38.45
00643K,3.81
2073,25.25
00634R,3.15
3310,68.0
6807,33.45
4943,7.29
1593,31.55
2740,31.15
8067,12.25
3332,60.9
6958A,20.25
5523,30.35
2926,30.1
1439,29.3
2235,28.8
00867B,28.79
4402,14.3
8906,28.3
1522A,51.0
3064,16.9
6616,8.4
8921,16.3
4198,48.3
00657K,23.86
4529,3.58
6542,42.85
911608,2.72
4183,13.5
00668K,19.06
4102,18.75
8409,18.1
6242,34.0
2067,4.8
2941,31.05
00771,15.09
8410,29.75
2712,14.25
6662,28.5
8929,12.95
6767,24.65
5015,21.85
6929,21.75
3632,7.11
3531,21.3
3593,10.35
5548,20.25
3629,19.95
6210,17.85
9110,2.94
00636K,8.59
2924,17.15
3067,16.9
5348,16.45
911622,3.59
8092,12.8
3672,12.15
3085,11.95
9929,11.1
1781,10.2
4609,4.24
3664,7.05
8444,4.5
0054,28.25
0058,43.71
0059,42.85
00649,19.12
00658L,37.0
00659R,11.21
00667,20.79
00672L,0.75
00677U,1.48
00691R,10.46
00704L,18.84
00705R,19.03
00716R,13.96
00718B,19.05
00721B,48.06
00729R,20.56
00732,40.74
00742,22.2
00743,24.2
00744B,42.35
00745B,42.04
00747B,51.85
00748B,42.52
00765B,38.72
00766L,11.92
00767,17.4
00769B,60.3
00774B,40.85
00774C,9.12
00776,20.78
00784B,39.32
00790B,53.2
00794B,39.82
00796B,41.84
00797B,41.36
00798B,42.65
008201,101.2
00831B,41.42
00832B,42.92
00833B,43.87
00835B,45.16
00837B,37.64
00838B,40.38
00839B,41.85
00843B,40.37
00854B,41.86
00855B,38.6
00856B,37.09
00866,21.84
00868B,36.17
00869B,36.69
00872B,37.13
00873B,37.28
00874B,38.04
00883B,30.98
00906,11.95
00925,16.1
020001,28.5
020002,11.12
020003,15.89
020004,33.28
020005,19.35
020006,32.05
020007,41.23
020008,13.31
020009,26.67
020010,13.56
020011,16.4
020012,23.22
020013,14.84
020014,6.3
020015,18.69
020016,28.32
020018,24.94
020019,21.59
02001B,8.75
020020,29.16
020021,4.42
020022,7.62
020023,7.2
020024,5.94
020026,6.37
020027,10.65
02002L,7.38
02003L,4.34
1258,26.85
1262,34.9
1333,1.44
1472,89.5
1507,64.8
1566,19.65
1589,5.54
1592,2.57
1701,21.15
1724,15.6
1787,26.15
1902,20.65
2024,13.15
2064,12.25
2321,15.1
2358,4.56
2443,3.57
2448,41.4
2456,94.6
2499,4.12
2724,10.7
2809,56.6
2823,30.55
2841,2.68
2867,9.7
2888,11.8
2888A,36.5
2888B,36.8
2891B,61.9
2928,31.85
2936,40.35
2949,63.9
3036A,52.0
3089,81.0
3115,8.73
3144,38.2
3202,3.96
3356,59.4
3383,1.7
3426,47.8
3452,1.47
3454,99.4
3536,2.92
3562,14.8
3591,23.65
3642,3.87
3682,7.47
3698,22.25
3710,5.13
4130,26.7
4141,26.1
4144,26.9
4152,99.6
4154,12.5
4180,70.9
4305,41.9
4419,45.3
4429,40.8
4568,38.5
4712,2.85
4725,17.9
4728,391.0
4803,3.6
4804,3.27
4944,11.6
4945,76.1
4947,228.5
4987,81.6
5102,24.65
5259,7.86
5264,87.1
5276,17.65
5281,15.8
5304,3.32
5305,42.3
5310,24.5
5349,25.4
5371,83.5
5383,41.5
5455,29.65
5820,11.7
6129,13.1
6131,5.18
6172,20.1
6195,27.65
6212,31.4
6228,17.3
6236,19.05
6238,179.5
6247,15.45
6251,20.3
6287,8.89
6288,20.95
6289,1.35
6404,4.64
6452,56.6
6457,62.1
6496,24.65
6497,5.66
6514,50.8
6594,31.3
6597,72.5
6615,33.9
6720,131.0
6747,199.0
6806,3.51
6950,26.0
6997,68.0
8059,13.4
8277,8.05
8287,0.73
8342,87.0
8349A,45.4
8406,278.5
8418,8.95
8420,40.6
8427,74.9
8480,84.6
8497,65.5
8905,34.6
8913,13.3
8934,36.1
8941,44.35
910482,0.25
911616,0.48
911619,0.11
912398,5.15
9157,0.86
9188,3.47
9941A,48.8
```

