# 收盤價 MD
# T:2026-08-21 05:54

## [CLOSE]
```csv
代號,收盤價
2408,517.0
2454,3700.0
2330,2375.0
2344,176.5
2327,562.0
3037,1140.0
2308,1745.0
3008,5515.0
3443,5630.0
2383,5985.0
1815,107.0
3189,851.0
1303,186.0
3081,2780.0
8039,283.0
2492,272.5
3711,590.0
2303,115.5
8046,1195.0
6770,67.3
4958,463.0
3653,5600.0
3481,46.0
2609,60.3
3017,2985.0
6488,993.0
6173,221.0
2615,113.5
3374,303.5
2368,1025.0
8358,413.5
2059,13925.0
2313,217.5
2603,246.0
3167,762.0
8299,1995.0
6274,1575.0
3450,553.0
3661,3750.0
2301,267.0
2455,412.0
3042,188.5
2317,246.5
6182,109.5
3105,379.0
2337,122.0
2634,72.3
6669,6325.0
6223,5650.0
2345,2105.0
2481,138.5
3231,180.0
1802,57.7
00631L,34.27
2049,366.5
00981A,29.25
0050,103.8
2486,251.0
6531,882.0
6187,1265.0
2382,327.0
3090,172.0
2891,63.4
5274,15750.0
5351,118.0
2379,703.0
6446,1375.0
6442,1555.0
5483,186.5
3665,2250.0
5536,878.0
3532,340.0
6805,1850.0
5289,1490.0
4971,580.0
2357,913.0
6451,437.0
2359,158.0
8996,1135.0
2449,235.0
2360,2140.0
3211,355.0
2409,25.8
00991A,17.91
2324,38.5
3260,401.0
5425,90.3
7769,6455.0
6147,163.5
2377,140.0
2881,128.0
2478,128.5
3533,1610.0
2395,673.0
3362,186.0
3006,250.5
2464,180.5
00685L,11.25
2426,74.8
3034,527.0
3045,115.0
8021,408.5
2376,344.0
3293,758.0
6239,268.5
3363,610.0
3406,650.0
8150,87.9
3441,97.3
2887,35.95
2882,97.7
2404,1075.0
1519,727.0
00881,48.68
1590,1420.0
6715,492.0
2885,62.1
6213,510.0
6505,73.0
6139,766.0
7750,2460.0
3702,104.5
6672,287.5
2886,46.4
00632R,10.22
1216,78.2
5347,153.5
1326,58.4
00406A,9.58
4939,62.7
2428,267.0
6472,445.5
8069,163.0
8210,964.0
3491,1285.0
00403A,10.03
00878,32.15
1504,73.1
2351,183.5
00919,30.31
3044,485.5
2002,19.35
3324,993.0
8271,233.0
8261,179.5
3529,2210.0
2884,37.35
6510,2760.0
009816,15.13
1402,29.2
4967,266.0
1101,24.8
4576,208.0
2605,36.4
3605,110.0
2618,42.25
7751,1575.0
8112,93.7
7610,1535.0
6278,180.0
6257,199.5
6683,1140.0
6691,610.0
6515,6380.0
0056,52.05
3036,205.5
2892,33.3
6285,237.0
6426,250.0
1102,34.7
2637,94.7
6290,214.5
8042,101.0
3026,710.0
4979,570.0
6907,194.0
7711,454.0
2451,284.5
2356,64.5
2883,30.4
2027,50.5
5904,75.9
1301,57.8
6831,602.0
6414,402.5
3673,65.1
5269,1425.0
1560,698.0
6727,460.0
3163,736.0
2467,560.0
6214,180.0
4938,89.7
4977,156.5
00708L,85.05
5439,243.5
4991,520.0
3265,174.5
2412,136.5
00937B,14.42
7734,2815.0
2458,146.0
6265,56.5
6415,448.0
1605,36.85
6919,109.0
6456,71.2
00405A,8.57
00679B,26.36
1785,103.5
6538,194.0
00988A,16.51
4904,102.0
1727,91.6
5608,17.05
1476,317.0
9914,87.8
2630,52.3
3234,151.0
7788,256.0
2484,71.1
1795,195.0
00929,28.44
7792,297.5
2890,39.35
3624,86.3
4966,567.0
2606,70.2
8016,291.5
4931,273.0
00953B,9.7
8070,50.2
2645,179.0
6409,1040.0
5871,111.5
3131,2320.0
9904,25.05
3388,94.1
5328,62.3
2472,223.5
2542,48.3
9921,106.0
7822,938.0
3264,208.5
2474,204.0
2880,38.8
3706,90.1
6588,101.0
6116,13.8
1597,135.0
6226,22.0
8086,114.5
009821,15.16
3583,713.0
5434,526.0
3455,243.0
6781,1075.0
2316,155.5
6753,144.0
00992A,17.78
0052,60.45
2912,220.0
00918,33.64
1717,70.2
6125,56.2
00927,35.3
6271,196.0
2353,31.0
00713,61.15
3498,183.5
00738U,53.5
2347,87.0
2312,31.35
3035,172.0
1503,201.5
1477,201.0
6196,496.0
00400A,14.66
4541,67.6
2375,125.0
00891,33.45
8103,91.9
5371,84.3
5880,24.8
8028,247.0
3413,287.0
00687B,27.43
6830,420.0
00663L,98.4
8043,139.5
3135,168.0
8932,112.0
1513,166.0
2354,60.2
00675L,298.5
5388,77.6
1810,26.05
6584,586.0
00935,55.95
6525,141.5
5340,78.2
2610,20.0
5876,43.65
00662,121.0
2834,16.55
3149,66.2
6282,45.0
6177,47.05
6491,374.0
6949,1125.0
2498,40.0
4764,211.0
6166,120.5
2493,183.0
2441,114.0
00982A,21.8
2371,27.55
00635U,46.51
6121,395.0
2466,96.1
6209,69.0
8111,60.0
00830,84.25
00407A,9.54
00984D,10.06
8096,108.0
3016,103.0
7799,379.5
2548,95.7
6217,153.5
00990A,15.55
006208,237.85
1708,50.8
3019,136.0
2436,63.3
3675,269.0
3357,214.0
00757,137.8
3693,516.0
1709,30.3
3714,57.0
2332,20.5
6834,93.5
00735,101.75
3680,468.0
6416,102.5
6108,26.0
6141,43.95
3005,117.5
3022,92.5
5475,176.0
2302,43.25
6547,52.9
8027,170.5
00680L,6.53
3055,108.5
00637L,19.95
2465,86.0
4919,118.5
00715L,50.95
6789,427.5
2105,31.5
4989,62.0
6138,290.0
4749,761.0
3236,44.5
3596,162.5
00795B,26.19
3030,289.5
2845,13.6
3715,109.5
2388,73.4
2851,44.2
00923,38.5
3033,45.35
2489,32.45
6197,300.5
2915,61.6
4916,99.3
6477,38.15
00947,36.15
2393,66.3
2439,82.0
8155,324.5
3504,78.1
00980A,24.13
2367,42.55
3563,674.0
4973,152.0
2233,183.5
8033,187.5
2801,23.85
00961,13.1
4763,50.2
1515,34.5
4915,60.1
1714,17.0
3490,49.15
6206,142.5
8422,27.1
1722,46.25
2006,82.0
6640,954.0
3227,200.0
00720B,32.1
8110,44.35
2476,119.5
2385,107.0
6693,169.0
2103,27.85
6761,184.5
00892,39.05
4105,79.0
1319,83.0
4540,58.8
6944,715.0
2352,29.25
8464,374.5
2421,144.0
00712,8.94
3617,254.0
3376,188.5
5009,34.25
9945,29.85
1409,24.4
4976,38.15
6215,99.2
6207,103.0
8131,62.8
6533,245.5
3305,109.0
5386,230.5
9958,101.0
8383,66.2
5471,57.6
2204,55.0
6829,214.0
3023,319.0
00665L,9.74
3229,56.9
4722,205.0
4766,347.5
00751B,30.65
3707,62.9
8064,98.7
7795,552.0
2328,45.6
8234,66.5
2646,21.15
7714,180.5
3587,243.5
6548,70.6
5284,318.0
6005,30.35
00981B,9.2
7828,1650.0
6435,253.5
00859B,41.17
3147,224.0
6719,194.0
4585,300.5
1229,42.05
00753L,9.85
6269,63.6
8436,125.0
4566,68.3
8081,259.0
00646,77.55
00724B,33.11
4908,154.0
2903,22.75
00865B,48.87
1904,25.5
00673R,12.34
1718,10.35
4542,251.0
2617,30.95
3430,119.5
00922,40.05
2539,35.5
2855,46.65
00764B,27.33
2812,18.8
2504,31.1
1314,7.82
5607,55.3
6291,378.5
2201,29.2
4743,48.3
6224,72.1
2369,30.9
2399,44.45
00888,32.09
9105,8.35
2207,508.0
6449,223.0
7402,108.0
6706,117.0
3048,56.0
6127,48.95
6903,311.5
2340,31.15
4768,314.0
3543,43.25
8109,131.5
8454,254.0
6526,585.0
4906,34.3
2342,39.1
1711,39.35
3221,48.15
2392,40.6
2417,43.95
2641,18.35
8926,56.8
6191,82.6
5314,23.65
5292,214.0
00722B,34.48
4114,31.25
00997A,11.3
009826,10.16
5534,80.9
1808,34.5
9939,132.0
9933,42.5
7768,296.0
2374,67.1
2612,58.7
1514,101.0
00877,37.33
6739,978.0
2030,21.85
2546,116.5
6579,150.0
4142,18.1
5498,50.7
6532,87.4
2850,166.0
5469,71.6
4303,50.0
8114,198.5
6155,56.7
00998A,17.83
00940,12.4
8374,83.1
00887,16.51
9910,70.4
2727,237.0
4510,45.3
2852,29.2
4772,249.0
1210,52.6
3515,217.0
4736,145.5
2014,17.35
2636,71.2
4770,210.0
2363,51.0
6202,57.3
5392,45.1
00772B,32.75
1710,15.2
3088,125.0
2031,46.05
5443,104.0
5864,34.0
2485,41.1
00945B,14.5
4739,83.3
00897,13.52
7744,500.0
00933B,15.75
00719B,31.25
1609,36.9
2515,11.95
2323,10.75
2611,16.0
5234,299.0
1736,130.5
2889,15.65
00725B,34.21
2633,26.0
4167,20.7
6277,81.5
4147,63.7
6716,133.0
2406,28.6
3209,51.1
00688L,6.51
00401A,13.35
1608,35.5
00955,15.18
6190,65.2
2816,36.5
3029,111.5
1312,11.75
00985B,10.27
5222,105.5
2607,51.8
3010,127.0
00850,89.2
00882,15.07
00985A,22.48
4760,254.5
2355,41.9
4746,53.9
3704,42.3
3526,282.5
6443,26.1
6589,51.6
6922,195.0
2101,32.85
00931B,13.18
6530,82.6
2731,145.0
2329,42.75
6284,77.0
4707,32.55
2540,48.3
3479,130.0
00898,11.08
2061,49.75
3592,223.5
5522,64.1
6168,25.0
2305,26.55
6023,82.5
3014,130.5
3689,106.5
6788,348.5
3577,115.0
3576,17.0
4551,162.0
2070,68.7
6643,409.0
7827,159.5
2348,71.8
6243,42.85
8936,51.0
00934,28.36
00773B,35.18
00404A,9.43
2034,20.45
00696B,28.41
6613,253.0
2211,83.5
3217,137.0
00999A,11.21
3716,36.05
6962,31.0
8050,57.1
1563,63.5
2331,19.95
1536,50.3
1215,110.5
2425,38.6
3703,19.9
2401,25.75
00894,45.62
2206,63.5
3013,82.2
6146,192.5
3645,65.8
9941,85.4
3289,137.5
6933,193.0
00900,18.56
1809,37.95
5321,71.9
00731,89.95
00762,112.25
2501,23.0
00983A,12.33
8054,80.0
3508,25.0
2208,19.25
00913,45.49
3152,233.5
00633L,48.22
6104,93.4
00909,44.6
6757,56.3
6712,152.0
2527,44.15
6174,44.2
6419,161.0
00642U,28.1
6175,74.7
7805,690.0
6412,78.4
1909,11.15
5291,57.1
3059,39.4
00643,18.57
6658,164.0
6499,67.0
4956,30.45
6016,19.35
8222,39.6
00954,18.28
6937,267.0
4439,99.2
00655L,33.48
7855,43.35
00993A,13.3
00650L,17.66
6768,65.2
00896,26.99
4123,32.4
2913,11.25
2491,36.6
00984A,15.18
6517,66.7
4169,163.5
2723,66.6
3551,176.0
00939,22.21
3625,11.75
6509,47.0
2402,53.1
4927,32.85
4961,164.5
9917,110.0
00915,31.09
4536,170.5
00981D,10.35
6279,127.5
6664,331.5
5285,77.2
5243,88.3
009802,18.59
009805,15.77
2543,38.95
8390,97.5
3556,63.0
3708,103.5
00994A,17.08
1712,39.4
5309,52.5
00995A,17.01
6861,196.5
00964,14.59
3213,131.0
00996A,13.74
2364,82.1
4590,87.2
00965,26.44
2520,36.55
3485,222.0
3537,55.0
6840,82.4
3594,51.4
8255,146.5
8227,147.0
1707,90.5
2897,10.25
6153,16.65
6869,67.2
00981T,11.77
8091,219.0
2601,6.72
00670L,201.25
00951,17.14
6679,200.0
6432,66.5
009820,9.8
6603,27.1
6438,143.5
00752,23.77
2420,57.3
3218,137.0
4952,52.0
2483,35.5
1316,10.65
2887I,9.52
6901,16.8
4960,20.5
00987B,16.0
9907,15.2
2231,94.0
2362,47.35
3049,11.2
1218,14.9
00864B,46.11
6605,141.0
7777,38.0
2365,30.55
00952,17.63
3416,178.0
6245,82.4
9938,42.4
2832,61.0
00987A,16.0
5515,54.2
3356,62.8
0053,236.45
2009,39.2
6227,118.0
00988B,19.64
00740B,37.6
4561,47.1
00924,33.21
6199,94.1
4755,115.0
6462,98.5
6642,78.5
3176,35.55
5432,151.5
2597,169.0
8182,39.75
6617,104.5
6231,217.0
00410A,11.31
3535,88.0
3028,65.9
00693U,22.57
00676R,5.66
1104,26.8
3540,21.65
1907,30.45
4968,91.2
3303,53.6
00402A,9.64
1773,156.0
6244,24.95
6188,68.7
00853B,27.0
00857B,22.76
2613,22.65
3380,27.3
2457,22.85
6741,55.0
00876,87.0
2338,38.2
5474,158.5
4128,15.25
3003,64.0
6204,83.3
2535,92.0
00950B,13.79
4571,161.5
7749,336.5
3581,106.0
3312,51.4
6890,164.0
2820,16.3
7717,402.0
5299,98.7
4583,488.0
00408A,10.35
1569,43.55
3550,22.7
6186,33.0
2905,17.4
00928,31.86
2023,14.0
3066,23.6
00948B,9.21
8088,45.2
2753,186.5
8478,142.0
3717,22.15
8084,49.3
6913,142.0
6873,69.5
6585,116.0
3317,66.5
3290,50.7
1558,103.0
2072,151.0
00664R,1.65
1231,82.4
2495,37.2
3691,101.5
2010,22.8
00966B,13.59
4949,70.8
00768B,48.53
9911,83.1
2480,160.0
00960,20.89
3094,35.9
3230,41.55
00936,21.07
3032,78.0
2838,20.15
5464,70.6
6782,204.0
00926,26.26
6179,26.45
2104,10.45
4526,29.9
2236,123.0
9925,40.15
3078,53.5
6469,69.1
4912,91.5
2530,19.55
6115,44.65
3489,21.7
1905,13.5
3444,79.8
6550,11.15
3709,67.5
2241,33.55
00963,13.11
4560,33.0
1582,73.9
6208,82.4
7722,281.5
3705,55.7
00941,25.9
4720,17.9
6218,38.0
00885,17.64
4556,74.8
00910,61.15
1537,120.0
009819,10.02
8415,38.35
3004,121.5
00905,25.75
8083,159.5
2442,19.5
9802,71.3
5490,30.0
6261,77.7
3056,14.2
2258,32.15
00640L,105.9
2108,29.5
1723,86.3
00904,39.14
3402,121.5
00849B,37.45
4163,144.5
3631,40.0
4137,90.3
4721,73.4
4127,87.6
5530,50.1
3162,62.2
009824,10.03
00968B,9.09
3141,71.0
009823,10.53
1434,17.7
1304,11.8
2106,17.55
6411,78.9
1310,8.1
00697B,35.64
6015,15.75
6651,139.5
2413,43.75
00848B,33.67
1720,57.1
6143,89.6
6592,60.3
3060,27.4
3545,49.55
3712,20.5
1623,202.5
00701,36.64
00984B,15.94
2221,54.3
8163,31.15
4577,77.2
00678,45.22
4441,184.0
8040,69.7
6535,81.2
6668,36.2
3630,25.4
009803,20.93
3701,40.15
5511,72.8
6863,113.5
1313,11.55
00862B,30.94
3694,51.4
2029,21.95
00674R,27.33
3339,37.95
6670,265.5
4532,24.05
1612,34.55
8438,66.2
2033,22.75
2614,18.3
5508,53.5
3287,37.5
00863B,31.07
3046,58.4
00706L,19.13
9136,11.15
1903,48.4
7780,16.85
4162,59.3
1227,29.15
3062,20.5
6189,48.15
1342,104.0
00690,75.3
009825,10.13
6163,42.35
4174,26.9
6667,223.0
6823,62.9
00907,17.17
7786,123.0
00884B,28.94
0057,309.75
4909,38.5
2397,64.2
1618,39.05
00911,53.25
6573,17.0
6725,226.5
9924,38.65
4416,12.5
5227,31.0
6732,150.5
1532,22.95
6620,75.8
00959B,9.19
6263,162.5
6914,148.5
3622,48.7
1232,156.5
4735,39.0
6259,29.85
5521,10.7
8076,23.2
1789,19.45
3130,212.0
00893,42.86
2537,11.65
1307,30.75
00986A,14.4
6945,101.5
00692,89.1
3663,61.6
00858,36.09
1308,13.5
4564,16.85
2536,20.85
00847B,24.9
00944,20.54
3528,84.5
7712,142.0
2434,49.05
6225,58.9
1455,10.0
4129,89.0
00912,34.01
00989A,16.91
00916,26.96
3138,95.4
3615,36.5
5484,40.7
00783,28.48
8045,53.2
3093,47.15
1737,32.4
6923,77.4
2349,11.15
8473,45.25
4771,201.0
5306,96.2
6192,117.0
5225,60.5
6561,323.0
6695,48.15
00949,21.74
00636,27.79
00782B,29.64
4903,34.7
00985D,9.89
6799,79.2
5236,136.5
7689,173.0
2707,180.0
3484,50.7
00991B,14.95
8121,27.75
1734,32.5
3219,69.9
2066,58.0
5609,78.1
5258,47.75
1762,35.4
00946,15.28
6546,62.1
8071,23.7
4534,30.15
00686R,1.01
00990B,10.0
6024,61.5
8289,46.0
6994,35.0
6541,37.1
6862,137.0
3669,37.85
4923,53.4
6405,38.8
5228,41.9
4905,90.3
1583,53.6
4104,71.7
6983,309.0
8279,84.8
3228,141.5
8074,55.0
5263,88.1
2015,64.5
009815,11.43
6902,126.5
4533,25.85
6112,44.8
5288,189.5
6275,44.2
7740,141.0
6969,34.7
00980D,20.19
6534,92.4
8462,176.0
3483,71.5
1440,13.55
6205,61.4
00861,85.95
2228,76.8
4716,17.0
0055,43.12
7703,179.0
6485,60.0
2069,20.05
6803,269.0
8341,76.6
009804,21.83
5481,20.25
9934,11.4
00733,65.85
1595,62.2
1419,64.5
5209,162.0
6591,42.85
1524,27.25
7730,163.5
6133,22.15
1528,18.65
2461,18.15
6120,12.6
5287,153.5
1444,7.36
2032,17.05
4953,123.0
2415,30.55
6596,93.9
2414,52.3
2429,32.7
1611,12.2
3024,13.7
3580,78.3
00694B,41.99
1591,35.7
2836,12.1
7556,247.5
6126,29.25
2017,9.19
4974,68.9
2745,88.3
9955,24.85
3041,22.4
1309,12.75
8112A,45.0
2405,15.6
00770,67.7
6235,37.85
00779B,27.63
1442,30.3
1472,87.5
6894,333.0
00969B,8.06
00660,46.61
00930,23.75
2547,10.2
1586,18.15
4555,47.3
3338,61.6
006201,43.12
2387,36.25
00938,24.37
00942B,13.87
3294,30.4
1259,65.0
6026,14.65
009800,13.08
00763U,34.45
3047,13.85
2534,17.25
3520,18.0
1471,9.79
2923,25.15
6570,55.0
00867B,29.69
00986D,14.52
6957,215.5
6117,61.1
009822,9.57
00727B,39.44
8942,42.0
3015,53.7
3054,52.8
6967,73.5
00799B,28.77
6180,41.2
3323,29.8
8213,32.75
8044,25.9
6101,39.05
6756,97.2
00728,66.6
6292,61.8
2497,45.35
1305,11.8
3685,35.4
6796,62.5
6425,59.0
00652,33.2
2718,49.95
00970B,9.1
6996,180.5
3591,20.4
9935,20.25
6165,47.35
6841,53.4
6811,226.0
2906,13.65
3558,124.0
1103,13.2
5206,22.35
1587,24.1
2453,51.6
2107,26.1
1580,107.5
6568,126.0
3360,15.6
1264,256.0
5426,27.2
6152,13.95
2545,34.1
6785,99.2
8446,84.8
1713,44.7
00875,54.4
9930,63.6
3257,49.75
3031,22.65
5468,27.7
8147,121.5
4164,26.5
4306,15.35
6947,71.0
6895,127.5
6576,79.8
6742,43.7
3548,75.2
9927,69.4
2243,40.1
4549,102.5
8249,40.5
2419,24.5
2908,21.85
1522,27.85
2247,224.5
5381,23.95
8937,25.3
00668,62.4
1733,32.1
2528,20.4
00983D,9.98
1437,32.4
3207,41.0
6122,47.75
4951,77.3
9942,114.5
5531,7.56
910322,28.2
5706,45.3
8499,264.5
1604,23.25
6924,119.5
1447,6.98
3518,28.7
4157,9.0
3437,17.2
6877,117.5
6854,92.4
00895,49.73
2881C,51.5
1786,49.6
3114,32.3
00989B,10.12
7721,61.1
1526,16.7
2505,17.45
5410,35.9
8097,49.5
6492,37.7
00791B,57.15
1414,20.25
1760,58.8
1436,38.6
6494,55.2
8104,30.9
00754B,31.73
009817,9.15
2887E,48.65
2468,34.95
8431,45.3
8349,39.4
00695B,35.05
00789B,46.41
6790,38.5
9946,19.05
1702,32.75
00777B,31.57
1568,29.2
6569,93.9
8085,12.35
6909,40.4
3546,72.2
6234,35.45
6160,15.3
7842,100.0
4107,114.5
6111,36.55
4513,16.4
2887H,42.0
009813,11.32
00760B,52.75
00759B,53.25
6156,21.1
3555,166.5
3188,24.05
00661,85.55
5244,33.4
1603,30.8
1584,18.0
2509,14.8
1721,19.5
00671R,2.43
6637,61.9
006205,40.59
7765,225.0
1217,10.0
00641R,3.72
5452,26.7
6629,111.0
00750B,31.91
6464,79.0
00758B,50.45
6151,36.0
1466,16.3
9103,5.21
1325,26.35
00845B,32.85
6221,22.9
1109,13.5
6870,261.0
8215,24.2
5871A,100.0
5519,27.9
4946,92.0
1268,180.5
00917,24.12
5457,27.2
6465,45.75
1339,45.2
8162,58.8
2881A,61.8
3169,100.0
4506,123.0
6417,109.0
3025,56.4
3051,22.45
00746B,34.78
1336,17.25
6859,112.5
2020,21.75
6270,30.15
1256,179.5
8476,20.0
6185,13.2
00723B,29.64
6735,63.5
1201,12.45
3011,10.75
2755,102.0
009801,11.24
6720,138.5
00908,15.45
006207,32.49
2883B,8.18
3611,187.5
4714,10.55
00639,16.75
3652,34.4
2038,12.8
00962,14.92
6763,41.9
5704,23.0
00842B,29.56
3588,52.2
6625,76.6
1565,94.8
6771,41.9
2640,155.5
4119,52.4
7810,196.0
00700,17.73
8403,19.65
5312,91.0
6690,162.5
6598,27.95
009812,12.74
4503,24.35
6609,39.3
6170,47.75
5210,28.65
6230,107.0
5538,37.2
2459,67.0
5478,98.9
3306,44.65
6150,59.3
1219,11.15
8442,45.9
2608,28.65
4126,77.8
8099,58.9
00780B,36.76
00846B,35.58
8404,16.15
6130,28.1
8240,42.1
5302,10.2
00844B,30.73
00741B,37.31
00901,44.61
8183,29.3
2511,8.3
3050,11.55
4442,51.4
1615,44.3
3092,23.9
7767,44.75
00792B,31.06
00761B,33.32
00756B,30.59
00860B,38.13
7631,146.0
6474,39.7
00726B,32.5
5203,58.7
3679,109.5
8011,15.9
4726,24.75
2062,19.15
00903,21.39
00755B,31.87
009811,13.32
1529,16.95
00638R,6.71
5213,21.2
00778B,33.64
2460,28.55
1742,17.8
3552,46.0
00656R,5.89
1784,61.5
3018,14.65
4562,31.75
00653L,47.13
2706,12.5
5488,12.4
3390,21.45
8102,69.0
3040,38.65
00736,31.48
00781B,27.43
6164,11.9
3346,20.1
2423,75.4
00834B,33.55
2248,63.9
2102,18.9
6606,26.0
1616,19.25
1233,27.8
7823,84.0
2704,46.5
6136,24.9
6184,41.65
2524,35.05
4430,19.0
2237,27.0
6574,123.0
2022,7.76
1459,14.5
2025,12.55
4438,60.7
6885,20.55
1517,11.45
00890B,31.42
3259,10.8
6161,50.3
5283,57.2
3311,31.7
00634R,3.12
00967B,9.02
00749B,31.09
6612,74.7
6523,89.5
8038,30.6
6129,13.85
6698,32.0
00730,28.9
6792,59.0
5529,21.6
4934,14.25
00710B,19.14
7772,87.3
4160,39.95
9908,29.15
6486,73.8
6203,60.3
2250,60.2
1732,26.4
6021,36.35
3027,18.2
6237,34.0
1449,12.2
00840B,29.05
3071,24.4
6928,48.0
3038,20.5
5512,7.84
3372,14.9
00737,41.07
2390,10.15
2739,35.9
9951,53.9
4111,30.05
00785B,34.35
7728,569.0
5315,19.2
8938,52.6
1598,20.15
2482,15.75
3086,27.05
00841B,27.71
4935,34.45
6821,41.5
5487,31.2
00972,21.59
2427,22.2
00702,25.24
00902,13.35
6558,24.85
1108,11.8
8467,97.0
5533,13.95
6028,99.5
6654,166.0
6684,46.45
2471,48.85
3609,23.0
1416,11.75
6142,9.0
3379,29.25
2538,9.06
8272,61.9
4580,78.6
3530,55.1
1525,68.1
4942,33.45
1467,8.27
00793B,30.07
3607,14.0
6986,43.1
5525,22.3
00775B,31.2
1780,25.0
1817,40.05
7820,120.0
00709,41.23
6674,16.1
1806,8.02
9943,51.2
1617,17.55
9940,20.8
6728,107.5
009809,17.26
00932,17.49
5215,40.4
3628,68.4
4807,31.45
3434,30.9
2065,36.25
3466,24.45
4569,160.5
4907,47.2
00647L,140.75
1530,30.0
6874,78.9
00714,22.23
3564,46.1
3057,17.0
6794,70.8
2440,13.9
3206,34.25
4417,47.3
6220,25.55
3052,11.2
3570,164.0
5324,12.2
00687C,9.17
6965,73.9
5905,7.91
2838A,51.9
6498,75.8
8935,17.75
0051,141.8
3171,63.0
7818,62.4
009814,11.45
4729,19.0
1527,32.9
1752,31.9
8087,26.45
00870B,27.7
5493,78.9
4741,41.65
3501,39.9
6931,41.4
6875,32.7
8048,52.1
1451,17.35
2115,23.55
6581,108.0
2596,33.7
00681R,21.56
1777,74.0
6148,27.5
3687,64.6
6733,25.65
8410,32.75
9906,39.25
1783,40.5
8432,50.1
8924,50.5
2516,14.05
6657,30.25
5489,41.6
4168,22.6
1410,25.5
6508,26.5
4207,20.5
00645,57.2
4116,39.2
00957B,13.06
1799,30.0
8487,70.6
4155,14.85
6183,93.3
5403,92.7
6431,20.0
1540,19.1
6671,23.5
2729,160.5
3511,19.45
2373,53.4
2431,10.3
2380,19.95
2849,14.4
9905,21.5
00836B,28.07
2013,41.4
3438,57.5
4994,86.0
6118,15.45
2882B,58.9
6128,20.25
6666,41.75
4304,23.4
1295,45.6
6649,35.1
4426,7.81
6577,80.7
6248,18.35
5903,185.0
2743,57.7
6552,24.85
6887,36.05
8049,24.5
1457,14.35
6968,43.55
6953,228.0
6418,33.0
6216,22.3
2477,21.0
2430,17.5
3527,51.2
1531,13.05
6743,25.1
8916,40.5
1321,32.35
1337,4.57
009807,16.82
5398,14.05
2705,15.8
2488,48.7
4582,23.65
9902,13.7
6906,72.0
6689,61.2
6272,23.4
3128,22.15
3492,20.05
3310,68.1
7704,63.0
7736,70.8
6461,15.85
6266,25.1
00943,21.28
00971,17.64
4113,14.7
3268,18.0
009810,21.47
00711B,15.72
6881,206.0
3349,23.45
00982D,9.76
2007,7.1
6283,20.0
1110,16.0
7709,69.4
5272,17.05
4433,19.1
3321,18.0
6240,21.1
2762,83.0
2227,48.85
3288,21.4
6703,103.5
5603,14.6
5907,4.91
6123,42.95
3002,16.8
6592A,95.3
3447,27.3
2887Z1,19.0
4911,28.85
1464,10.2
1234,33.5
3178,58.9
4545,32.0
3021,20.1
3058,8.15
3354,20.45
1730,51.7
4133,20.85
6844,59.9
6776,53.2
6838,23.1
9919,13.9
7718,47.7
4554,32.4
00648R,3.9
2028,15.8
0061,24.39
7821,39.1
6921,69.7
2109,14.8
1533,31.3
4737,57.3
1235,36.15
5201,26.7
4933,53.9
4106,24.45
6281,51.5
00921,23.9
6918,74.0
009818,19.87
00657,77.95
1570,33.05
5014,10.15
8927,20.0
5230,17.55
1788,129.5
3419,12.1
2008,30.8
6516,58.5
00899,23.75
1294,55.7
3043,21.25
4744,28.25
8089,18.05
6441,21.7
7791,57.2
4148,32.0
2450,28.3
3322,11.3
1593,31.85
1805,10.25
1726,77.5
5465,24.25
4108,11.05
1236,25.55
8421,13.45
00956,13.23
6167,10.65
7723,19.05
1452,11.5
8440,20.4
4166,24.05
2701,10.65
2012,15.0
2754,68.8
4999,18.85
8072,26.35
4414,8.35
6856,42.0
8435,53.8
6958,17.6
6233,21.25
4572,140.5
4440,17.5
00788B,29.35
9937,55.2
6752,100.0
7819,35.45
4550,24.4
00683L,21.11
3284,20.65
6134,27.9
9928,18.5
5202,11.9
8284,66.8
4563,39.35
4543,32.15
1315,66.0
7814,30.7
8354,17.3
1446,13.65
3224,34.45
7760,33.2
4195,14.25
6140,16.2
8481,40.7
6855,113.0
1460,6.62
6597,72.0
1225,24.5
3083,23.3
6219,12.2
2616,13.5
3373,16.65
8059,13.65
4178,17.45
00669R,5.18
5013,26.5
009808,29.63
6113,23.25
2444,10.95
2114,88.5
00651R,5.1
1522A,50.9
2722,21.9
7803,19.15
1731,20.8
1776,17.05
4171,17.05
6423,79.3
4120,47.5
6114,25.3
6865,26.6
4588,51.5
6961,51.0
1439,29.35
1338,14.65
9912,12.95
6582,32.0
2911,6.61
3285,37.1
6556,58.5
2642,20.4
00703,19.88
8908,39.75
1535,46.0
6504,37.75
2462,19.6
3684,53.8
00771,15.65
1614,30.7
2063,24.3
2514,11.95
3325,11.3
2748,38.4
6804,18.75
3597,27.1
8171,19.45
8176,9.95
6229,23.55
1432,15.05
8931,40.6
6722,32.3
912000,2.64
00856B,37.88
00684R,15.21
8411,12.95
2254,60.5
4702,9.68
4109,11.25
1465,12.3
5011,17.55
3686,14.3
6614,36.0
8047,46.8
6730,33.85
4711,16.7
4527,40.7
00717,14.81
00739,27.83
8068,16.95
3296,23.7
7642,79.0
3276,14.5
2314,11.1
3646,23.6
1468,13.1
8940,15.25
4530,26.8
6506,17.35
8101,12.1
2887F,45.8
2904,12.9
2643,61.9
910861,3.8
5007,56.3
1735,20.4
6982,47.95
1438,22.35
5547,20.0
2230,24.15
6641,18.1
6934,72.2
4754,38.05
4173,17.4
2239,20.0
3122,25.6
5546,13.6
4552,17.7
3226,52.5
6578,17.9
1506,10.25
8077,44.5
8424,69.2
9962,10.15
1725,30.8
8423,17.95
1417,8.23
1456,13.45
2496,54.9
4413,19.4
7547,54.4
8906,27.2
6955,119.5
3073,22.75
4523,24.6
7839,45.3
6171,23.55
9926,49.05
8930,29.4
6692,24.25
6708,38.65
1203,44.35
6751,40.95
6846,57.3
6721,52.0
8034,18.4
3432,14.9
2897B,11.55
3297,26.85
4138,51.2
4175,51.2
6925,50.7
8024,13.2
4205,69.1
1413,9.32
2926,30.5
3168,42.15
6482,28.8
1470,23.7
2882A,60.4
6470,41.75
6201,44.95
3118,31.7
3232,19.9
1423,35.75
3272,14.0
3541,21.95
00666R,8.9
006206,37.5
6527,75.0
5251,24.8
4558,16.7
1906,11.5
1220,11.0
4557,51.6
8463,21.35
1539,15.9
8416,168.5
8032,36.05
4502,15.75
3467,45.75
7738,166.5
00689R,22.6
6904,124.0
2756,61.8
7705,30.85
7753,37.9
3313,10.25
3710,5.25
00786B,32.46
4995,48.5
2937,48.15
4420,36.95
8291,31.8
9931,34.0
3522,11.6
3465,29.4
7715,31.2
6971,25.9
5278,24.35
00983B,15.33
6294,28.7
8277,7.97
7794,28.3
00958B,9.15
8443,11.45
5276,19.4
6542,44.05
2929,5.71
5438,16.9
8433,54.7
1454,12.4
1541,21.7
6276,19.6
00852L,35.86
8092,12.65
8409,17.9
8093,22.6
6109,11.0
5355,6.0
1474,10.05
5016,24.7
2348A,38.1
1599,23.0
6872,15.3
1796,29.35
6952,37.15
2910,24.0
00980B,9.25
2506,8.63
2916,40.25
1473,20.0
6958A,20.0
4402,14.8
5701,4.2
2945,39.8
5245,23.4
2438,18.05
5450,15.15
5356,25.95
5310,25.9
00982T,14.86
3494,7.09
5344,13.65
7770,37.9
006203,188.7
2433,41.85
8477,15.65
7835,20.7
2002A,37.25
7708,92.0
3523,14.7
5353,28.1
8367,40.5
6680,51.9
4153,32.8
6951,71.7
8929,13.25
4131,31.95
6655,116.0
8429,6.03
1626,9.5
6916,19.0
4581,48.75
3205,48.55
3308,19.95
5516,11.65
4401,14.05
020025,37.45
9944,17.5
2702,12.3
2726,8.51
3623,21.55
3266,13.95
5364,8.59
1418,17.65
3557,24.4
1475,26.1
5211,19.25
2881B,60.8
3164,15.9
6791,100.5
4161,22.95
5514,14.65
6936,32.45
1340,5.1
7811,72.4
2424,8.02
4706,32.0
6616,8.47
6697,41.05
6988,11.85
6158,16.6
8933,4.46
6835,31.0
6908,30.85
3150,17.3
6198,19.4
1453,11.25
7757,89.1
6512,20.45
8342,88.5
6194,29.45
6154,13.9
5345,21.9
4745,11.9
00980T,11.79
1445,10.35
2732,64.5
3531,21.35
9941A,51.1
911868,1.17
3666,25.15
8928,22.85
6195,27.65
6884,31.0
2432,27.35
00920,24.37
5460,16.05
7732,34.3
6103,26.65
2901,23.9
3516,25.8
6807,38.2
3567,25.45
8201,12.0
4930,16.2
8941,44.65
006204,223.2
8080,27.8
6222,20.15
1323,21.6
9918,42.8
4192,19.45
5523,30.35
8426,21.2
00851,70.25
4538,17.4
8472,67.9
4139,39.25
5543,24.15
6593,32.15
5878,38.5
2947,62.5
00886,46.85
9949,23.4
2734,15.0
2887G,44.05
3593,11.0
3252,15.8
5902,34.75
2024,13.3
1240,57.1
1435,24.4
3521,12.2
8107,12.1
6754,41.75
3499,12.75
5520,82.8
3713,14.7
8489,22.9
2751,53.4
5220,19.9
4121,13.2
4584,39.0
4183,14.0
1521,25.55
6899,50.2
1443,24.75
6910,24.5
3095,36.25
1512,6.55
6020,20.4
7713,71.1
5223,23.65
4154,11.8
5212,46.6
3512,19.7
4767,27.4
6997,68.1
6246,12.35
4102,19.1
9950,10.25
6645,12.9
7782,25.6
1813,11.5
6560,31.55
4190,25.2
2891B,62.3
9929,11.2
2891C,61.4
5604,30.55
5601,30.5
4188,10.0
1341,59.6
5703,14.9
4568,39.5
4943,8.42
7747,114.5
4535,28.5
4950,15.85
4432,15.7
1781,10.95
8437,9.08
00654R,6.68
6144,13.35
4528,15.2
6124,26.6
1463,17.6
6615,33.85
6169,12.5
4972,16.55
8482,48.7
8466,15.85
4419,46.85
6929,23.35
020000,30.77
2736,11.5
6264,6.03
1441,8.86
3672,12.55
1101B,43.2
4305,43.2
5548,20.75
6624,41.05
4529,3.2
2939,19.6
6843,39.1
3664,5.56
6767,24.35
2712,14.4
8455,23.6
2067,5.85
6661,16.9
6590,65.5
2719,20.9
4406,10.05
2941,29.6
8450,14.75
1213,7.25
009806,13.71
7584,26.35
8917,52.2
1324,10.05
2073,24.9
00657K,24.44
8401,23.15
8349A,45.6
5015,21.8
4198,42.9
4609,4.57
8488,9.92
00668K,19.56
4924,9.76
5906,38.0
3115,9.14
3632,7.19
3191,17.8
6210,17.4
6242,34.0
5348,16.45
00787B,31.95
9960,30.35
6212,30.05
5455,29.55
2740,29.5
6662,29.45
8066,14.7
00982B,9.55
8067,12.8
2836A,24.1
7716,23.9
3085,11.55
5205,20.9
00682U,20.29
6228,17.85
00636K,8.75
8921,17.45
00734B,15.55
1516,15.0
2724,10.7
00986B,9.8
4806,9.27
9110,3.11
8444,5.01
911622,3.6
0054,28.25
0058,43.71
0059,42.85
00625K,8.77
00643K,3.98
00649,19.12
00658L,37.0
00659R,11.21
00667,20.79
00672L,0.75
00677U,1.48
00691R,10.46
00704L,18.84
00705R,19.03
00707R,32.18
00716R,13.96
00718B,19.05
00721B,48.06
00729R,20.56
00732,40.74
00742,22.2
00743,24.2
00744B,42.35
00745B,42.04
00747B,51.85
00748B,42.52
00765B,38.72
00766L,11.92
00767,17.4
00769B,60.3
00774B,40.85
00774C,9.12
00776,20.78
00784B,39.32
00790B,53.2
00794B,39.82
00796B,41.84
00797B,41.36
00798B,42.65
008201,101.2
00831B,41.42
00832B,42.92
00833B,43.87
00835B,45.16
00837B,37.64
00838B,40.38
00839B,41.85
00843B,40.37
00854B,41.86
00855B,38.6
00866,21.84
00868B,36.17
00869B,36.69
00872B,37.13
00873B,37.28
00874B,38.04
00883B,30.98
00906,11.95
00925,16.1
020001,26.35
020002,11.12
020003,15.89
020004,33.28
020005,19.35
020006,32.05
020007,41.23
020008,13.31
020009,26.67
020010,13.56
020011,16.4
020012,22.88
020013,14.84
020014,6.3
020015,18.69
020016,28.32
020018,24.94
020019,21.59
02001B,8.75
020020,27.19
020021,4.42
020022,7.62
020023,7.2
020024,5.94
020026,6.37
020027,10.65
02002L,7.38
02003L,4.34
1258,26.85
1262,34.9
1312A,20.85
1333,1.44
1507,64.8
1538,9.16
1566,19.65
1589,5.54
1592,2.57
1701,21.15
1724,15.6
1787,26.15
1902,20.65
2035,27.15
2064,12.45
2235,27.6
2321,15.0
2358,4.56
2443,3.57
2448,41.4
2456,94.6
2499,4.12
2752,179.0
2809,56.6
2823,30.55
2841,2.68
2867,9.7
2888,11.8
2888A,36.5
2888B,36.8
2924,17.4
2928,31.85
2936,40.35
2948,37.35
2949,61.0
3036A,52.0
3064,19.6
3067,17.1
3089,81.0
3144,38.2
3158,82.8
3202,3.96
3332,62.0
3383,1.7
3426,47.8
3452,1.47
3454,99.4
3536,2.92
3562,14.8
3629,13.85
3642,3.87
3682,7.47
3698,22.25
4130,26.7
4141,26.1
4144,26.9
4152,99.6
4180,70.9
4429,40.8
4712,2.85
4725,17.9
4728,395.5
4747,56.5
4803,3.6
4804,3.27
4944,11.6
4945,76.1
4947,228.5
4987,81.6
5102,24.65
5259,7.86
5264,87.1
5281,15.8
5301,5.5
5304,3.32
5305,42.3
5349,25.4
5383,41.5
5820,11.7
6131,5.18
6172,20.1
6176,81.3
6236,14.95
6238,179.5
6241,13.85
6247,15.45
6251,20.3
6287,8.89
6288,20.95
6289,1.35
6404,4.64
6452,56.6
6457,62.1
6496,25.0
6497,5.66
6514,50.8
6592B,94.6
6594,31.3
6747,199.0
6762,170.0
6806,3.51
7743,21.25
8105,13.8
8287,0.73
8406,278.5
8418,8.95
8420,40.6
8427,74.9
8480,84.6
8497,65.5
8905,34.55
8913,13.3
8923,18.65
8934,36.1
910482,0.25
911608,2.78
911616,0.48
911619,0.11
912398,5.15
9157,0.86
9188,3.47
```

