# 收盤價 MD
# T:2026-10-08 07:01

## [CLOSE]
```csv
代號,收盤價
2327,647.0
2330,2585.0
1303,314.0
2454,4835.0
2492,428.0
2303,148.5
4958,595.0
6274,1720.0
2408,514.0
6147,231.5
2308,1990.0
3081,3140.0
6488,1215.0
2383,5950.0
2313,246.0
3189,1100.0
1815,132.5
2368,1245.0
3008,6845.0
3661,4190.0
2409,37.95
6257,278.0
3105,588.0
8046,1480.0
3026,839.0
3443,8460.0
6213,796.0
2360,2400.0
3037,1305.0
2344,179.5
8358,549.0
3441,249.0
3017,3545.0
2345,2015.0
6182,135.0
6515,5520.0
2317,252.0
1301,75.4
2455,559.0
3665,2315.0
6456,102.0
1802,65.7
2449,299.5
4979,579.0
6770,72.6
5274,17750.0
6442,1815.0
5483,224.0
0050,116.05
3653,6805.0
3406,1085.0
3450,535.0
6669,2240.0
3711,732.0
6278,250.5
8039,304.5
3481,52.5
3532,513.0
2376,365.5
3605,167.0
3231,185.0
2301,300.0
3624,159.5
1326,75.8
8150,128.5
6239,307.5
6223,5530.0
4991,518.0
4919,159.5
8021,556.0
00631L,41.75
3374,497.0
3324,1525.0
00981A,32.26
6505,107.0
4908,254.0
6187,1535.0
5347,190.0
3264,250.0
2481,178.5
2382,335.0
8299,2060.0
3363,679.0
3707,89.9
7769,5885.0
3491,1705.0
6285,257.5
00406A,10.24
5536,1045.0
3163,702.0
3715,139.0
2059,11790.0
1709,60.2
8086,140.0
2337,118.0
6531,1000.0
3042,210.5
3260,365.0
6538,332.0
1711,45.45
2882,113.0
2426,104.0
3529,3015.0
3090,174.0
2464,193.0
4971,604.0
8042,126.0
6834,125.0
2472,243.5
1785,107.0
6805,2455.0
2340,48.15
5475,193.0
1504,73.3
8111,94.0
8028,285.0
6449,261.5
00927,40.52
2484,87.1
7856,4380.0
8210,872.0
6139,787.0
2603,232.5
2881,155.5
1605,39.9
2478,134.5
2466,180.5
2357,989.0
00685L,13.84
6207,147.5
6683,1445.0
1714,19.65
4989,73.7
8996,1645.0
3211,389.5
6209,90.9
6526,786.0
7610,1805.0
6446,1205.0
3533,1825.0
5425,104.5
2375,129.5
0056,58.45
00403A,11.36
5351,114.5
6944,908.0
7788,329.0
009816,17.04
4927,54.5
3167,1025.0
4931,252.5
6197,371.0
5289,1260.0
2883,38.5
3044,582.0
6715,485.0
6672,505.0
3036,215.5
2891,68.7
3006,270.5
2486,240.0
0052,67.65
4916,102.5
3236,56.2
1519,702.0
5285,97.8
00985A,24.5
3234,191.0
2049,342.5
8261,191.0
2395,733.0
00992A,20.14
6290,284.5
1216,75.5
2887,42.15
2316,179.0
8043,145.0
3693,718.0
00919,31.94
2885,70.0
00662,127.35
6510,3020.0
2489,41.4
4977,175.0
3362,196.0
00400A,16.47
00991A,19.19
6548,77.9
2412,145.5
3034,529.0
1409,26.15
2379,741.0
6271,241.5
6415,456.5
1560,1020.0
8069,145.0
2467,569.0
2404,1330.0
6199,139.5
3030,313.5
5340,90.0
009828,11.32
6426,347.5
3131,2450.0
2890,44.65
1476,297.0
6451,426.5
6716,153.5
3701,61.1
3675,359.5
00830,92.55
4551,187.0
7792,406.5
3583,743.0
7717,602.0
1727,106.0
2324,36.1
2886,49.8
6196,670.0
00881,53.95
2305,58.9
3016,195.0
2367,47.2
2351,218.0
6226,43.45
00937B,13.58
2413,58.1
6127,58.3
3014,149.0
1590,1230.0
00918,34.14
2451,287.0
4760,334.0
00929,30.14
2493,214.0
2474,199.0
3045,122.5
3149,77.1
5314,27.55
3673,76.3
1717,75.6
6706,154.0
2615,111.5
7711,632.0
3035,209.0
1101,25.5
4722,224.0
00935,62.95
4764,206.5
3702,120.0
2377,156.0
4906,42.2
3357,225.0
00878,35.22
6727,526.0
2485,43.7
5234,336.5
2609,59.1
8131,68.2
2356,58.1
2241,52.0
2892,38.9
2254,91.4
2884,45.75
00998A,16.77
6640,1080.0
3680,567.0
2371,30.6
3563,740.0
2428,267.0
00646,78.15
3265,217.0
5439,262.0
00947,40.77
2880,46.9
5328,58.0
6667,278.5
00712,7.08
3147,295.0
6830,530.0
6168,41.45
5434,605.0
1513,168.0
6691,776.0
8064,136.0
2363,60.7
8033,174.0
8027,208.5
00891,38.5
1569,72.2
6152,19.8
6217,173.0
00405A,9.66
7795,545.0
9105,8.89
5309,67.2
3498,231.5
6218,60.8
6933,385.5
3293,780.0
3376,169.0
6116,15.5
2002,18.95
2236,84.3
2436,72.4
6155,71.5
3013,96.3
5871,106.0
2402,61.9
2369,32.7
6584,538.0
1477,202.5
2912,213.5
2027,47.75
4904,106.0
00679B,24.3
4576,232.0
00632R,9.14
2399,49.95
3019,138.0
4707,32.6
4749,791.0
5880,26.55
00988A,17.59
6620,125.0
00922,45.15
6693,197.0
7799,516.0
6789,485.5
00713,63.25
2354,62.1
9904,24.95
00675L,366.25
00663L,120.8
4967,265.0
5388,74.0
00687B,25.24
3717,27.45
2385,105.0
2441,127.0
6533,347.0
6174,58.2
00934,30.07
2542,38.8
6811,273.0
2439,78.7
2421,171.5
3094,67.5
7828,1800.0
2801,27.75
3029,115.5
006208,265.6
4938,90.0
9933,43.55
2634,63.6
4720,23.25
2618,41.95
6861,270.5
4768,363.0
8103,118.0
6530,98.2
3714,67.4
6643,498.0
00961,13.19
7734,2710.0
2302,48.3
6175,77.0
00720B,30.5
6957,444.0
6291,469.5
00407A,10.6
2342,50.1
1708,57.3
1718,11.3
3311,47.35
3055,223.0
1312,15.05
1314,8.91
3518,50.3
6190,76.4
6138,270.5
6788,377.0
2637,96.8
7750,1995.0
5432,195.0
6491,411.5
6668,50.2
7822,950.0
8112,83.7
1795,182.5
7751,1600.0
6781,1025.0
2061,68.4
3023,323.0
5876,49.5
3706,80.9
2030,36.75
1503,199.5
2353,31.3
00982A,24.52
1773,177.0
1402,28.6
3219,130.0
3317,68.7
00888,36.86
8926,60.3
6831,488.0
00411A,11.23
6472,428.0
2605,36.6
1609,39.0
8155,334.0
8213,37.7
00673R,10.79
4542,337.0
4772,277.0
4961,179.0
2347,96.8
4763,46.35
2855,57.7
5469,80.5
8271,202.0
6525,142.0
6414,395.0
4739,87.4
00795B,24.41
1455,10.8
00725B,32.55
00996A,15.43
00892,43.52
3413,288.5
4716,19.45
2312,31.05
5904,70.1
00953B,9.45
5269,1455.0
4903,46.75
1809,46.5
2332,21.1
6282,44.05
00990A,16.77
6658,202.5
00984A,16.32
6983,382.0
1102,35.9
00904,44.55
4755,127.5
8110,49.5
2103,29.0
2834,17.55
8016,289.5
3689,118.0
2610,20.35
3543,55.7
2812,18.85
6409,888.0
00637L,18.02
4566,77.3
6435,257.0
6117,68.0
6829,215.0
1434,18.95
4949,83.9
6191,87.5
1514,103.5
1608,37.05
3455,281.0
00940,13.28
6485,85.6
009829,10.88
6179,37.75
00708L,70.7
4939,76.9
6005,32.55
3221,54.4
2498,42.3
8040,90.2
2207,526.0
00409A,10.41
8054,81.3
6919,78.1
00735,111.2
5243,96.8
2476,131.5
4966,568.0
3576,18.6
00965,25.37
009805,15.56
00980A,26.67
3564,60.9
5386,281.5
2393,68.0
6532,116.5
6166,131.0
3141,81.5
2851,47.75
3551,200.0
4915,62.9
2515,12.15
3031,33.5
00896,28.66
4956,42.8
2006,85.9
5292,243.0
2606,74.5
5498,54.8
00962,15.31
4556,145.0
6141,53.4
2458,134.0
8227,372.0
3556,65.6
1319,80.0
3596,157.0
2355,44.6
1597,145.0
8096,90.1
00909,47.58
009819,10.14
009803,22.38
8289,55.4
3088,134.0
1721,27.75
6263,178.0
8070,51.5
00859B,40.69
6284,80.0
00900,19.7
3162,83.1
3645,74.3
00984D,9.63
6547,61.4
6907,189.0
1736,122.0
4174,52.1
6214,189.5
6121,370.0
00923,42.79
1440,13.95
6509,50.4
3587,246.0
2221,189.5
6432,66.2
6613,290.0
3005,118.0
2388,71.5
2468,41.85
6133,26.95
4105,80.3
00715L,69.9
8074,58.0
00724B,31.34
6945,140.0
5452,31.2
2645,173.5
5443,113.5
6588,109.0
00997A,12.04
6739,1100.0
1710,17.6
4770,267.5
2406,30.9
9921,91.8
2359,127.5
6949,45.3
8464,365.5
9945,29.3
8091,233.5
5864,39.4
6443,27.6
2105,30.35
2338,47.8
2329,45.4
8422,25.6
6937,292.5
2465,89.0
5284,286.5
5011,22.65
2483,38.85
6579,153.0
6202,60.9
00751B,28.54
00933B,14.83
6227,140.5
6416,118.0
8121,34.65
4167,20.45
6890,156.0
6664,378.0
3227,186.5
00912,37.2
2034,24.15
6438,165.5
3490,45.65
5244,40.75
6862,148.5
9939,127.5
00865B,48.94
4766,359.5
3021,27.95
00753L,8.42
3504,83.6
6108,25.95
00696B,26.49
8081,262.5
7772,144.5
3305,110.0
4743,47.1
5013,52.7
6206,134.5
00722B,32.74
4973,135.5
009820,10.79
6224,80.2
6903,327.0
9910,66.3
00999A,11.63
2352,28.9
1304,13.05
3010,132.0
3209,46.5
00757,146.1
6122,59.9
8431,64.0
6269,65.3
2548,91.2
2915,58.5
009821,13.26
3228,164.5
00740B,35.59
6902,138.0
00772B,30.87
3289,142.5
00670L,221.25
2374,66.6
9914,67.4
00401A,14.62
6651,142.5
00950B,12.96
6712,161.5
00719B,31.02
3718,63.9
00981B,8.94
3025,58.5
2101,29.75
1595,72.3
00402A,10.37
8383,70.6
00948B,8.7
6176,91.1
009826,10.13
3592,236.0
3033,41.7
8454,244.5
6603,28.8
4912,109.5
6234,41.8
2607,55.7
3558,134.0
1722,41.3
3526,276.5
00635U,42.57
00692,99.9
8050,60.6
3048,53.4
6913,134.0
6708,68.5
1808,32.35
009802,20.54
2328,48.2
00995A,18.66
00738U,48.0
2504,31.55
5426,30.2
6419,165.0
6617,121.5
00404A,10.07
4721,82.3
1325,27.8
3580,103.5
2614,15.45
00773B,33.09
2201,28.9
009827,10.85
1210,51.3
00913,54.0
9941,76.3
6120,14.0
6016,24.0
2495,37.65
3022,90.7
8114,177.5
00930,23.98
2845,13.0
6742,59.9
3617,245.5
00731,99.2
6205,71.9
0055,49.82
7827,165.5
3135,157.0
2392,40.75
3694,51.9
3479,134.5
1617,23.95
7712,173.0
1904,25.25
4540,58.9
9958,89.0
3630,28.25
6244,22.8
2033,53.2
2633,25.75
00985B,10.02
1229,39.65
2646,20.1
6148,37.1
8109,135.0
3515,219.0
2401,26.45
9938,39.15
3354,30.5
7730,195.5
3138,102.0
00915,33.06
6719,189.5
2889,16.3
00764B,25.2
3380,30.9
00939,24.13
6425,73.2
00924,34.57
6204,111.5
8147,142.0
2850,163.5
3114,39.55
6279,116.0
6462,102.0
6156,23.4
3004,121.0
2243,59.7
00893,47.91
6412,74.0
2727,233.5
00989B,9.86
3537,56.3
6163,42.85
3535,91.9
00993A,14.62
6517,68.5
7556,283.0
6153,18.0
2020,24.4
4960,24.15
2009,39.9
2543,39.15
3467,71.2
3339,45.4
4142,18.55
7740,108.0
5460,19.25
1528,24.05
3615,43.95
5228,55.8
00994A,18.17
8932,90.1
3059,38.55
8936,53.1
6265,49.15
00951,19.55
4147,61.9
8182,43.8
5457,23.85
6104,87.5
00633L,43.64
6901,17.15
1313,12.6
1305,12.9
4923,62.7
00410A,13.06
3229,55.7
00988B,19.04
00643,17.01
0053,262.0
3402,139.5
6215,97.0
8255,153.0
00680L,5.59
6768,64.9
3297,33.8
6782,232.5
00980D,19.36
2415,29.2
2108,29.75
00952,18.68
2204,51.6
2597,165.5
3213,123.5
6885,30.4
1459,18.25
6245,87.3
3152,242.5
00770,67.3
4526,33.45
3545,49.5
2206,63.1
5464,93.4
00655L,30.26
7749,391.0
00768B,45.2
2501,20.6
3691,104.0
7709,83.7
4164,28.2
7810,248.5
00882,14.79
00733,78.35
3704,39.45
00857B,20.98
8390,91.8
00894,52.2
6962,32.9
8163,29.9
00954,20.81
00876,95.85
009823,10.64
6188,62.5
00665L,8.58
00650L,15.44
00931B,12.29
1563,80.6
7777,37.3
6690,178.0
4123,31.1
7722,270.0
00864B,46.21
6877,132.5
6165,47.75
2104,11.3
8215,27.95
1308,14.75
5009,32.7
1309,14.4
8436,102.5
2233,168.0
2208,18.5
5522,61.2
6143,78.3
00945B,14.24
5534,71.6
3581,113.5
3290,50.8
3060,29.15
5291,64.3
4976,37.6
1310,9.74
4127,42.9
4583,416.0
6261,77.9
6589,50.6
3062,22.35
6015,17.8
00943,21.36
00981T,11.69
00877,34.99
8240,55.7
5222,103.0
4771,203.0
2527,50.7
6922,204.0
4736,131.5
00858,36.9
5521,11.1
3028,63.1
6146,181.5
5202,14.4
3338,70.5
6405,40.25
4541,59.1
1810,23.4
5299,99.5
2032,18.7
1612,35.05
9802,65.9
3388,86.0
6679,199.0
1536,46.55
3049,12.2
9919,14.65
3631,43.05
6585,105.0
00887,15.1
00938,27.28
8438,81.7
4711,17.5
6870,316.0
1215,105.0
3032,77.2
00853B,25.25
2535,90.0
4569,159.5
3483,79.0
5392,38.95
6177,45.9
2211,79.8
4968,97.2
00928,35.41
5608,16.55
00955,15.88
6469,64.7
6180,39.65
1231,78.0
00897,13.55
00910,57.65
00981D,10.1
6654,217.0
3169,109.0
2539,33.8
00963,12.5
9103,5.35
0057,345.65
00885,17.73
00987D,9.36
00964,14.87
5471,51.7
5465,33.55
2913,10.9
6605,137.5
4577,88.8
2348,70.6
6753,131.0
6125,50.1
1905,12.9
2617,32.1
1907,28.3
00917,22.23
3015,52.6
2480,167.5
6743,35.75
3685,35.3
1444,6.99
6221,30.05
7744,533.0
4746,48.05
1582,71.7
3430,113.0
2723,80.1
5203,59.9
4706,43.15
6235,36.7
2419,27.3
3416,169.0
3485,223.5
00898,11.51
7765,235.0
6541,32.7
1723,81.4
2540,48.75
3312,51.5
6231,234.5
2630,45.55
009815,12.33
6925,71.2
6023,84.5
3437,21.3
6112,44.75
3597,36.75
5381,22.0
2731,144.0
009811,13.77
5251,31.1
3550,24.55
00905,28.56
6894,363.0
00941,26.81
4536,158.0
7723,21.8
6592,56.6
00688L,5.58
2069,25.05
2107,28.15
6292,68.8
3040,33.0
6498,74.5
00985D,9.38
00990B,9.85
1449,12.8
009813,11.74
6840,95.0
6028,112.0
2753,184.0
4934,15.55
3217,128.5
6140,20.05
00761B,31.58
6670,274.0
4585,290.5
009824,10.84
3663,62.5
4171,18.4
6561,313.0
00850,99.0
2444,15.75
5474,161.0
00408A,11.04
00986D,13.83
9911,81.3
3373,17.1
4951,88.7
00690,85.0
2491,39.7
5529,25.6
2838,20.5
2520,37.0
2072,130.5
3622,47.05
6953,257.0
8011,16.9
6994,30.25
6695,51.4
00895,54.1
3591,26.8
5236,126.0
1732,26.75
6873,65.1
4128,15.35
00697B,33.84
6642,79.1
1227,27.7
2546,108.5
006205,39.05
2457,22.0
00916,27.14
5263,91.4
00701,41.58
6803,262.0
00991B,14.2
2612,61.7
2417,37.9
8105,15.15
3303,49.85
00693U,23.82
1565,97.3
00678,41.91
6259,32.7
00848B,32.07
4953,118.0
6233,24.95
2362,46.7
00970B,8.62
00946,15.4
00911,58.75
2816,40.5
7855,41.9
6499,79.5
7714,168.5
3705,57.4
8234,61.8
5321,70.1
3078,46.1
7402,99.6
00921,24.26
00942B,13.04
9917,106.5
00642U,31.1
4510,41.9
8088,44.45
5609,78.7
00987A,18.06
00752,22.0
2031,45.9
6869,70.8
009814,11.61
4534,29.85
2601,6.08
7728,637.0
4543,32.75
6216,21.25
1909,10.15
3466,27.5
2903,21.95
3284,21.5
2420,56.6
6126,32.4
3003,58.5
00861,92.3
8476,20.9
2349,10.3
6101,38.75
3577,110.0
6411,78.7
3066,27.0
2365,27.85
8083,160.0
00966B,12.8
5607,52.5
00958B,8.53
6150,65.0
4129,83.6
6225,68.7
6854,91.4
5225,53.2
3709,66.0
2331,19.0
3041,24.0
3356,67.6
4133,21.7
1307,31.5
6757,53.2
3054,58.9
7780,16.15
5288,189.0
1618,39.3
5209,173.0
2836,12.1
00694B,41.72
4303,31.35
6604,25.35
2897,10.65
4114,29.2
009800,13.8
2641,17.25
00875,60.0
3588,55.6
00676R,5.05
5508,53.9
3218,133.5
009804,24.8
2461,17.05
1707,84.9
8048,51.5
6785,90.8
00728,71.35
2014,16.9
1232,154.0
5306,87.9
1315,72.0
2707,175.0
2887I,9.52
4590,89.4
9925,39.4
6799,91.5
4169,151.5
8341,73.6
3708,96.2
2397,63.4
2497,44.75
3548,74.2
3176,38.35
1201,11.45
5530,48.3
3268,24.3
6689,62.7
5515,52.0
1712,39.85
2434,60.5
6596,96.7
7768,300.5
2636,70.1
00779B,25.44
6477,33.85
3093,46.5
6761,168.5
1524,26.1
1623,195.0
4952,49.35
6230,115.5
6568,139.5
2442,14.0
00695B,33.56
4162,55.8
2025,13.5
4905,92.8
6725,217.0
3027,19.75
2258,30.9
5481,20.4
4506,118.0
6535,81.0
9907,14.8
6208,79.8
6546,61.5
3046,53.0
00983A,13.31
2887E,48.35
1447,6.62
00746B,33.01
4714,11.95
2010,22.65
00968B,8.56
00936,21.66
00907,17.82
2015,64.5
8162,64.9
3178,67.1
7825,78.1
7703,206.0
2425,36.6
4563,53.0
2887H,42.8
00971,18.17
8349,41.6
2820,16.85
1442,26.8
6461,29.2
1342,101.0
8374,75.6
1515,28.4
00980T,12.27
8076,21.35
3552,44.05
6967,73.4
7631,140.5
6657,33.4
4909,36.9
6243,39.3
1568,31.35
3528,85.4
6732,153.0
1522,25.95
6947,68.1
00664R,1.48
3484,49.8
3294,31.95
3594,46.35
1735,23.15
00959B,8.61
2115,24.85
2405,15.1
6550,16.05
5258,42.15
2883B,8.62
6821,45.55
2106,16.7
3051,22.45
1295,50.2
6134,28.35
6164,13.35
2414,54.0
2852,27.75
00849B,37.24
00756B,28.73
4532,24.6
5493,90.2
8222,35.05
8473,40.1
00920,25.71
4441,171.0
6266,26.4
4306,14.5
3230,40.35
009817,8.47
00706L,18.98
6875,27.05
6192,111.5
7805,492.5
1104,26.85
4564,15.85
6237,35.65
4571,153.5
4533,25.5
2453,53.3
6756,97.9
6909,43.3
6560,33.05
3130,207.5
6698,31.9
1537,113.0
4555,42.25
3703,19.35
00989A,18.33
2908,22.05
2547,9.68
8924,49.05
00960,22.45
1584,18.1
4417,48.55
1591,40.65
1316,10.35
4157,8.55
2427,22.95
3530,58.6
7812,65.0
00984B,14.95
1336,18.1
9927,62.5
8415,35.3
009801,11.96
00884B,27.16
4406,10.05
6186,28.95
1532,21.75
2611,15.05
4561,42.05
3323,29.8
3652,35.15
3346,23.3
5230,22.75
6026,15.85
00862B,28.91
00902,13.09
00755B,30.11
9930,58.7
2387,36.1
8478,139.5
3684,60.5
6189,49.4
3672,12.85
3287,39.5
6735,63.2
1713,44.75
3092,24.55
6763,41.5
3623,29.6
3188,22.55
2231,91.0
00836B,26.2
2530,20.0
2608,28.55
6965,62.9
9955,23.9
00982D,9.28
3555,163.0
8044,24.1
1789,18.95
00736,32.03
00863B,29.16
00652,30.92
8432,53.8
00845B,31.41
3372,16.6
7786,116.5
00726B,31.0
6275,47.35
6492,34.0
5227,28.85
2905,17.7
1218,14.45
2348A,38.0
6024,59.4
6649,36.15
2023,13.9
4104,72.0
4560,30.05
3546,72.7
8084,15.95
00791B,56.25
1720,56.1
2230,21.75
2460,30.45
6423,87.1
4588,56.6
6170,49.15
00762,122.65
6841,55.8
00926,27.03
00723B,28.04
6465,41.2
3207,39.1
6534,94.0
2832,57.0
8045,55.9
7715,26.8
6277,78.1
5531,7.01
4807,31.6
6142,9.1
6790,37.25
2755,98.0
4545,38.45
3011,10.0
6914,119.0
5450,14.6
6576,79.0
3679,108.0
1580,96.2
1598,20.25
00844B,29.03
3540,24.0
00760B,49.73
2459,65.0
00983B,14.18
1436,36.25
5287,137.5
8038,34.1
6021,42.75
4178,18.05
00754B,29.96
009810,21.68
00758B,47.79
7736,71.8
00759B,50.25
00789B,43.95
0051,153.15
8104,30.95
00702,23.31
1103,13.15
2536,18.4
00763U,34.69
3056,13.65
2488,49.7
3625,10.1
4163,134.0
00741B,36.7
00983D,9.55
00709,38.3
1786,41.45
6220,25.65
00890B,29.74
006201,48.48
6151,35.65
6741,54.2
8938,51.8
8942,40.2
6581,108.0
1733,30.55
3444,78.3
00799B,27.19
3047,14.5
2613,21.95
1472,89.0
8249,39.7
00834B,31.79
5487,29.85
3257,49.5
1702,32.75
00681R,23.25
2545,33.85
7689,157.5
00792B,28.81
3716,33.65
3628,72.4
00714,20.3
00727B,39.01
9908,29.05
3669,32.2
2380,15.8
6417,105.5
00777B,29.65
6924,131.0
00710B,18.52
6684,48.45
00852L,32.89
4974,69.7
00967B,8.42
2429,30.1
3024,13.8
1603,30.6
1110,14.45
3508,25.05
6496,23.85
6794,72.0
8201,16.75
4735,38.0
1788,127.0
1616,18.65
6270,29.9
2887G,44.1
1533,30.55
8024,12.2
00932,17.64
6203,59.8
5478,96.8
5278,23.1
8071,21.9
1586,17.8
1321,32.45
4137,76.4
3712,20.35
6171,24.0
3071,22.6
1264,249.5
5511,68.4
5512,7.51
9929,12.55
3607,14.0
5344,14.35
5490,25.55
6703,100.5
2528,18.8
00860B,37.74
3050,11.6
4119,53.6
3038,20.45
6504,37.95
2364,64.6
1799,28.0
8047,46.95
1529,15.7
1217,9.89
4416,12.6
7743,27.0
6751,48.8
1474,10.0
2640,155.0
2516,15.05
6494,52.1
1760,54.3
1783,38.55
2432,28.3
5484,38.95
2237,26.65
9934,9.82
00641R,3.61
2511,8.25
6129,14.3
1611,11.3
9940,20.0
5213,20.05
00645,59.15
1256,166.5
2423,71.5
5519,24.8
5245,20.0
1234,32.3
2070,62.3
1527,32.5
00636,26.13
00956,13.33
6598,26.75
5410,33.45
006203,210.35
1734,32.1
8403,18.85
00780B,35.26
3570,169.5
00669R,5.39
00782B,28.06
1466,14.55
1558,109.0
6996,166.0
009822,9.45
8462,158.0
00846B,33.97
2065,35.7
00668,60.0
4166,23.9
00653L,41.03
9906,40.0
5871A,99.8
4438,56.4
6183,91.4
6115,43.9
5210,29.85
2509,13.6
6118,16.15
6863,96.8
00851,74.7
4107,109.5
6558,24.95
00749B,29.34
6629,100.5
8435,52.7
00737,42.04
006207,30.65
00750B,30.34
4503,23.8
9942,113.0
3438,60.8
00687C,8.56
9943,50.1
00778B,31.48
2462,20.05
5403,91.6
3611,183.0
3321,17.65
2732,63.2
4562,30.2
7791,53.8
3520,17.8
7818,61.0
6591,42.25
8499,252.5
6859,120.5
6838,25.1
8171,21.05
4549,99.0
1737,29.95
4168,23.0
6728,109.0
2247,226.0
4513,16.2
00840B,27.32
1240,53.9
2643,63.0
009825,9.77
2743,51.5
2505,17.0
6431,17.0
7794,29.6
3360,15.35
009806,13.99
4126,77.5
5398,15.0
3609,24.6
00969B,7.24
00647L,142.55
6111,35.85
6776,52.4
2756,61.4
7721,61.4
00700,16.65
4924,15.7
1464,9.94
1414,17.65
2109,14.35
4108,11.35
2433,39.5
6486,78.4
2390,10.05
3306,47.3
00683L,22.6
00980B,8.73
1615,41.9
6184,40.0
3086,27.4
6516,56.7
2471,51.2
2228,73.9
4195,15.85
4106,24.25
4572,139.0
2038,12.55
009812,13.24
2029,21.95
5206,22.7
6906,79.3
4557,50.2
00841B,26.08
00781B,25.48
1416,11.85
00640L,112.7
1471,9.42
6928,45.0
3058,8.2
6103,39.9
6136,25.25
1731,20.95
7738,158.0
3687,60.7
2482,16.25
4741,40.6
8085,15.1
4580,82.5
4737,55.0
6569,91.0
8410,26.7
2538,8.78
00717,14.49
6272,25.5
5706,44.5
00775B,29.45
00689R,24.36
6918,73.7
6872,22.05
6606,24.25
7704,60.6
7821,35.0
5903,185.5
2534,16.6
6574,120.0
2477,22.35
6194,31.85
3325,11.25
6986,44.2
2102,16.55
6441,22.55
00949,22.37
2062,17.85
1806,7.96
5324,12.55
3527,50.6
3710,8.25
8072,26.9
4113,14.8
1467,8.21
7820,110.5
1726,76.2
1339,42.45
00639,15.01
9946,16.65
9935,18.25
7705,29.75
4205,67.7
8446,86.2
7547,61.5
8908,39.8
00944,22.38
6722,33.0
6523,89.1
9924,37.95
2017,8.89
6988,12.85
1777,75.5
3310,67.9
8034,19.3
8068,17.05
2250,54.9
1517,10.4
4942,31.55
00901,50.0
2882A,60.1
8404,13.5
1817,39.7
5212,49.1
2537,11.0
00661,91.0
020020,30.65
6570,47.4
9951,46.25
6823,60.2
00684R,14.76
2440,14.15
6573,15.9
5468,24.35
6615,33.3
3002,18.9
1535,45.75
00785B,32.65
8279,80.8
00648R,3.85
00870B,26.01
1457,14.3
1583,47.3
6733,24.85
6791,101.5
8099,58.9
8049,24.65
5016,27.2
009818,21.69
1784,60.0
2881A,61.4
1540,18.9
5488,11.95
4907,43.0
2881C,51.7
6637,54.4
3390,22.3
2227,44.4
8937,25.0
9960,40.1
6908,26.05
6931,38.1
8442,46.1
3666,25.4
4995,46.8
6418,34.35
6185,12.55
3296,28.5
8927,18.45
00842B,27.95
6609,39.0
6229,23.9
5905,7.38
5201,27.3
3057,15.0
1762,33.9
7823,78.7
5603,14.1
1725,34.1
2616,13.15
3205,46.55
3434,31.3
6625,73.8
1437,31.2
00711B,14.6
4552,15.4
6721,49.0
009808,32.95
00903,22.35
2704,44.65
6506,18.85
8916,40.8
00957B,12.33
4728,394.5
1268,175.0
4729,19.6
6968,41.1
1460,6.15
3322,11.1
3501,37.7
6470,42.8
2114,90.0
2901,24.9
6804,18.3
2022,7.16
00671R,2.29
3511,20.1
3379,27.3
1780,24.6
6552,24.6
1225,24.2
1445,10.4
1742,17.7
00972,21.42
00674R,29.55
6923,73.4
00771,14.8
2745,85.8
3150,15.05
4207,19.3
8935,18.3
00703,18.51
6241,16.35
4726,22.7
5014,10.05
6796,56.0
7760,32.55
6895,155.0
5220,22.1
8440,20.15
00686R,0.91
1451,17.0
6792,59.8
8032,36.15
2911,5.92
6161,49.0
9905,21.25
8089,19.35
6474,35.55
9918,43.0
3226,57.8
1730,51.1
00730,30.12
6666,44.05
5353,28.7
00987B,15.17
2431,10.15
00986A,15.27
1473,19.05
4946,99.1
7642,67.5
2013,41.25
8102,60.8
4523,24.0
2450,28.15
3541,24.35
1417,8.16
5310,29.4
3522,12.0
3043,20.85
8489,21.9
8092,12.0
2762,77.7
7713,73.1
5302,9.81
2729,154.5
6113,23.65
8176,9.72
4744,28.45
5356,25.9
1587,23.8
1604,23.3
3288,21.95
1463,17.65
6582,31.3
4935,32.95
5315,19.1
6114,22.7
2887Z1,21.8
4442,53.4
7835,19.8
5015,22.9
00657,83.1
5538,36.3
3285,43.0
8093,26.35
7803,17.5
6464,76.5
3686,15.8
9902,13.05
5283,51.6
4933,53.2
2028,16.9
1219,11.25
00886,49.9
6881,215.5
8080,28.3
8421,13.25
1752,31.5
2939,24.3
1456,14.4
6614,35.5
8931,42.55
4582,22.1
2314,10.85
4188,13.95
1468,13.4
4109,11.0
2849,15.35
00908,14.25
1531,11.5
6951,69.0
6934,73.6
9931,34.0
6109,10.3
0061,23.05
1525,63.2
6612,72.2
2938,18.3
8467,91.5
6936,32.2
6720,124.5
4414,8.07
00899,21.99
4754,37.95
1419,65.7
5312,89.4
8437,11.0
6527,75.0
5272,17.7
5533,13.9
6754,40.5
00982T,15.61
3122,24.15
3447,27.5
4440,17.45
3052,10.5
7811,73.0
2882B,58.8
2751,54.3
2063,23.55
2881B,60.7
2887F,45.45
3713,13.5
4527,45.0
8940,15.15
8433,52.3
1446,13.45
6645,12.3
6577,80.5
2923,23.7
2524,33.65
8930,28.2
6961,45.75
4999,17.7
4139,43.15
2705,15.1
2002A,37.35
4153,31.65
2248,61.0
8411,11.7
4432,15.25
1614,31.0
6916,19.0
2739,36.2
5215,37.7
1526,15.05
6969,30.55
7718,45.8
5355,7.76
8277,15.5
3419,11.9
912000,2.45
2596,34.05
2706,12.1
5438,17.1
6160,13.85
1294,50.0
6952,39.1
3224,32.45
2066,51.8
6835,32.05
3567,26.05
4116,39.75
6248,17.15
2718,39.7
3206,34.2
3313,10.3
6674,18.3
1236,25.8
4192,17.8
2642,20.2
9110,3.38
1776,18.5
1805,10.0
6697,41.1
6508,26.35
3531,21.65
2373,52.5
6123,42.65
8059,17.55
1530,26.35
3332,64.6
5211,20.85
1340,5.18
00788B,27.88
9962,10.2
1410,23.9
3276,14.1
1108,11.1
2929,5.73
2838A,52.0
4131,30.7
4581,48.1
2012,14.0
6219,12.0
4173,17.2
2430,17.6
8426,20.85
5205,30.3
3349,18.4
3557,23.65
1903,47.25
3489,22.5
3308,22.35
4120,45.8
6899,49.3
4102,18.65
6240,26.25
5489,41.95
6887,36.8
2007,6.95
6158,17.85
1452,10.7
3499,13.45
1475,25.5
1109,13.3
6593,32.2
6281,50.9
4304,16.5
4426,7.61
3512,19.0
8481,40.5
3158,85.1
4138,53.8
2514,11.3
6283,18.95
5701,4.19
2734,14.3
4160,38.95
6856,41.65
5907,4.68
2748,38.65
6590,64.3
4439,96.0
6130,22.85
4413,20.35
4420,35.4
1337,4.41
7770,40.0
1432,15.0
3516,26.4
4430,17.8
9136,9.35
6578,16.2
5525,21.95
1324,9.92
2891C,60.5
3128,20.1
4121,12.8
1323,21.5
9928,17.85
4702,9.34
6846,57.7
009809,18.97
006206,36.53
5604,31.7
3168,42.2
7767,45.45
8291,27.7
6556,62.3
8401,22.6
3232,19.85
5704,22.5
8354,16.5
2906,13.3
4994,82.0
6904,123.0
8342,82.0
6982,44.7
1521,25.7
1465,11.6
3083,23.05
2947,60.5
2438,19.3
4767,28.25
6692,22.6
00739,26.32
2754,67.3
6771,42.3
4747,23.15
6855,115.5
4111,28.85
9950,10.25
8906,28.65
6844,56.9
2239,18.15
6144,13.25
1512,6.28
5547,20.2
2496,54.9
1539,15.6
8097,48.3
8423,17.95
6624,38.35
1796,30.0
8487,70.0
1506,9.63
2736,11.15
00660,45.44
2722,21.5
1338,15.05
2916,40.5
6929,22.5
1220,10.9
6884,30.9
5348,17.4
8450,14.2
6542,39.6
3018,11.5
7753,35.5
5007,55.6
3646,25.1
3118,31.3
2424,8.9
5345,21.75
8933,4.54
3164,16.7
7708,91.5
6276,19.2
6201,44.25
1516,13.6
3073,20.45
6128,19.2
8416,171.0
00867B,28.38
5902,34.05
8284,67.9
2702,12.05
8444,3.73
3191,17.45
2701,10.3
9937,54.5
1454,12.1
911868,1.16
8429,5.89
4568,38.85
9944,17.25
6195,28.05
4911,28.0
4972,16.15
6971,23.5
4554,27.75
00786B,30.4
3523,13.75
2926,30.2
5514,15.1
1203,43.0
8272,60.2
6616,8.5
4190,24.5
6767,24.5
6865,26.7
6752,96.7
4558,17.0
2506,8.39
1593,31.55
6874,70.3
8488,9.82
6997,68.0
7757,89.1
7839,44.25
3432,14.7
5548,20.1
1438,21.75
4538,17.4
1418,18.6
00634R,3.28
6655,128.5
2724,13.5
5520,84.5
1435,21.05
5516,11.95
006204,248.95
1541,20.55
9941A,48.65
2904,12.65
8482,48.0
5543,26.5
00666R,9.42
7819,33.05
3095,32.9
3664,8.19
7782,25.25
8349A,45.2
1906,10.7
4148,32.1
1233,28.05
7814,28.0
7747,111.0
9912,13.05
1453,10.95
9949,24.1
2726,8.0
8463,21.25
8477,14.1
6482,23.3
8424,69.6
3465,29.8
6671,23.05
020025,41.34
8928,22.8
6910,25.4
8107,11.9
8466,15.35
5364,8.3
4161,21.5
6592A,96.7
6169,12.0
4528,14.75
6843,38.15
8455,23.2
4806,11.3
5223,22.6
5546,13.85
00651R,5.43
2752,178.5
8941,43.9
1441,9.71
910861,4.56
4950,15.7
6958A,21.4
4530,24.35
7732,33.55
2035,27.6
1570,32.75
8367,40.9
8409,18.0
3521,11.55
00638R,7.0
3259,11.5
2945,39.8
6264,6.07
1235,30.95
2008,30.95
4401,13.75
6680,50.1
5301,6.0
5878,37.5
1413,9.3
3494,7.08
6228,18.15
4550,24.05
4502,15.75
6641,17.15
6958,16.75
1101B,43.4
1626,9.79
6246,12.65
4433,18.0
6020,20.65
4305,41.2
1312A,22.85
4584,38.0
6154,14.25
3266,14.0
4745,12.15
6124,27.2
6210,17.9
3252,15.3
8917,52.5
1423,34.55
2073,25.6
1813,11.15
7842,99.7
1781,9.93
7716,24.8
9926,49.0
3492,19.4
911622,3.71
2719,19.15
6730,31.9
2836A,23.85
6955,93.0
5455,30.8
8112A,45.6
5523,30.35
2024,12.75
4943,6.64
2235,28.45
3629,13.95
00783,26.76
00656R,6.16
2712,13.2
8929,12.8
5906,38.0
009807,18.38
1470,24.3
00654R,7.18
1538,8.85
2910,23.5
3272,13.9
8905,34.4
8472,68.1
1259,65.5
6597,64.8
4930,15.8
00982B,9.01
2740,31.5
2941,31.35
2891B,61.7
00787B,29.96
7584,29.6
8066,14.75
3115,8.12
8443,11.15
6294,27.75
8067,11.05
00986B,9.15
3593,10.75
00657K,26.16
4419,48.5
2064,11.9
2897B,11.85
4198,47.0
8087,23.5
910322,23.5
1443,23.1
2937,45.0
6512,20.2
00668K,18.86
2948,36.4
5276,18.0
6661,17.2
6212,32.2
8101,10.2
1213,7.31
5703,13.8
4402,13.6
4535,26.5
1599,22.8
6222,20.0
2924,18.25
00636K,8.33
3064,14.6
4529,3.3
4154,12.3
4609,4.39
911608,2.67
0054,28.25
0058,43.71
0059,42.85
00625K,8.33
00643K,3.74
00649,19.12
00658L,37.0
00659R,11.21
00667,20.79
00672L,0.75
00677U,1.48
00682U,21.04
00691R,10.46
00704L,18.84
00705R,19.03
00707R,31.9
00716R,13.96
00718B,19.05
00721B,48.06
00729R,20.56
00732,40.74
00734B,14.71
00742,22.2
00743,24.2
00744B,42.35
00745B,42.04
00747B,51.85
00748B,42.52
00765B,38.72
00766L,11.92
00767,17.4
00769B,60.3
00774B,40.85
00774C,9.12
00776,20.78
00784B,39.32
00790B,53.2
00793B,29.55
00794B,39.82
00796B,41.84
00797B,41.36
00798B,42.65
008201,101.2
00831B,41.42
00832B,42.92
00833B,43.87
00835B,45.16
00837B,37.64
00838B,40.38
00839B,41.85
00843B,40.37
00847B,23.3
00854B,41.86
00855B,38.6
00856B,37.09
00866,21.84
00868B,36.17
00869B,36.69
00872B,37.13
00873B,37.28
00874B,38.04
00883B,30.98
00906,11.95
00925,16.1
020000,35.36
020001,28.63
020002,11.12
020003,15.89
020004,33.28
020005,19.35
020006,32.05
020007,41.23
020008,13.31
020009,26.67
020010,13.56
020011,16.4
020012,23.13
020013,14.84
020014,6.3
020015,18.69
020016,28.32
020018,24.94
020019,21.59
02001B,8.75
020021,4.42
020022,7.62
020023,7.2
020024,5.94
020026,6.37
020027,10.65
02002L,7.38
02003L,4.34
1258,26.85
1262,34.9
1333,1.44
1341,59.1
1439,29.15
1507,64.8
1522A,51.3
1566,19.65
1589,5.54
1592,2.57
1701,21.15
1724,15.6
1787,26.15
1902,20.65
2067,4.8
2321,25.5
2323,11.0
2358,4.56
2443,3.57
2448,41.4
2456,94.6
2499,4.12
2809,56.6
2823,30.55
2841,2.68
2867,9.7
2888,11.8
2888A,36.5
2888B,36.8
2928,31.85
2936,40.35
2949,62.5
3036A,52.0
3067,16.9
3085,12.1
3089,81.0
3144,38.2
3171,57.7
3202,3.96
3383,1.7
3426,47.8
3452,1.47
3454,99.4
3536,2.92
3562,14.8
3632,7.1
3642,3.87
3682,7.47
3698,22.25
4130,26.7
4141,26.1
4144,26.9
4152,99.6
4155,14.2
4175,50.7
4180,70.9
4183,14.75
4429,40.8
4712,2.85
4725,17.9
4803,3.6
4804,3.27
4944,11.6
4945,76.1
4947,228.5
4987,81.6
5102,24.65
5259,7.86
5264,87.1
5281,15.8
5304,3.32
5305,42.3
5349,25.4
5371,83.5
5383,41.5
5601,28.9
5820,11.7
6131,5.18
6167,10.3
6172,20.1
6173,284.0
6198,19.7
6236,16.9
6238,179.5
6242,33.85
6247,15.45
6251,20.3
6287,8.89
6288,20.95
6289,1.35
6404,4.64
6452,56.6
6457,62.1
6497,5.66
6514,50.8
6592B,95.0
6594,31.3
6662,28.5
6747,199.0
6762,156.0
6806,3.51
6807,32.75
6921,65.7
6950,28.5
8077,41.2
8183,28.2
8287,0.73
8406,278.5
8418,8.95
8420,40.6
8427,74.9
8480,84.6
8497,65.5
8913,13.3
8921,16.45
8923,18.0
8934,36.1
910482,0.25
911616,0.48
911619,0.11
912398,5.15
9157,0.86
9188,3.47
```

