# 收盤價 MD
# T:2026-10-08 10:40

## [CLOSE]
```csv
代號,收盤價
2408,530.0
2330,2565.0
2327,632.0
2492,410.0
6488,1120.0
2059,10650.0
8039,314.0
1303,311.5
5274,17400.0
1301,81.6
3661,4345.0
4958,599.0
2454,4765.0
1815,134.5
6274,1725.0
3624,175.0
2368,1280.0
2449,294.0
2344,178.0
3026,871.0
1802,63.7
6147,230.0
2383,5960.0
3324,1555.0
3653,7140.0
3008,6820.0
3017,3485.0
3443,8380.0
2303,148.0
6182,129.0
3105,583.0
3081,3005.0
3189,1075.0
3711,727.0
3037,1270.0
3231,187.5
3665,2385.0
6770,73.2
8086,154.0
2409,37.1
0050,115.25
6257,280.0
8046,1465.0
2345,2065.0
3693,719.0
1326,77.9
2308,1965.0
2313,249.0
6442,1755.0
2317,250.5
00631L,41.17
3532,488.5
8021,558.0
6515,5605.0
6187,1555.0
6278,252.5
5483,214.5
2382,325.5
6805,2385.0
2337,116.5
6505,112.0
3533,1925.0
6239,305.0
6510,3280.0
5475,198.0
8150,127.5
6213,798.0
8299,2070.0
2301,299.0
8042,138.5
3481,51.6
3374,499.0
2455,562.0
7769,5975.0
00406A,10.18
2340,50.7
5536,1040.0
6669,2235.0
00981A,32.21
00685L,13.61
3406,1080.0
2481,173.0
2484,89.6
3707,86.6
6531,994.0
2360,2360.0
7856,4365.0
4919,156.0
3264,247.5
6672,536.0
6127,64.0
3450,525.0
1711,47.7
6223,5620.0
6449,266.5
6456,101.5
4989,74.3
00919,31.67
1590,1235.0
0056,58.3
6446,1210.0
6415,462.5
6538,342.0
009816,16.91
4979,567.0
6197,380.0
3491,1720.0
3529,2950.0
5347,189.0
3265,238.5
00927,40.26
1714,20.05
6834,130.0
3042,210.5
2883,37.55
8358,536.0
00985A,24.37
4908,246.5
5340,92.9
2241,55.5
3006,269.0
6199,141.0
5351,114.5
1727,109.0
8111,93.6
00403A,11.29
2472,240.5
6226,45.3
4991,506.0
2882,111.5
6209,90.0
3260,364.0
4903,48.65
7788,305.5
2887,41.05
8996,1675.0
6139,777.0
2395,726.0
2357,1000.0
5289,1270.0
2426,101.0
2881,152.5
3211,390.0
2464,187.0
2305,64.7
4931,245.0
2489,41.1
1718,12.1
8112,85.7
8210,881.0
5309,67.1
00991A,18.96
3219,137.0
00992A,20.03
3715,137.0
3044,587.0
2376,363.5
3236,60.1
3363,671.0
1476,308.0
4939,78.3
3163,686.0
2609,60.1
2891,67.6
1605,39.7
3048,57.0
8261,184.0
4927,55.5
6426,331.0
00929,30.1
00878,35.03
0052,67.2
6831,487.5
6174,62.8
3234,184.5
00632R,9.21
3036,216.5
3167,1015.0
3147,307.0
5425,101.0
3702,119.0
00998A,16.1
6683,1420.0
2615,112.5
3317,71.7
1785,104.5
2404,1305.0
2363,57.5
1101,25.85
6944,876.0
2451,285.0
4749,764.0
6526,802.0
3034,530.0
3362,194.0
6811,284.5
2324,35.55
2478,133.0
2603,234.5
3090,173.5
8028,284.5
8131,68.3
7610,1770.0
4967,270.0
2049,334.5
009828,11.21
6658,214.5
2412,146.0
1504,71.8
2428,274.5
3030,310.5
1709,61.5
5439,264.5
6285,256.0
6691,784.0
6715,479.0
3680,569.0
2885,69.0
6196,662.0
2486,236.5
4971,596.0
2379,744.0
1314,9.12
3441,240.0
2890,44.35
3035,204.5
00935,62.4
1409,26.45
6207,146.5
00405A,9.66
3131,2440.0
00400A,16.19
2485,41.9
2254,91.6
6291,447.0
00918,34.0
00881,53.5
00663L,118.8
6451,419.5
1519,695.0
3016,190.5
6271,240.0
2886,49.55
2316,173.5
2375,131.0
00922,44.77
00891,38.29
8027,203.5
2467,548.0
3673,75.0
00712,6.93
8043,148.0
2892,38.85
2351,218.0
3675,346.5
4770,274.5
2356,57.8
3416,184.5
3605,164.0
5314,27.3
6168,41.0
6217,166.5
6179,38.2
4720,25.55
00637L,18.21
2377,156.5
6719,193.0
3293,779.0
1312,15.35
1560,1010.0
3290,55.8
6146,195.5
2002,18.95
6152,20.8
4722,217.5
2332,21.05
6218,57.9
1717,74.9
7751,1625.0
5228,59.1
7795,526.0
7792,400.0
3717,28.0
7734,2700.0
4973,149.0
2884,45.15
2476,132.5
00830,92.4
3149,75.0
7717,579.0
6727,528.0
3543,56.7
1569,69.4
4764,206.0
5243,98.5
2493,216.5
00937B,13.6
6620,131.0
4551,183.5
2801,27.9
6789,480.5
6907,182.0
5386,285.0
00961,13.21
8069,145.5
2302,48.9
2027,48.0
00675L,360.5
3013,96.6
00679B,24.33
3357,224.0
006208,263.8
8213,38.4
5234,334.5
2367,46.2
3564,66.9
3014,146.0
6414,401.0
00725B,32.6
2834,17.45
3563,733.0
3498,228.5
4542,323.5
00982A,24.31
5269,1475.0
7822,950.0
00947,40.72
2912,212.0
7711,624.0
6290,282.0
6668,51.5
00407A,10.56
3583,735.0
6547,62.1
4938,89.8
7828,1800.0
00988A,17.37
2474,196.5
4763,47.05
2466,188.0
1708,57.4
8110,49.6
6830,524.0
8033,170.5
3376,169.5
6933,376.5
2413,56.8
6667,280.5
6533,347.0
1216,75.5
3031,34.4
4167,21.85
2421,169.5
6155,72.6
3714,66.9
2880,46.25
2441,124.5
5434,602.0
3045,123.0
6706,151.5
5285,96.6
4977,173.5
2103,29.75
9933,43.6
6548,77.3
4904,106.0
9904,24.95
3455,279.5
00720B,30.55
2353,31.4
3311,47.55
1710,18.2
2354,62.1
7749,361.0
3706,80.5
8227,357.0
8064,134.5
5292,246.0
1102,36.15
6116,15.2
2542,38.95
2634,63.5
2618,41.9
8271,200.5
00904,44.28
00411A,11.15
00673R,10.83
00409A,10.35
4956,42.6
5328,59.1
00996A,15.38
6532,110.5
1477,204.5
1325,30.55
2465,86.4
6282,43.45
6166,126.0
6190,76.0
3019,138.5
2439,79.3
6788,381.5
3023,327.0
4906,42.25
4716,20.2
00934,30.02
2605,36.55
1513,166.5
6643,494.0
00877,34.48
6121,364.5
00662,127.65
00713,63.2
2355,45.25
8103,116.5
6409,873.0
00984A,16.23
6861,267.0
00715L,70.55
8926,61.5
9945,29.6
6005,32.25
2329,43.8
00687B,25.28
6485,83.9
6640,1060.0
00708L,70.8
00888,36.72
2402,61.4
6957,446.0
4772,277.5
00882,15.0
5244,41.35
6491,400.0
1434,19.35
2342,49.4
6781,1020.0
00980A,26.47
00646,78.15
6416,120.0
9105,8.71
2338,47.6
2371,30.25
2369,32.05
7712,174.5
00990A,16.63
4760,342.5
009821,12.96
009829,10.78
1721,28.35
1773,176.5
5880,26.4
3701,61.6
6739,1085.0
4916,102.0
6191,88.2
2061,67.2
4576,228.5
8155,326.5
8289,57.2
2101,30.1
7799,510.0
9919,16.1
3587,243.0
4768,364.5
8096,89.2
2385,105.5
4566,75.0
6269,64.0
2236,82.3
4556,135.0
1595,74.1
4707,32.5
6472,424.5
2436,71.8
00751B,28.58
3094,67.7
6202,58.9
5469,80.9
4142,19.0
5871,106.0
4912,111.0
1732,28.2
00953B,9.44
1503,197.0
2221,193.5
1440,14.2
2855,58.3
2312,30.75
6919,78.2
8932,92.4
6234,40.2
5388,73.2
00633L,44.02
00962,15.28
3684,62.5
4755,127.5
5230,24.3
4949,84.1
1723,84.3
3413,288.0
1313,12.95
5432,185.5
6525,137.5
4915,63.4
3221,54.8
2498,42.5
4966,562.0
3689,119.0
6016,24.0
6949,45.75
5904,69.6
5876,49.2
3162,81.9
6263,175.5
7750,1985.0
00670L,221.05
1402,28.6
2399,49.2
00404A,10.02
1795,181.0
00923,42.48
6138,268.0
6693,197.5
6175,76.9
2030,36.45
5460,21.15
4157,9.37
3685,37.05
6214,190.5
6141,51.6
1609,38.5
2108,30.35
3305,110.5
4739,87.4
2347,96.9
00997A,11.98
6901,18.15
00896,28.59
009803,22.27
5498,54.2
4105,80.9
2393,68.0
1304,13.35
5263,96.8
6716,138.5
3535,93.0
009820,10.8
3005,118.0
00865B,49.03
6163,43.9
2458,132.5
2406,30.35
6469,66.5
00738U,47.71
6829,212.0
6215,95.0
8040,89.1
3551,197.0
3029,116.0
2359,126.0
1809,46.05
00401A,14.57
3227,186.0
4736,135.0
3558,137.0
6937,287.0
9103,5.88
8431,60.5
5209,179.5
2610,20.3
6584,532.0
8936,53.7
00981B,8.94
1615,46.05
3518,49.5
00940,13.24
3576,18.4
6664,372.0
5443,111.5
4743,48.35
1310,10.1
4171,19.85
7740,118.5
3141,80.3
2105,30.55
00757,147.2
6670,279.0
3596,157.0
8070,51.4
1455,10.5
2637,97.9
2727,235.5
7728,641.0
4114,29.9
00655L,30.62
6585,99.5
5284,284.0
3055,221.0
4934,16.9
00772B,30.92
3022,90.1
9914,67.3
00999A,11.58
00933B,14.86
6419,157.5
6122,61.8
009826,10.11
2388,70.8
6530,97.7
3010,132.5
2515,11.9
1319,80.1
00692,99.2
4540,57.9
3033,41.8
3287,43.45
2104,11.6
4714,12.6
2504,31.65
8121,32.9
6862,144.5
5009,33.25
1736,124.0
3718,63.2
6579,152.0
4174,50.2
1514,102.5
2645,173.0
4961,177.5
2606,75.0
00735,110.7
4133,23.0
3504,83.3
2889,16.4
6206,133.0
6945,134.5
6903,323.0
3645,74.0
00913,53.45
8016,289.5
5864,39.15
8081,262.0
3591,28.5
1210,51.4
3490,46.0
2812,18.8
6244,22.45
3388,86.9
8383,69.6
1528,23.8
00635U,42.59
2006,84.8
4960,24.0
00665L,8.65
1608,36.7
00909,46.46
00993A,14.48
5225,56.6
00912,36.87
6435,255.5
2034,24.1
3705,58.2
2851,47.45
00402A,10.36
2352,28.85
6613,286.0
2392,40.3
00939,23.98
00753L,8.42
8114,178.0
1597,142.0
7744,517.0
3135,158.0
00984D,9.63
6438,164.5
4162,57.0
6443,27.2
2468,41.75
8422,25.45
3597,40.4
4583,427.5
00995A,18.61
2543,39.7
3631,44.6
1722,41.45
6603,28.9
9921,91.6
1215,106.0
8464,365.0
6265,49.45
3617,243.0
00680L,5.58
8182,44.15
0055,49.19
3354,30.85
00905,28.41
6176,91.3
6588,107.5
6277,79.8
6108,25.3
6015,18.15
00987D,9.38
4577,91.3
6227,139.0
2483,38.75
6153,17.65
1305,13.0
2633,25.6
6568,130.5
8054,81.5
6188,62.4
6224,79.0
3338,68.1
00954,20.91
3526,273.5
2207,525.0
6913,130.5
3088,131.5
7556,294.5
3373,18.55
009824,10.87
2527,50.7
3556,66.0
8091,228.0
8050,61.0
8074,57.0
00892,43.34
4746,49.0
1720,56.9
4178,19.6
6962,32.3
00795B,24.45
6284,79.5
8162,68.8
1229,39.7
009819,10.14
3209,46.5
3592,234.5
00955,15.6
6742,58.3
5452,30.65
00910,56.2
2033,52.0
3339,45.7
6245,87.9
00924,34.6
3515,219.5
6651,142.5
8038,36.35
6902,135.5
00887,15.07
2328,47.95
6204,112.0
2233,165.0
00931B,12.31
2520,37.25
6708,69.2
1760,56.1
5013,52.0
3229,55.5
3483,80.0
00950B,13.01
00943,21.32
6117,65.8
3380,30.55
3066,27.1
6925,73.3
3580,101.0
1612,34.45
2915,58.7
4303,32.55
2731,145.0
1309,14.55
00900,19.59
5011,22.6
8255,150.0
6840,94.6
3025,56.6
00410A,12.99
8454,242.0
4127,41.3
5471,51.0
009805,15.38
6712,161.0
3479,133.5
1618,38.35
6679,197.0
00964,14.89
00945B,14.24
00650L,15.34
00948B,8.72
9958,89.1
4721,81.2
6509,50.6
6412,73.4
1617,23.8
3028,63.6
1565,97.2
3615,42.95
6877,132.5
3588,53.8
6180,39.0
2374,66.3
6417,104.5
8234,63.0
1563,79.9
6231,231.0
6983,372.0
3447,30.25
4711,17.6
6120,13.95
00994A,17.99
00980D,19.33
2401,26.2
4976,37.6
009827,10.76
9941,76.4
2206,63.3
3228,163.5
9939,127.0
00719B,31.07
6799,92.3
4706,46.05
6504,41.7
6534,95.0
6743,35.75
8436,103.0
3289,141.0
1308,14.8
2548,91.9
2903,22.0
009804,24.61
6894,364.0
6133,27.05
2201,28.75
00695B,33.63
3581,110.0
009813,11.77
9938,39.55
00928,35.22
6143,77.4
5203,60.3
00951,19.65
6150,63.9
00733,78.45
2646,20.05
8390,91.3
2247,225.0
2845,12.95
6024,58.9
2491,39.3
6751,51.5
8011,16.85
3402,139.5
6205,71.6
00696B,26.5
2540,49.45
4766,356.5
5392,38.55
00850,98.5
00987A,18.02
3663,61.8
6517,66.9
4128,15.7
00668,59.65
3114,38.75
3528,85.8
6890,154.0
4123,31.15
6617,122.5
4416,12.45
4541,58.7
00893,47.5
7772,142.5
7714,170.5
4564,15.85
2243,59.7
6148,37.05
3694,51.3
00690,84.25
3059,38.25
6104,87.6
6425,72.5
00985B,10.04
8088,44.5
00894,52.1
4923,61.5
6753,131.0
00676R,5.09
1907,28.4
8240,54.7
3138,100.5
3467,71.1
6499,80.9
3176,38.6
7777,37.45
6432,66.0
6885,29.65
8105,15.05
8462,155.0
7805,505.0
3708,95.2
1904,25.1
4534,30.9
3704,39.25
4526,33.1
2630,45.35
1316,10.5
3537,57.8
2607,56.3
00694B,41.77
00770,67.15
6126,32.1
3577,108.0
3049,12.1
2020,24.25
5522,60.9
00642U,30.98
3217,128.0
5426,29.9
5398,15.3
00915,32.85
6462,101.0
2535,90.6
6021,43.7
7730,195.0
00722B,32.8
7827,164.5
2495,37.9
3062,22.3
5464,93.3
6782,230.5
6953,257.5
2009,39.8
00740B,35.6
5291,63.4
0053,260.75
4935,34.85
3691,104.0
9917,106.0
3466,28.6
3545,49.2
3021,27.3
9910,66.2
2208,18.55
6292,67.3
7810,247.5
4147,61.6
00762,123.05
009817,8.41
6869,71.0
009802,20.33
00921,24.18
00917,22.04
00408A,10.98
5530,47.95
6870,320.0
2614,15.4
3218,133.0
2897,10.65
4543,32.3
2023,14.0
00773B,33.15
5534,71.4
1810,23.35
7780,16.35
6598,27.8
6261,77.0
7723,21.4
6156,23.5
2444,15.5
00701,41.25
6235,36.05
8163,29.9
2211,79.8
5381,21.9
3060,28.85
00693U,23.68
00875,58.95
6113,24.6
009801,11.98
4968,96.8
6405,40.0
2480,166.0
4953,117.5
5321,71.0
00946,15.36
6589,51.2
6792,62.5
2707,175.5
00763U,35.28
00639,14.98
009823,10.64
2362,46.65
0061,23.24
3346,22.45
4585,291.0
006205,39.35
6690,179.0
1524,26.6
00636,26.29
00941,26.59
6741,54.5
00686R,0.91
1231,78.1
3709,65.8
6605,137.0
4441,170.0
3312,51.0
1582,71.5
3485,218.5
6541,33.3
8109,135.5
3630,28.1
6695,51.4
00688L,5.56
6279,117.0
00981T,11.66
8438,81.2
2419,27.15
8147,140.5
1416,11.95
1315,72.6
00985D,9.39
2836,12.15
00916,27.18
00643,17.09
3169,107.0
3297,33.0
5515,52.7
2107,28.7
3004,120.5
2457,21.75
2838,20.4
1735,23.5
9955,24.7
00983D,9.55
00959B,8.62
6994,30.15
1712,39.95
8083,160.5
6177,45.85
8442,47.55
2204,51.5
5609,79.0
00895,53.5
006201,47.8
5222,102.0
5236,125.0
2723,79.9
5206,23.05
8215,28.25
4924,16.15
00902,13.15
9911,81.2
7765,234.5
2397,64.5
1909,10.2
2072,131.5
3622,46.7
3550,24.35
2442,14.0
4536,158.5
2014,16.95
6947,67.8
00988B,19.01
1905,12.85
7768,298.5
2601,6.14
00657,82.05
1702,33.25
3152,240.5
3713,14.85
3268,24.3
5608,16.6
6922,204.5
5511,69.7
00952,18.62
1623,195.0
00983A,13.09
2820,16.9
00768B,45.21
00986D,13.84
3041,23.75
6592,56.8
1752,32.5
1536,46.3
8473,39.95
6803,263.0
2364,64.2
2887I,9.52
1808,32.3
6873,65.3
1762,35.3
3548,73.7
00965,25.03
3003,58.2
4532,24.5
6756,96.5
6208,78.8
6136,25.65
8476,21.2
00885,17.73
7825,76.9
4807,32.2
3230,40.05
3356,67.0
00752,22.01
009815,12.35
1788,127.5
6112,44.8
4571,153.0
3032,77.5
3716,34.1
1781,10.9
7738,161.0
5299,99.7
2417,37.7
3546,73.0
3437,21.35
2025,13.65
009800,13.82
00901,49.5
1218,14.6
4951,88.9
8068,18.55
00963,12.4
00938,26.99
7689,155.5
1789,19.2
2597,165.0
00956,13.22
6596,97.0
6125,50.0
9907,14.75
3040,32.5
00640L,109.4
2425,36.4
6761,167.5
1459,18.35
2349,10.3
5474,161.0
00983B,14.19
6561,310.0
00990B,9.86
2348,70.9
00930,23.93
3213,124.0
00664R,1.49
1522,26.3
8374,74.7
5288,189.0
7855,41.8
00857B,21.0
8478,139.5
2530,20.0
00991B,14.22
3712,20.3
6550,16.5
6233,25.2
2641,17.25
6411,78.0
5205,33.3
3015,52.1
2546,108.0
4771,203.5
009814,11.59
6841,56.6
7703,202.0
6023,84.4
00949,22.18
9802,65.8
5607,52.6
5521,11.1
2231,91.0
00728,70.75
3303,50.2
1227,27.75
4137,77.0
2069,24.85
4121,13.4
00859B,40.71
00898,11.43
2612,62.4
00981D,10.1
4563,53.0
00864B,46.28
6221,29.8
5508,53.6
00706L,19.09
8341,73.7
2617,32.0
6465,41.65
4510,41.85
2415,28.9
1537,114.5
1734,32.4
6854,91.5
5202,14.1
6757,53.2
2010,22.6
3051,22.3
8085,15.1
1515,28.3
6720,123.5
2365,27.6
7709,82.0
8084,14.4
3555,159.0
2106,16.75
1451,17.1
2816,40.4
1444,7.05
6259,33.05
6637,56.2
2501,20.65
2850,162.5
6237,35.0
1449,13.0
6923,73.6
5465,33.45
3294,31.6
2031,46.1
6026,15.85
7786,116.5
2420,56.3
3058,8.42
009811,13.82
00736,31.92
4164,28.2
4909,37.25
3430,111.5
6725,215.5
5306,87.8
3078,46.05
3323,29.8
6909,43.0
2434,59.5
2539,33.6
00652,30.8
6768,64.5
6243,38.65
1580,96.9
9927,62.1
1307,31.5
00970B,8.62
6689,62.9
6477,33.7
1725,34.95
2405,15.05
4129,83.9
006207,30.79
6225,68.9
00863B,29.18
00926,27.15
8942,40.35
5258,42.15
6028,109.0
6189,49.15
9908,29.0
2258,30.9
2497,44.45
6134,28.15
3530,57.9
2753,184.0
00971,18.17
7722,266.5
6203,59.7
4590,88.5
4139,44.8
6192,112.0
3594,46.15
8201,16.9
5706,44.65
6790,37.1
00799B,27.24
00653L,40.4
4108,11.55
2536,18.4
6655,129.5
6654,219.0
00697B,33.88
00908,14.19
5478,97.3
2032,18.55
00911,58.35
9930,58.2
1604,23.45
2348A,37.9
1264,249.0
2636,70.1
2608,28.5
3056,13.65
4735,38.5
3372,16.4
6967,72.6
6574,120.5
00984B,14.97
00724B,31.36
6645,13.5
00907,17.79
2882A,60.1
00746B,33.05
6165,47.7
6582,31.7
2547,9.76
00861,91.55
9902,13.3
4169,150.0
6951,68.1
1591,41.85
3520,18.0
6216,20.85
00876,95.25
3310,68.3
8432,53.3
3609,25.0
2545,34.0
4104,72.0
1295,49.6
00764B,25.22
1342,100.5
7402,99.8
2453,53.1
6140,20.05
1707,84.9
6498,73.8
2908,22.05
6142,9.1
00897,13.6
6220,25.55
4113,14.65
3322,10.95
2427,22.95
00852L,32.46
00989B,9.85
5529,25.25
2881C,51.6
8044,24.1
00674R,29.58
1531,11.65
4533,25.3
6103,38.8
00858,36.88
6570,47.05
1776,19.8
4306,14.6
3027,19.4
7631,139.0
6164,13.15
2429,30.0
7812,65.0
9946,16.65
8076,21.35
5457,23.85
8410,26.4
00936,21.62
2905,17.7
3178,67.3
3623,30.2
6494,51.5
4106,24.45
6186,28.8
4974,69.3
8446,86.6
1713,44.85
6101,38.1
1731,21.1
2488,49.7
6604,25.35
5283,51.7
00792B,28.93
6275,47.25
6546,61.7
6642,78.9
00731,98.45
4952,49.2
2611,15.1
1217,9.91
3484,49.55
2883B,8.62
3024,13.85
1786,41.8
3666,26.2
4545,37.85
2239,17.85
4119,53.8
5493,89.6
1598,20.2
2390,10.15
00972,21.31
2528,18.7
00870B,25.97
7743,24.9
6875,27.05
1232,154.5
6194,32.45
7821,35.45
3703,19.5
00737,41.59
1558,107.5
1799,28.75
9942,113.0
4555,42.0
2511,8.23
2228,74.6
8403,19.15
8071,21.7
1321,32.85
2065,35.45
6657,34.6
00944,22.27
5251,30.85
1784,60.2
2887E,48.3
2380,15.8
4560,29.95
2237,26.2
5302,9.75
00966B,12.82
1529,15.8
8908,39.8
4552,15.3
2537,10.95
5538,36.15
6918,75.2
6606,24.2
3628,71.5
3508,24.9
3071,22.8
3527,51.3
6266,26.4
00717,14.46
3093,46.5
2414,53.9
3552,43.65
2331,18.95
3047,14.5
6130,22.95
2387,36.2
6763,41.65
8924,49.45
6170,49.1
6569,91.7
00968B,8.57
2460,30.4
8104,31.0
1201,11.5
00641R,3.66
6185,12.4
8435,52.5
6703,99.9
1447,6.63
00723B,28.12
2505,16.9
1234,32.15
5210,29.9
00942B,13.07
2755,97.4
9925,39.4
3438,60.6
9906,40.2
6924,131.0
2887Z1,21.8
00969B,7.24
4506,118.0
6171,24.0
4205,67.4
4557,50.4
8045,56.2
1268,174.5
2230,22.25
6535,81.0
8072,26.9
1104,26.8
1584,18.05
00960,22.55
2114,89.8
2423,70.7
2913,10.95
00734B,14.84
6996,166.5
2471,51.2
2461,17.05
00710B,18.47
2762,77.5
3188,22.95
6821,45.1
6461,29.05
1533,30.15
9940,20.05
1730,51.3
1456,14.8
8349,41.05
5227,28.7
6281,50.5
1527,32.35
1472,89.8
6486,78.0
1586,17.8
00986A,15.15
5704,22.9
1517,10.3
7803,17.05
2432,28.5
1442,26.7
5213,20.0
00846B,34.03
1783,38.4
7715,26.95
4905,90.9
3207,39.3
8404,13.7
6558,24.9
3672,12.1
4207,19.35
00726B,31.02
5410,33.4
1336,18.0
2062,18.0
4111,29.0
3050,11.65
6492,34.2
00987B,15.22
3046,52.7
2102,16.5
5245,19.7
2596,34.3
5287,137.0
5220,21.45
2743,51.9
1103,13.1
5278,23.1
1464,9.94
8421,12.95
1603,30.7
0051,153.45
4166,24.2
2070,62.4
8024,12.5
8047,43.5
5488,11.8
6118,16.05
8048,51.3
0057,341.9
9136,9.29
6115,44.0
2705,15.1
00967B,8.42
1339,42.1
1611,11.35
3444,77.7
7721,63.1
6988,12.7
2534,16.65
6872,21.65
6968,41.2
5519,24.65
2887H,42.7
00899,21.86
4195,16.0
3284,21.3
006206,36.85
3434,30.85
7823,79.4
2477,22.55
00669R,5.41
1806,7.95
00982T,15.46
1568,31.4
00958B,8.56
2882B,58.8
2901,25.25
5531,6.96
3540,23.85
5484,38.55
2029,21.85
009812,13.09
6560,32.7
8415,35.2
3002,19.0
8222,35.05
00989A,18.18
8092,12.9
00661,90.2
2734,14.5
4907,42.7
2066,52.0
009808,32.72
2751,55.2
3501,38.0
6272,25.6
6863,96.7
6881,216.0
2891B,61.4
1903,47.45
5356,25.8
8931,42.5
6609,38.6
1532,21.75
2017,8.92
6129,14.35
9951,47.0
7704,60.4
8089,19.2
1616,18.55
2613,21.9
00671R,2.29
1471,9.4
3092,24.15
1466,14.4
4420,35.5
5546,13.35
00932,17.64
6230,115.0
4163,133.5
4728,400.0
4561,41.95
8171,20.9
5512,7.56
6807,34.5
1817,39.6
3360,15.4
6844,56.1
1467,8.23
7547,60.1
2745,85.9
8097,48.25
8905,33.5
2462,20.05
8424,69.0
6573,15.8
1410,23.9
3257,49.2
2832,56.7
5403,91.6
6921,65.2
6111,35.85
2509,13.5
009810,21.66
4503,23.8
00647L,141.75
1414,17.7
2063,23.4
6698,31.75
00645,58.05
3349,17.85
2852,27.7
6423,86.2
8935,18.6
1439,28.6
1777,75.7
5902,34.05
5016,27.2
2516,15.05
3018,11.05
6928,44.75
8928,22.3
8249,39.3
3652,35.1
5490,25.5
00779B,25.42
4580,82.5
9944,17.35
9929,12.2
009806,13.98
00980T,12.32
1436,36.05
2459,64.8
3679,108.0
4138,54.0
6838,24.9
3669,32.3
8279,80.5
7718,45.85
9905,21.25
00761B,31.62
00754B,29.99
00845B,31.41
6735,62.7
3057,15.25
6523,89.1
6270,29.65
4109,10.9
4126,77.6
6986,44.25
5487,29.45
2729,154.0
1726,75.8
4995,46.45
6884,31.65
8937,25.0
5871A,99.8
3011,9.89
6914,118.5
3054,58.8
6625,73.5
6590,64.3
6796,57.1
9934,9.84
1526,15.0
8938,51.7
4168,22.7
2450,28.05
5348,17.3
5355,7.76
3288,22.0
1733,30.4
4726,22.8
2756,60.4
00730,30.19
00683L,22.62
5312,89.5
2013,41.2
6721,48.5
6908,26.15
1324,9.9
6674,18.25
4729,19.45
9943,50.4
5547,20.15
1219,11.15
4588,55.7
00886,49.9
7794,29.2
6151,35.3
8049,24.55
4440,17.45
2038,12.5
00781B,25.48
4102,18.55
6508,26.4
4439,94.8
009809,18.88
3308,22.4
2524,33.4
6846,58.3
3511,20.15
00651R,5.44
1460,6.15
1468,13.15
2938,18.4
6614,35.3
6843,38.0
2430,17.5
1473,18.95
00853B,25.25
4513,16.2
6754,41.0
4527,45.0
00782B,28.12
2012,13.9
7747,111.0
4741,40.25
6934,73.6
6201,44.15
2250,55.0
4153,31.35
1521,25.8
8941,43.85
5468,24.3
1540,18.9
6229,24.1
00756B,28.7
00727B,39.03
6794,71.5
6441,22.45
4933,53.1
006203,209.55
9935,18.2
3541,24.5
3325,11.25
5324,12.6
1452,10.6
5014,10.05
6248,17.0
00920,25.48
8284,67.9
2642,20.3
3164,16.75
1614,30.8
00982D,9.29
3321,17.35
6184,39.9
2433,39.5
3296,28.15
4946,98.1
5201,28.0
6576,78.4
910322,24.5
2702,12.1
6578,16.8
1259,64.2
6128,19.1
1437,31.2
2115,24.8
2431,10.05
6776,52.6
2616,13.1
3611,183.0
7708,91.5
3687,60.6
2704,45.25
3516,25.85
6612,72.2
8477,13.35
4523,23.9
009822,9.33
3379,27.15
8099,58.8
5450,14.5
00654R,7.21
3285,43.0
5315,19.1
00739,26.38
9924,38.0
3313,10.35
3686,15.5
3570,169.5
1256,168.0
1463,17.6
6591,41.8
3521,11.5
00957B,12.35
4994,83.1
1110,14.45
5489,41.5
4401,13.75
1737,29.95
5905,7.32
6722,32.9
1457,14.25
1506,9.6
8916,40.75
6728,108.5
1240,53.8
6733,24.8
8440,20.1
6506,18.85
1805,9.98
8927,18.55
2373,52.4
2640,156.5
2838A,52.0
3557,23.9
3150,15.5
2748,38.65
3390,22.05
00842B,27.96
2947,60.7
8102,60.5
4562,30.1
2028,16.7
3086,27.3
6791,100.0
00777B,29.67
1780,24.65
1337,4.41
6114,22.6
2506,8.35
4414,8.11
6752,97.0
2849,15.3
8034,19.35
00862B,28.95
6592A,96.3
3226,57.3
6804,17.85
00638R,6.93
6856,40.2
6874,70.0
3205,46.2
6219,12.05
4972,16.15
6183,91.4
1535,45.65
2482,16.05
4160,38.95
00884B,27.15
6785,90.5
2022,7.14
2736,11.25
00709,38.3
4999,17.75
7757,88.7
1109,13.3
3038,20.4
2887G,44.05
3419,12.0
3522,12.0
7839,44.0
7642,65.8
4582,21.9
00714,20.06
5548,20.0
6936,32.45
6593,32.4
2015,64.7
2007,6.95
3276,14.15
3083,22.95
4413,19.35
8087,22.6
6697,41.3
6283,18.95
1813,11.45
6577,80.0
7705,29.9
5907,4.68
5514,14.85
1587,23.6
4192,18.05
2438,19.2
5601,28.7
6228,18.95
3494,7.1
3043,20.65
8933,4.45
2314,10.8
6931,37.8
4438,56.5
3499,13.25
8930,28.1
00851,74.85
4148,32.0
1220,11.0
1474,9.88
8277,15.45
4161,21.6
6581,108.0
8066,14.4
4702,9.36
7753,35.7
1906,10.7
6470,42.8
6154,14.25
6158,17.8
3492,19.35
8917,52.9
3567,26.25
4173,17.4
3130,208.5
7835,20.7
020025,41.34
3206,34.45
4950,15.9
6418,34.3
5438,17.0
5015,22.4
2538,8.76
2109,14.35
6997,66.9
00903,22.17
4744,28.35
8080,28.35
5344,14.1
1419,65.7
4549,98.4
009818,21.7
3607,13.95
1432,15.0
4417,48.25
6684,48.25
1525,64.3
3224,32.05
9960,38.3
00840B,27.34
3432,14.7
6246,12.7
6592B,94.6
6971,23.5
1539,15.65
1417,8.14
6671,23.2
5903,185.0
6649,36.55
2024,13.0
2881B,60.6
2706,12.1
8401,22.6
6160,13.85
6982,44.9
2752,179.5
8423,17.9
4538,17.65
3171,58.0
6666,43.5
2911,5.9
3531,21.2
3122,24.1
3629,15.3
00678,42.05
4188,14.0
1233,27.9
3168,41.85
6294,27.7
4737,54.9
4305,40.85
7760,32.5
5481,20.25
9110,3.52
3128,20.1
7770,39.9
6240,26.45
6210,17.5
6895,155.0
5525,21.85
00755B,30.15
8437,10.75
4304,16.5
1294,49.4
9926,49.0
6241,16.3
1446,13.3
5310,29.05
1225,24.05
4550,24.05
3073,20.45
5353,28.6
2836A,23.8
2939,23.7
6474,35.45
7736,70.7
2424,9.41
3306,46.8
1340,5.17
4747,23.25
5603,13.95
00681R,23.22
1443,22.8
1599,22.75
00660,45.34
9931,33.9
3252,14.95
1454,12.1
3512,18.95
00783,26.5
2227,44.1
8489,21.7
1453,10.8
6835,32.15
1465,11.6
1593,31.6
2732,63.2
4942,31.55
2643,62.7
8059,17.7
8429,5.89
8367,40.9
9962,10.15
3710,8.08
6969,30.2
6859,120.5
2941,30.1
4116,40.0
1796,29.5
4568,39.0
1441,9.6
3067,16.3
2904,12.55
2440,14.1
8906,28.2
4806,11.25
8450,14.0
00849B,37.31
6195,27.9
6855,111.5
4107,109.5
2929,5.76
2739,36.4
1323,21.6
8409,17.9
2906,13.35
4442,53.4
6865,26.45
1236,25.9
00771,14.76
4175,51.5
2701,10.25
8929,12.8
2514,11.35
6629,101.0
7782,25.15
00700,16.71
6552,24.7
00636K,8.21
9941A,48.7
2726,7.99
4131,31.4
00786B,30.4
5223,22.75
2887F,45.4
8467,90.7
5523,30.2
00787B,30.01
9928,17.85
2926,29.4
7814,28.4
8426,20.85
5211,20.8
8077,41.2
8481,40.45
8093,26.4
4754,37.9
4432,15.15
5215,37.55
5878,37.5
1338,14.95
2002A,37.35
00741B,36.69
2923,24.15
00780B,35.29
5516,11.75
3266,14.0
8487,70.0
6692,23.3
1312A,22.95
4943,6.87
4426,7.58
00656R,6.14
3489,22.5
8472,67.4
6615,33.4
5364,8.33
4402,13.3
7732,33.05
2949,64.8
8444,3.41
2722,21.5
3052,10.45
1235,31.3
6109,10.35
6556,61.9
00634R,3.24
6823,61.2
2008,30.55
7818,61.1
4406,10.15
8272,60.2
3232,20.05
8176,9.67
912000,2.45
4554,28.15
4911,27.9
5543,27.8
2496,54.9
4430,18.0
4535,26.8
1530,26.35
5701,4.03
8433,52.2
911868,1.16
3646,25.1
009825,9.7
6767,24.0
4198,47.2
00702,23.22
1438,21.8
9918,42.9
1516,13.8
910861,4.57
911608,2.73
3115,8.11
2916,40.5
2724,13.2
2945,39.25
6542,38.4
6916,18.7
4154,12.45
00856B,37.2
8032,36.15
5272,17.6
6641,17.6
3191,17.5
00980B,8.74
8921,16.85
3095,33.0
6730,33.0
00785B,32.37
00848B,32.11
1512,6.29
2740,31.35
3118,31.3
4502,15.65
1445,10.35
00648R,3.87
5455,30.8
00750B,30.41
6264,6.06
8940,15.15
1213,7.5
00666R,9.51
4767,28.5
00986B,9.09
8291,26.95
2035,26.65
1475,26.35
2321,25.6
6616,8.5
00689R,24.36
1470,24.1
6496,23.95
8107,11.9
3593,11.6
3259,11.1
1108,11.05
1435,21.2
6020,20.6
6512,20.15
2719,19.15
00703,18.51
1418,18.3
2924,18.15
00982B,9.01
1742,17.65
4558,17.05
6958,16.7
3523,13.75
6144,13.35
2712,13.2
8411,11.6
911622,3.64
1538,9.1
4529,3.37
4609,4.61
0054,28.25
0058,43.71
0059,42.85
006204,248.95
00625K,8.33
00643K,3.74
00649,19.12
00657K,26.16
00658L,37.0
00659R,11.21
00667,20.79
00668K,18.86
00672L,0.75
00677U,1.48
00682U,21.04
00684R,14.76
00687C,8.56
00691R,10.46
00704L,18.84
00705R,19.03
00707R,31.9
00711B,14.6
00716R,13.96
00718B,19.05
00721B,48.06
00729R,20.56
00732,40.74
00742,22.2
00743,24.2
00744B,42.35
00745B,42.04
00747B,51.85
00748B,42.52
00749B,29.34
00758B,47.79
00759B,50.25
00760B,49.73
00765B,38.72
00766L,11.92
00767,17.4
00769B,60.3
00774B,40.85
00774C,9.12
00775B,29.45
00776,20.78
00778B,31.48
00784B,39.32
00788B,27.88
00789B,43.95
00790B,53.2
00791B,56.25
00793B,29.55
00794B,39.82
00796B,41.84
00797B,41.36
00798B,42.65
008201,101.2
00831B,41.42
00832B,42.92
00833B,43.87
00834B,31.79
00835B,45.16
00836B,26.2
00837B,37.64
00838B,40.38
00839B,41.85
00841B,26.08
00843B,40.37
00844B,29.03
00847B,23.3
00854B,41.86
00855B,38.6
00860B,37.74
00866,21.84
00867B,28.38
00868B,36.17
00869B,36.69
00872B,37.13
00873B,37.28
00874B,38.04
00883B,30.98
00890B,29.74
00906,11.95
00925,16.1
009807,18.38
020000,35.36
020001,28.63
020002,11.12
020003,15.89
020004,33.28
020005,19.35
020006,32.05
020007,41.23
020008,13.31
020009,26.67
020010,13.56
020011,16.4
020012,23.13
020013,14.84
020014,6.3
020015,18.69
020016,28.32
020018,24.94
020019,21.59
02001B,8.75
020020,30.65
020021,4.42
020022,7.62
020023,7.2
020024,5.94
020026,6.37
020027,10.65
02002L,7.38
02003L,4.34
1101B,43.4
1203,43.0
1258,26.85
1262,34.9
1333,1.44
1341,59.1
1413,9.3
1423,34.55
1507,64.8
1522A,51.3
1541,20.55
1566,19.65
1570,32.75
1583,47.3
1589,5.54
1592,2.57
1626,9.79
1701,21.15
1724,15.6
1787,26.15
1902,20.65
2064,11.9
2067,4.8
2073,25.6
2235,28.45
2248,61.0
2323,11.0
2358,4.56
2443,3.57
2448,41.4
2456,94.6
2499,4.12
2718,39.7
2754,67.3
2809,56.6
2823,30.55
2841,2.68
2867,9.7
2881A,61.4
2888,11.8
2888A,36.5
2888B,36.8
2891C,60.5
2897B,11.85
2910,23.5
2928,31.85
2936,40.35
2937,45.0
2948,36.4
3036A,52.0
3064,14.6
3085,12.1
3089,81.0
3144,38.2
3158,85.1
3202,3.96
3272,13.9
3332,64.6
3383,1.7
3426,47.8
3452,1.47
3454,99.4
3465,29.8
3536,2.92
3562,14.8
3625,10.1
3632,7.1
3642,3.87
3664,8.19
3682,7.47
3698,22.25
4120,45.8
4130,26.7
4141,26.1
4144,26.9
4152,99.6
4155,14.2
4180,70.9
4183,14.75
4190,24.5
4419,48.5
4429,40.8
4433,18.0
4528,14.75
4530,24.35
4569,159.5
4572,139.0
4581,48.1
4584,38.0
4712,2.85
4725,17.9
4745,12.15
4803,3.6
4804,3.27
4930,15.8
4944,11.6
4945,76.1
4947,228.5
4987,81.6
5007,55.6
5102,24.65
5212,49.1
5259,7.86
5264,87.1
5276,18.0
5281,15.8
5301,6.0
5304,3.32
5305,42.3
5345,21.75
5349,25.4
5371,83.5
5383,41.5
5520,84.5
5533,13.9
5604,31.7
5703,13.8
5820,11.7
5906,38.0
6123,42.65
6124,27.2
6131,5.18
6161,49.0
6167,10.3
6169,12.0
6172,20.1
6173,284.0
6198,19.7
6212,35.2
6222,20.0
6236,16.9
6238,179.5
6242,33.85
6247,15.45
6251,20.3
6276,19.2
6287,8.89
6288,20.95
6289,1.35
6404,4.64
6431,17.0
6452,56.6
6457,62.1
6464,76.5
6482,23.3
6497,5.66
6514,50.8
6516,56.7
6527,75.0
6594,31.3
6597,64.8
6624,38.35
6661,17.2
6662,28.5
6680,50.1
6732,153.0
6747,199.0
6762,156.0
6771,42.3
6806,3.51
6887,36.8
6899,49.3
6904,123.0
6906,79.3
6910,25.4
6929,22.5
6950,29.45
6952,39.1
6955,93.0
6958A,21.4
6961,45.75
6965,62.9
7584,29.6
7713,73.1
7716,24.8
7767,45.45
7791,53.8
7811,73.0
7819,33.05
7820,110.5
7842,99.7
8067,11.05
8101,10.2
8112A,45.6
8183,28.2
8287,0.73
8342,82.0
8349A,45.2
8354,16.5
8406,278.5
8416,171.0
8418,8.95
8420,40.6
8427,74.9
8443,11.15
8455,23.2
8463,21.25
8466,15.35
8480,84.6
8482,48.0
8488,9.82
8497,65.5
8499,252.5
8913,13.3
8923,18.0
8934,36.1
910482,0.25
911616,0.48
911619,0.11
912398,5.15
9157,0.86
9188,3.47
9912,13.05
9937,54.5
9949,24.1
9950,10.25
```

