# 收盤價 MD
# T:2026-10-07 06:36

## [CLOSE]
```csv
代號,收盤價
2330,2585.0
2303,147.5
2454,4920.0
1303,293.0
6274,1755.0
2383,5995.0
2308,2050.0
2368,1260.0
6213,787.0
2317,256.0
2313,252.0
4958,574.0
2492,389.5
2409,37.45
2327,625.0
6488,1205.0
3037,1310.0
2408,525.0
3443,8375.0
3661,4180.0
8358,551.0
3008,6855.0
3665,2325.0
3105,592.0
3017,3685.0
8046,1505.0
6669,2290.0
3374,487.5
3189,1070.0
2344,177.5
6257,286.0
8150,127.5
1815,127.0
2059,13100.0
2455,567.0
6182,128.0
6187,1535.0
6239,310.5
3406,1045.0
0050,116.5
3491,1715.0
2345,2050.0
3711,744.0
2449,298.0
3081,2920.0
3481,51.1
5347,191.0
8039,295.5
4979,568.0
7769,5905.0
3231,189.5
00631L,41.89
3042,204.5
2301,299.0
3441,255.0
2481,176.0
6770,74.3
8021,561.0
6805,2415.0
3211,395.0
1785,110.5
6285,256.0
6223,5670.0
6531,1045.0
6147,216.5
2426,105.5
1709,63.3
6278,234.0
3026,796.0
2360,2350.0
6683,1505.0
00981A,32.6
3653,7080.0
5483,215.0
8111,92.3
2382,333.5
3264,246.0
5274,18985.0
3450,531.0
8261,199.5
3529,3115.0
8299,2090.0
6197,365.0
3324,1530.0
6515,6130.0
2881,154.5
2376,380.0
3605,172.0
6505,101.5
3532,467.0
4991,505.0
6442,1650.0
1727,106.0
6139,795.0
00685L,13.87
3533,1865.0
0056,58.1
3260,370.0
3044,579.0
2340,47.3
4931,258.5
6196,663.0
4989,68.1
8210,885.0
2891,68.4
1326,73.0
7717,593.0
00927,40.72
2413,56.0
2882,112.0
2464,182.5
2404,1335.0
00406A,10.33
5425,100.5
5536,994.0
3362,188.5
6209,87.3
2485,42.9
1714,19.0
3006,273.5
3624,145.0
2367,47.65
3707,86.0
4971,585.0
6446,1175.0
00403A,11.42
6207,143.5
2305,58.3
4919,150.5
3693,716.0
2395,738.0
3715,133.0
8069,149.0
3030,308.0
1711,48.6
6456,99.6
2484,80.4
2337,119.5
6173,284.0
2486,241.0
3680,563.0
6510,3055.0
4927,52.3
1301,68.6
3363,650.0
00985A,24.55
009816,17.06
2357,1000.0
3167,1020.0
3498,234.5
1802,59.8
7788,365.5
00919,31.8
3163,689.0
5289,1265.0
3673,76.8
6449,238.0
6672,459.5
2885,69.3
6290,290.0
7856,4190.0
00991A,19.35
3701,59.3
2883,37.65
3265,197.5
2049,339.5
3583,762.0
2379,755.0
2466,170.5
3094,69.2
00937B,13.54
8086,127.5
4760,335.0
2886,49.3
3293,780.0
3518,50.3
6271,238.5
6715,482.5
6226,42.2
8996,1600.0
3036,215.0
2412,145.5
6415,449.5
3717,28.45
2451,279.0
3147,292.0
2603,236.5
6426,351.0
00918,34.14
00935,63.5
2887,41.45
1216,73.7
00881,54.5
6727,528.0
7610,1790.0
0052,67.95
8028,280.0
2890,45.4
3034,537.0
3016,188.0
00992A,20.23
2609,59.2
7711,620.0
3035,210.5
4906,43.0
6830,527.0
6691,787.0
1560,1030.0
00878,35.17
1476,290.0
2354,62.7
2351,218.5
5351,113.0
3149,75.8
7795,555.0
2377,155.0
6168,43.8
5439,264.5
2324,35.9
009828,11.32
00679B,24.33
2356,58.6
6190,76.2
2605,36.95
1717,74.9
006208,265.9
6199,135.5
1519,696.0
6640,1135.0
5434,619.0
1101,25.2
00400A,16.61
5871,105.0
00929,30.15
3131,2530.0
6533,345.0
2618,41.55
2421,173.0
8064,135.5
6116,15.45
2615,111.5
6789,484.0
6451,420.0
6620,133.0
4908,231.0
2316,174.5
2493,209.5
5314,28.6
00632R,9.13
4916,105.5
00405A,9.8
1590,1195.0
3013,95.0
00961,13.19
6716,146.0
2467,576.0
6781,1025.0
00988A,17.6
1605,38.75
2884,45.45
00687B,25.29
1569,70.0
5309,67.2
1504,71.1
3317,69.0
00830,92.6
4938,90.0
4556,137.5
00712,7.0
6658,203.0
2892,38.55
4967,267.0
3090,173.0
6861,270.5
8027,209.5
3675,335.5
3031,34.2
3714,67.0
2353,31.05
6526,842.0
4551,181.5
7750,1980.0
3563,757.0
4749,801.0
00663L,121.1
2436,74.1
1477,203.5
00953B,9.48
5234,326.5
2489,39.4
2254,101.5
3045,123.0
5269,1470.0
2441,126.5
4542,338.0
3141,80.2
6834,123.0
6668,51.5
3543,53.2
4707,33.25
6217,174.0
3596,156.0
6121,372.5
6538,302.0
7734,2755.0
00982A,24.69
00922,45.29
5475,181.0
3455,277.5
6933,374.5
6291,464.5
00891,38.77
6944,826.0
00662,127.0
3019,141.0
6584,551.0
6831,497.5
2472,228.0
4722,220.0
2002,18.95
2468,42.3
6706,148.0
4768,370.0
2371,30.6
9933,45.25
6957,404.0
2363,59.1
6548,76.6
3236,52.6
2476,131.5
2637,100.0
2385,105.5
1708,57.1
2634,64.1
3706,80.3
4966,563.0
00675L,367.0
1312,14.85
3234,176.0
3702,119.0
8103,119.5
4764,199.0
2801,27.4
3587,250.0
4939,76.3
4956,42.35
2236,88.2
5469,80.5
5880,25.95
2478,128.5
00947,41.13
4977,173.5
2399,49.3
7822,976.0
2912,210.5
2880,45.45
2406,31.55
1718,11.35
1409,25.35
6414,400.5
7792,451.5
6179,37.55
5340,85.0
2342,49.5
4904,104.5
6218,56.5
3114,40.85
2302,46.4
8091,232.0
3014,145.0
6525,142.0
8033,173.5
8112,84.0
00407A,10.71
00888,36.87
3005,118.5
5243,97.8
8042,117.0
2834,17.35
3357,221.0
5285,97.2
1513,167.0
00990A,16.77
00996A,15.36
2241,47.35
1721,29.0
6127,56.8
1102,35.45
2312,30.7
2027,47.7
2542,38.2
00673R,10.82
4949,82.3
00713,62.95
3576,18.4
00708L,70.25
2375,125.5
2347,95.8
1773,182.0
2355,43.8
2483,38.85
6005,32.75
8227,370.0
6643,508.0
6739,1110.0
5432,195.5
4961,185.5
6693,206.0
4772,276.0
00751B,28.5
3219,140.5
6937,296.0
6282,43.8
4576,232.0
6409,890.0
4566,76.5
009829,10.97
00725B,32.51
1314,8.75
2474,206.0
8110,48.8
5452,32.0
7799,531.0
2606,75.3
00409A,10.45
00720B,30.43
3376,171.5
6148,37.7
00923,43.01
3413,293.0
6919,78.5
3162,84.3
5864,38.85
8096,88.8
8155,332.0
6155,67.5
7828,1840.0
6435,265.0
00984D,9.59
3311,48.65
3645,75.0
9105,8.5
00865B,48.9
00997A,12.05
7772,151.0
00735,112.05
5904,68.7
2338,47.65
4770,266.0
5013,47.95
3088,135.5
6443,28.0
00904,44.87
2061,65.5
6547,60.6
4763,46.8
2610,20.1
00984A,16.25
6191,86.8
6166,130.0
009820,10.75
4174,50.8
00892,44.21
3564,60.5
2030,37.25
3209,47.0
00933B,14.81
00795B,24.47
6122,57.1
009802,20.61
8016,296.0
3490,45.7
2498,41.8
2352,28.8
8081,262.5
3023,317.0
3221,52.4
5228,50.8
6174,54.5
00981B,8.92
00896,28.61
00934,30.17
5876,48.8
00980A,26.95
6907,191.0
6491,396.5
7712,172.5
5328,57.0
3504,82.5
2388,70.6
6138,282.5
6269,64.8
2812,18.7
6472,416.5
2458,133.0
5443,113.0
4755,133.0
6983,395.0
6664,386.5
00965,25.44
2855,58.5
00670L,219.7
8271,201.0
2332,20.4
4743,48.1
3689,116.5
8043,138.5
00646,77.85
2428,262.5
00715L,68.9
00985B,10.05
7751,1590.0
9904,24.6
5386,286.5
2359,126.0
2402,59.2
6742,58.8
3227,188.5
1597,145.0
1459,18.85
00401A,14.67
00404A,10.14
00719B,30.97
3138,102.5
5284,290.5
00696B,26.51
6708,72.9
00900,19.64
00772B,30.8
4720,25.3
3025,59.4
00692,100.0
00411A,11.05
8383,70.1
1809,44.7
6263,175.5
7777,37.4
6530,95.4
00724B,31.22
6152,18.95
2393,67.2
00722B,32.67
00999A,11.77
00859B,40.63
5498,53.9
6117,68.7
00940,13.3
2221,186.0
6133,28.0
6104,87.8
8289,54.3
1402,27.9
3630,29.5
4526,33.75
009826,10.09
6227,141.5
6438,167.5
6016,23.9
3551,197.5
9921,88.6
2207,515.0
1503,197.0
1514,103.5
3055,213.5
3526,278.0
3135,157.5
2034,23.95
00962,15.36
00764B,25.24
3354,32.1
2329,45.35
00402A,10.33
00635U,42.45
6120,14.15
6788,370.5
3718,64.2
6419,168.5
3305,109.0
6903,323.5
3033,41.8
1609,38.35
3029,117.5
4903,42.5
009803,22.47
00637L,18.06
2645,172.5
6202,60.6
2328,48.1
6945,142.0
2633,25.65
00738U,47.84
4739,85.5
00913,54.2
00753L,8.55
8040,93.2
8422,25.2
4915,63.5
5388,72.3
6811,248.5
7556,295.5
2201,28.2
8070,51.0
3592,239.0
6416,122.0
6532,111.0
2614,15.95
8436,102.5
5534,71.1
00948B,8.68
2374,66.2
6949,46.75
6679,200.5
6613,285.0
4540,59.3
2465,90.7
2439,75.2
3617,245.0
2105,30.05
00680L,5.6
3338,70.7
9914,65.9
1229,39.45
2369,31.4
1795,176.0
00995A,18.88
1595,71.8
1617,23.05
00945B,14.19
2401,26.75
6175,76.0
6667,260.5
3556,64.3
4923,63.4
00740B,35.51
2480,168.0
00950B,12.95
6214,188.5
3416,168.0
8926,58.9
9945,28.8
2033,52.8
3048,53.3
5521,10.95
3010,131.0
6588,109.5
3535,92.0
8932,90.1
6206,135.5
6719,189.0
1722,41.05
9941,75.4
00994A,18.32
6412,74.0
3580,103.5
4976,37.6
3289,143.0
1319,78.1
8464,364.0
5011,21.65
3615,43.5
1736,120.5
8131,63.2
00998A,16.29
6829,207.5
1710,17.3
00993A,14.73
6221,30.8
00943,21.35
8050,60.8
6485,77.9
00989A,18.34
00665L,8.64
2103,27.85
6112,44.65
3022,90.8
1563,79.3
6925,71.5
6176,91.5
2006,86.6
6156,23.9
6284,78.7
2208,18.45
00773B,32.98
3388,85.6
8182,42.4
9939,126.5
4766,353.5
00757,144.7
6244,22.95
6670,270.0
5292,249.0
3059,38.5
6962,33.2
9958,89.3
1528,24.15
4960,24.1
2527,49.95
00939,24.0
3028,62.7
3290,50.7
8454,240.0
8054,85.8
6153,18.0
3515,218.0
2851,46.2
6901,17.4
9910,66.3
7749,389.0
00731,98.7
6108,25.4
00909,47.97
2889,16.2
2548,91.2
3339,44.65
9938,39.1
4973,136.5
3228,168.5
6425,74.5
6877,132.5
7827,166.5
3479,135.5
2020,24.65
00893,47.52
6141,51.2
8431,61.1
3060,28.9
4105,78.8
8240,55.6
6245,87.8
3380,31.05
8074,56.1
2646,20.0
00915,32.9
00987A,18.2
3229,56.1
8390,92.0
1582,71.6
8255,151.0
2845,12.85
6617,126.5
6205,72.7
8936,53.2
6603,28.35
00894,52.7
00410A,13.16
4721,82.5
00882,14.75
4912,109.5
6164,13.3
00912,37.55
2444,15.7
3691,104.5
3704,39.55
3402,140.5
6163,41.95
6902,143.0
5291,64.1
5236,127.5
3581,113.5
7714,168.0
6204,110.5
8147,140.5
2504,30.75
00733,76.9
2069,24.65
009805,15.17
5222,102.5
0053,263.1
1608,36.2
4909,37.3
2392,41.15
3685,35.85
009821,13.05
2915,57.6
00951,19.84
6498,75.0
2233,167.5
00905,28.64
4746,48.3
6579,157.0
4147,61.3
1227,27.5
4968,97.8
2101,29.1
1904,24.5
1231,77.9
00952,18.76
6143,79.1
2495,38.4
2415,30.65
00955,15.9
6126,32.65
6292,70.2
2206,63.1
00989B,9.83
00942B,13.01
00857B,21.01
7810,247.5
6231,234.0
6651,155.5
2612,63.0
8011,17.0
4716,20.95
009819,9.85
1210,51.3
2501,20.2
2617,32.3
5251,32.3
5471,51.9
00924,34.32
5464,90.9
6177,45.15
00885,17.66
009823,10.56
6432,64.2
00643,17.03
00770,66.8
3213,125.5
2515,11.85
6265,48.65
6873,64.1
2539,33.45
6712,160.0
3550,24.9
3049,12.15
5474,163.0
3485,215.5
8121,31.85
00864B,46.15
00981D,10.06
6224,78.4
2243,57.3
5522,60.0
6541,33.35
009824,10.83
5608,16.7
8215,28.25
00983A,13.75
2104,11.25
00688L,5.59
5202,15.05
009827,10.68
3027,19.45
6405,40.6
5009,32.7
2543,38.0
1325,26.5
6509,49.35
00850,99.4
3297,35.3
00895,53.85
4164,28.35
4711,18.45
6854,92.8
6462,102.5
3004,121.5
4123,30.8
2601,6.12
6994,30.05
6953,259.0
1536,46.4
6215,98.1
6690,176.5
1735,23.4
00988B,18.99
5515,51.9
00941,27.16
1215,104.0
3466,26.15
6165,47.7
00981T,11.68
4577,88.8
2630,45.6
4303,31.2
2820,16.65
00877,34.89
3062,22.3
7855,41.4
6015,17.85
2419,27.5
6146,182.0
4585,290.0
8114,179.0
6604,25.15
00875,59.05
00930,24.07
3217,128.0
6188,61.8
00959B,8.58
00917,22.06
2731,143.5
6753,131.0
6261,78.3
6799,91.7
00931B,12.31
3437,21.35
1440,13.5
8109,136.5
8162,65.1
2211,79.1
2597,164.5
2420,57.0
2009,39.5
4541,60.0
5392,39.05
6150,65.5
3663,63.1
00887,15.07
7744,525.0
6279,116.5
6592,55.7
00853B,25.27
0055,49.26
2107,27.75
4771,204.0
4536,158.5
3169,112.0
2838,20.25
3483,81.4
00916,26.98
9917,106.5
00910,57.5
1909,10.1
3545,50.1
009804,24.89
8438,80.9
3152,238.0
1313,12.45
1810,23.5
3356,67.5
3066,27.35
00984B,14.91
6689,62.7
00954,21.21
00768B,45.28
3230,40.4
00746B,32.94
3591,27.05
4142,18.15
2491,39.95
6894,359.0
6125,49.8
2032,19.15
2204,51.1
00876,96.05
4128,15.45
7765,230.5
009811,13.68
4953,117.0
1434,18.0
6757,52.7
6235,37.5
2425,36.5
6803,263.0
4127,41.2
3708,95.4
6140,21.65
1316,10.35
6885,29.25
00985D,9.37
00911,58.7
6743,35.65
4583,416.0
00737,42.13
9907,14.7
3312,51.2
6720,124.5
6725,220.5
00858,36.66
2611,15.15
6890,147.5
3218,134.0
009815,12.27
2365,27.75
3003,58.8
3694,50.5
00642U,30.9
00650L,15.52
6535,80.8
1723,80.9
3597,33.45
00897,14.16
7768,302.5
3032,78.3
00690,85.6
6589,50.9
00633L,43.65
2897,10.6
5299,102.0
4510,42.15
9103,5.08
009813,11.68
2014,16.95
2607,53.5
5609,78.3
1310,9.55
2641,17.2
2887I,9.52
2031,45.75
6840,95.9
6695,52.2
00898,12.13
9942,113.5
6469,62.8
7740,100.5
6756,97.0
6782,231.5
3284,22.4
6220,25.6
3268,24.15
1307,31.3
7780,15.85
4951,89.0
2753,181.0
6869,69.0
8105,15.05
1905,12.65
5381,22.45
3444,77.4
3467,71.0
00902,13.05
2427,22.85
1558,110.0
2520,36.65
2442,13.95
8432,53.5
4905,91.2
3588,55.7
6761,167.5
6870,310.5
3430,111.5
00964,14.81
2913,10.9
3176,38.25
7631,141.5
1304,12.5
4534,30.35
2231,90.8
1612,34.85
3294,31.8
3015,54.1
8213,34.3
6477,33.7
6605,135.0
5244,37.65
8473,40.1
1515,28.3
00928,35.63
2903,21.75
4555,42.65
5321,70.0
7723,19.85
4563,53.8
6568,138.0
00664R,1.47
2108,28.7
3054,60.3
6499,78.5
2471,51.0
2461,16.9
2349,10.3
2488,49.3
5225,52.8
6732,152.0
2434,61.4
6134,28.3
6561,312.5
00990B,9.81
8083,159.0
2348,70.6
00762,123.05
2457,22.05
6225,70.3
6189,49.65
7825,78.6
00970B,8.59
009814,11.53
6922,211.0
2883B,8.58
5288,188.5
6411,78.5
5607,52.3
6947,68.8
00760B,49.65
3021,27.2
1707,84.2
4590,88.2
4114,29.05
8163,30.4
2540,47.4
1808,31.35
6023,84.5
2852,27.35
2727,234.0
6461,29.2
6208,79.8
00697B,33.8
3631,42.1
2535,88.4
2462,20.1
5481,20.4
5902,34.05
6657,34.2
3703,19.3
5426,28.8
7709,88.0
00926,26.85
6967,73.5
6546,61.5
9911,81.2
3323,30.1
3287,39.75
7689,159.0
3530,59.7
4169,149.5
1232,153.0
9955,24.15
3548,74.5
2417,38.2
2850,159.5
009800,13.74
00949,22.43
3093,46.65
4119,53.2
00983B,14.19
6266,26.55
6026,15.85
3577,111.0
00728,72.4
6534,94.8
6441,22.55
1713,45.4
5530,47.85
7728,638.0
2331,18.8
00946,15.56
2707,174.5
2387,36.4
6021,42.6
00991B,14.16
4807,30.8
00695B,33.5
4533,25.45
4532,24.35
7730,191.0
00980T,12.2
8234,62.2
3051,22.3
00408A,11.06
00763U,34.74
00963,12.44
6913,129.5
3705,57.1
2025,13.85
6654,220.0
6821,45.8
8931,42.65
9919,14.05
00678,42.88
4571,153.5
2010,22.55
6924,136.5
4736,129.0
4441,169.5
1786,41.0
5227,28.9
2405,15.05
8201,17.5
4306,14.4
1907,27.75
6585,105.0
2362,46.5
00645,59.25
4934,15.0
1309,14.05
1712,39.7
4735,38.2
9930,58.9
3540,24.0
3709,64.4
1537,113.5
3346,23.55
3040,33.7
6243,39.0
6517,66.8
6862,139.0
3041,24.25
1522,25.4
00968B,8.53
5465,32.95
3537,55.2
3558,132.0
8374,76.0
006201,48.6
4167,19.45
2258,30.95
2887E,48.35
2453,53.2
2397,64.3
00752,22.12
6909,43.2
8341,73.7
1529,15.7
1623,198.0
5457,24.3
2636,70.1
2015,64.8
7736,71.5
00987D,9.38
1472,88.5
1308,14.35
6024,59.5
00706L,19.05
4974,70.0
6642,80.0
3078,46.05
6234,38.0
6423,88.4
7402,99.5
1104,26.6
9908,29.1
009801,11.87
00842B,27.9
00761B,31.53
2072,128.5
1442,26.0
6655,133.0
00653L,40.94
6186,28.8
00969B,7.26
00676R,5.05
7786,117.5
3207,39.4
00640L,113.55
9802,64.5
6180,41.2
00779B,25.44
1618,38.95
5263,90.1
00932,17.63
8349,41.1
2613,21.95
7722,261.0
1565,96.1
4545,38.35
00983D,9.53
00701,41.1
6233,24.4
1305,12.4
00980D,19.33
1234,32.45
6465,40.5
4564,15.7
3178,68.6
3024,13.65
2497,43.8
00901,50.25
4952,49.8
8249,39.4
7738,156.0
5306,87.4
2429,30.4
00986D,13.79
2908,21.95
6230,114.0
00661,91.6
1342,99.9
00982D,9.26
4561,42.7
8076,21.4
00987B,15.14
3528,86.9
00782B,28.0
00849B,37.13
5203,58.3
2882A,60.1
8410,26.95
3552,43.35
2414,53.9
00966B,12.78
3712,20.6
5410,33.4
8088,43.95
8942,40.2
2723,77.2
1568,31.4
6768,63.7
5493,90.1
1591,41.35
6277,78.1
3622,46.65
00861,91.8
00907,17.68
3594,46.55
2546,106.0
1777,75.5
6275,47.15
8415,35.1
00655L,30.35
2423,70.5
5512,7.49
6914,119.5
00845B,31.25
1732,26.15
6606,23.7
6596,96.5
6259,32.3
00694B,41.65
5201,27.65
5209,173.5
4706,39.25
2528,19.0
4155,14.2
00756B,28.52
1321,32.35
4107,109.0
4714,11.9
4506,117.5
7547,61.2
2545,33.5
6194,31.55
2511,8.23
1799,28.05
4560,30.05
6136,25.05
8071,21.7
00936,21.73
2832,56.2
5258,41.45
6875,27.3
6550,16.05
3652,34.1
7812,64.6
00938,27.06
2023,13.85
5519,24.75
2905,17.75
00848B,31.98
3257,50.3
1615,41.85
4104,72.0
2743,50.3
5230,22.3
2460,30.1
2755,98.0
3047,14.35
00862B,28.83
6170,48.85
5511,68.5
5484,38.5
6986,44.0
3684,57.0
00727B,38.81
2247,227.0
2450,28.05
2887H,42.75
7818,60.8
5531,6.76
1720,55.9
2547,9.64
00671R,2.29
6576,78.5
1524,25.7
6101,37.6
1532,21.65
9906,40.8
6591,42.1
3372,16.5
3508,25.35
6237,35.2
5220,21.75
009812,13.26
7642,65.0
00641R,3.59
2762,77.8
1336,18.1
5283,51.8
00863B,29.07
2017,8.84
5508,53.0
6928,43.75
1580,95.7
1455,9.92
8104,31.3
8462,157.0
4137,75.5
4129,82.8
00921,23.98
00884B,27.0
6649,37.65
6794,73.6
4162,55.0
00693U,23.33
6192,110.5
3611,182.5
8045,53.5
3716,33.65
3303,49.3
4126,77.4
6741,54.5
009817,8.49
006204,247.65
2102,16.5
00791B,56.1
1734,32.1
5016,27.75
6598,26.6
00971,17.99
8048,51.8
1737,29.85
6965,60.6
00711B,14.52
3520,17.8
1584,18.15
6573,15.9
1201,11.35
3484,49.1
4207,19.3
5706,44.25
6270,30.35
1419,66.3
2364,64.6
6115,43.75
9935,18.1
3056,13.6
3050,11.6
2881B,60.7
6417,104.0
1436,35.85
2816,39.65
4157,8.47
4569,155.5
6028,102.0
3434,31.6
00741B,36.53
3623,30.0
00759B,50.2
6494,52.7
00860B,37.64
009822,9.46
3130,208.0
1256,166.0
6560,34.3
2836,12.0
00730,30.28
9925,39.45
00799B,27.14
8446,86.0
1760,53.7
6841,56.1
1110,14.35
4549,99.2
8404,13.3
3046,53.5
00758B,47.81
5287,136.5
6625,73.5
4416,12.55
4728,397.0
9934,9.68
3555,163.5
9927,62.3
00723B,27.95
1586,17.8
5315,19.05
6129,14.4
8044,23.7
00686R,0.9
00726B,30.84
4163,135.0
8099,59.5
00789B,43.88
5523,30.2
2459,65.1
8927,18.6
2516,14.5
6969,30.55
2440,14.15
8478,140.0
00960,22.71
6906,79.4
3038,20.35
7805,492.5
6923,73.6
1604,23.25
6763,41.05
2390,10.0
5210,29.85
2106,16.5
2537,10.95
8072,27.45
00967B,8.42
2530,19.8
3546,72.6
4741,41.4
3625,10.05
2745,85.1
1789,18.65
00834B,31.72
4562,29.95
3092,24.1
3321,17.8
00846B,33.84
00652,31.0
6142,9.09
00755B,30.03
0051,152.35
6785,93.1
6895,157.5
6698,31.2
6111,36.25
6859,123.0
8038,34.65
1733,29.8
2029,21.65
6934,73.6
5403,91.8
6735,64.9
1444,6.78
1264,249.0
1788,128.0
00710B,18.49
4935,32.9
00903,22.28
2373,53.2
00781B,25.44
00736,32.0
2534,16.6
00780B,35.12
6996,167.0
7791,53.8
5213,20.15
9924,37.7
5871A,99.9
00986A,15.18
1726,76.4
2038,12.35
1339,42.0
2070,62.2
2433,39.65
1611,11.25
7703,205.5
9943,50.4
7721,62.2
3188,22.4
5538,36.25
00890B,29.64
006207,30.63
1456,14.55
1218,14.4
3011,9.52
6558,25.2
00852L,32.7
6506,18.85
00980B,8.71
1702,32.7
2536,18.35
3058,8.16
00851,74.7
2881A,61.4
009808,33.0
3002,18.9
1225,23.55
2477,22.6
0061,23.03
4924,14.3
1217,9.87
1783,38.6
3438,61.3
8085,14.75
1598,20.0
00754B,29.95
2237,26.8
5487,28.8
00920,25.63
3501,37.55
6492,33.7
5603,14.2
3628,71.8
7821,35.1
5478,97.0
3390,22.15
8068,17.15
8411,11.7
2640,155.0
6790,37.35
6272,25.15
1315,69.0
3071,22.75
6574,119.5
1527,32.45
00777B,29.65
2538,8.63
8047,47.8
00749B,29.12
00778B,31.35
6612,72.6
6486,78.0
3122,24.3
1449,12.45
4995,47.35
1517,10.2
9951,46.4
00792B,28.77
006205,39.09
1457,14.05
6504,37.4
00750B,30.29
00687C,8.58
2596,34.0
5490,25.35
3360,15.25
00739,26.35
4513,16.15
3669,32.35
009818,21.63
4195,16.4
2230,21.65
6931,37.95
1725,34.0
009825,9.74
2608,28.6
8222,35.25
4729,19.8
2923,23.7
5468,24.65
00647L,140.8
4178,17.6
009810,21.47
00841B,26.03
00709,38.5
6863,96.4
1103,13.1
4726,22.85
2066,51.6
5907,4.65
1447,6.39
0057,345.7
00681R,23.23
2228,73.9
8171,20.85
2704,44.7
00840B,27.26
2482,15.55
6776,52.2
7823,79.7
2114,90.1
1467,8.0
3570,168.5
3511,19.6
6988,12.8
00639,15.0
3306,46.8
5488,12.15
4580,82.5
1616,18.3
2524,33.65
1464,9.91
4503,24.1
8476,20.0
00636,26.17
4111,28.75
2882B,58.8
4205,67.6
6183,91.7
4994,80.2
8499,255.0
8032,36.4
9902,12.95
4438,55.8
6113,23.8
1603,30.4
8279,80.4
00844B,28.92
5905,7.29
00786B,30.29
00689R,24.31
2438,19.75
6838,25.15
4582,22.0
6684,48.9
3128,20.15
00775B,29.36
1531,11.1
00714,20.08
7743,26.6
2887F,45.5
4806,11.3
009809,19.0
6823,61.2
7835,19.9
6791,102.0
00908,14.18
6151,34.85
00956,13.33
5007,56.3
00958B,8.51
4414,8.02
6728,108.5
1903,47.4
00982T,15.56
2509,13.7
1533,30.2
4933,53.2
1475,25.95
1806,7.85
3086,27.4
9937,55.0
7715,27.05
3043,20.85
8049,24.4
4557,50.2
2250,55.1
9946,16.7
4543,29.8
6961,45.95
4417,48.9
2062,17.9
6203,59.8
4572,139.5
2849,15.25
5533,13.9
6796,56.0
8435,53.0
4440,17.05
6184,39.9
00668,59.7
6201,44.0
5245,20.4
8437,11.7
8403,18.8
1437,31.25
6167,10.3
00669R,5.39
1540,18.9
2227,45.0
9940,20.0
2748,38.65
4744,28.1
1784,59.5
1752,31.5
1219,11.2
1268,175.0
6918,74.0
4942,31.5
00734B,14.71
8097,48.45
6185,12.5
6609,39.1
7705,29.75
1466,14.15
8093,26.25
5450,14.55
2239,18.05
8938,51.6
2887G,44.15
2013,41.1
1471,9.4
3310,67.9
8930,28.1
4168,22.75
6908,26.3
9905,21.3
00674R,29.68
8034,19.45
1460,6.08
6792,59.8
7760,33.15
4588,55.9
3322,11.1
1530,26.6
3710,8.0
2939,23.8
6570,47.45
00657,83.55
00785B,32.49
1535,46.1
1463,17.6
2065,35.55
1416,11.75
1451,17.0
6614,35.9
2838A,52.0
8467,89.2
2754,67.5
1780,24.8
3609,23.75
6590,64.3
1240,53.9
5903,185.5
3296,28.25
2109,14.25
7704,60.6
6721,49.35
8089,19.35
6577,81.1
3325,11.4
3541,24.5
2012,14.15
8084,17.7
3052,10.45
6674,18.25
2008,31.45
5525,21.95
8367,41.0
2028,16.9
3666,25.4
6733,24.55
9929,11.45
8272,60.1
6569,91.6
3288,21.9
2881C,51.7
6130,22.75
1731,20.9
5353,29.05
5529,26.05
00867B,28.23
8924,49.05
8433,52.4
9918,43.4
4166,24.1
3224,32.3
2248,60.4
7803,17.65
4108,11.4
5015,23.3
1445,10.35
3447,27.4
3527,50.9
8176,9.76
6281,50.8
6418,34.25
6874,70.1
4420,35.0
00944,22.27
3557,23.65
1108,11.1
2732,63.2
6160,14.0
5205,27.55
6581,110.0
5356,25.8
2314,10.9
2505,17.05
4106,24.2
9136,9.35
6615,33.35
5460,17.5
1324,9.95
5278,23.5
5324,12.45
1587,23.35
2947,62.6
2616,13.15
6887,36.95
2891B,61.7
00957B,12.3
2007,6.95
3489,22.45
3686,15.65
6958,17.15
4737,55.3
6722,33.05
6516,56.6
5206,22.7
2916,40.4
00899,21.9
1742,17.65
4113,14.95
5310,29.8
6968,41.3
2929,5.59
6219,12.2
5014,9.99
6229,23.9
006203,210.85
6241,16.4
1473,19.05
6752,96.6
5312,89.6
00788B,27.78
3083,23.15
2705,15.05
6872,22.2
6114,22.8
1468,13.35
8937,25.05
1762,33.7
4433,18.0
00648R,3.87
6703,99.9
8102,57.0
5302,9.81
5272,17.55
7708,91.6
6216,19.8
3349,18.5
3308,21.9
1474,9.98
8489,22.2
3259,12.25
4523,23.85
2756,61.4
1295,48.4
4747,23.2
7814,29.0
3419,11.9
2911,5.78
1203,43.95
9962,10.2
2887Z1,21.8
5355,7.71
6161,49.0
7819,33.1
4138,53.5
8928,22.45
1340,5.12
4907,42.85
8916,40.85
00651R,5.41
00717,14.47
2729,155.0
5489,41.65
7820,108.0
1583,46.9
1730,51.2
4116,39.75
4171,16.75
3373,15.95
2752,178.0
3522,12.1
6552,24.75
1614,31.25
3057,15.3
6158,17.8
1506,9.67
00886,49.7
6951,69.2
3232,20.2
2718,39.35
4133,20.4
3150,15.2
1525,63.5
1446,13.35
2022,7.24
3226,59.3
912000,2.43
3285,41.8
009806,13.87
4139,43.05
6899,49.5
3567,26.05
6508,26.05
6470,42.7
7770,40.85
8487,70.0
8277,15.5
3607,13.75
3679,108.0
4120,46.0
2901,24.75
6637,53.6
4930,15.8
7713,73.5
2701,10.35
3516,26.4
3158,85.9
2706,12.1
6582,31.45
6666,44.9
8429,5.89
7732,33.45
3379,27.5
6629,103.5
6283,19.0
6474,35.8
2938,18.15
6916,19.25
8440,20.0
6921,65.7
2348A,38.15
1817,39.8
8059,17.55
4192,17.5
8087,23.2
2380,16.45
6171,24.1
6523,89.0
7757,88.8
8092,12.1
1220,10.9
8291,28.05
1109,13.3
4188,13.9
1521,25.95
4972,16.1
6123,42.65
3332,64.3
4401,13.85
1432,15.0
3512,19.05
2722,21.55
4402,13.3
4153,31.2
2642,20.25
1465,11.5
5215,38.1
8080,28.4
2430,17.65
9926,49.5
3266,14.1
3687,60.7
6118,16.1
8426,20.7
6124,27.0
2063,23.5
7767,45.55
8442,45.45
1341,59.1
5398,13.65
4439,95.5
2431,10.1
6955,94.0
4552,15.5
4430,18.05
2739,36.3
3499,13.45
5438,16.9
6645,12.85
4131,30.6
2751,53.5
4442,53.2
6109,10.3
7718,45.95
3632,7.1
3276,14.05
1323,21.5
4161,21.5
1470,24.5
9931,34.2
6556,62.0
9941A,48.6
2506,8.39
020020,30.86
1414,17.3
2514,11.2
6855,111.5
1235,31.7
8423,17.9
1259,66.0
9110,3.24
7811,72.2
9928,18.05
8481,40.6
6835,32.25
6881,215.0
6936,32.1
4102,18.25
9944,17.15
1338,15.0
020025,41.3
6578,16.3
6997,68.8
6697,41.05
1443,23.55
1439,29.15
1805,9.95
7753,35.7
7782,25.2
2910,24.0
00660,45.84
1337,4.41
2924,18.35
3713,13.65
006206,36.55
3492,19.4
4160,38.8
5548,20.0
3206,34.0
6692,22.15
2115,23.85
2702,12.15
6804,18.4
00682U,21.04
3313,10.3
8935,18.75
2945,40.0
4121,12.7
2002A,37.2
2643,62.0
4109,10.9
8107,11.8
1906,10.65
1526,14.95
1417,8.13
1294,49.9
4999,17.9
1776,18.5
6464,76.1
6248,17.15
8463,21.25
7839,44.25
1410,24.1
009807,18.28
8941,43.9
4304,16.8
6527,74.3
2712,13.3
3205,46.9
1435,22.35
1413,9.28
3168,42.4
5520,84.2
1438,21.95
4432,15.2
5344,13.55
3164,16.55
5704,22.5
5212,49.2
8024,12.4
9949,24.1
6593,31.9
6195,28.1
00638R,6.98
4558,16.85
6771,42.5
6431,16.6
6671,23.05
00982B,9.01
6754,41.75
4767,28.5
6844,57.0
1539,15.7
2906,13.35
9912,12.95
3465,29.9
6982,44.6
2432,27.75
2496,54.9
8940,15.05
5348,17.4
6952,39.1
4550,23.8
4528,14.7
6128,19.35
4190,25.0
8101,10.6
8488,9.6
6240,26.1
4148,32.1
6294,27.75
2736,11.15
5211,20.6
8066,14.7
1593,31.65
3018,11.7
6971,23.85
1516,13.45
4702,9.32
8472,66.2
5516,12.0
4946,98.1
1599,22.95
00787B,29.9
911622,3.63
4581,48.0
00683L,22.58
6843,38.2
5604,31.5
00700,16.67
1512,6.29
5547,20.2
00972,21.33
8401,22.65
1236,25.75
8908,39.9
2734,14.35
6910,25.6
4175,50.7
3494,7.08
4502,15.7
8482,49.25
5345,21.4
8421,13.05
00870B,25.79
4426,7.53
4173,17.25
1570,32.7
6103,36.3
7584,29.6
6865,26.9
8906,28.85
6210,17.6
8917,52.7
4538,17.3
3118,31.1
3432,14.75
1233,28.0
4554,27.9
6624,38.0
1452,10.7
8354,16.55
8933,4.56
3521,11.65
1541,20.7
5601,28.9
911868,1.16
6496,23.95
1453,11.0
8450,14.15
00771,14.89
910861,4.68
7794,30.5
4584,38.1
2904,12.5
8466,15.4
6482,23.3
1454,12.2
4943,6.72
4911,28.1
3272,13.95
3073,20.5
4530,24.6
6904,123.0
00654R,7.18
00986B,9.11
4198,47.0
5364,8.29
3171,57.7
2067,4.8
6807,32.75
3646,25.1
2235,28.0
4406,10.05
1626,9.8
6929,21.5
2836A,23.85
6144,13.2
2424,8.65
1418,18.8
6680,50.8
6242,33.85
3252,15.3
6276,19.45
4754,38.1
6592B,95.0
3664,8.2
5878,37.5
00666R,9.37
8477,14.1
5546,14.05
2024,13.0
2891C,60.5
5514,15.05
2937,44.9
8455,22.45
1796,29.6
1423,35.45
6641,17.0
910322,23.2
1781,9.98
3523,14.1
4568,38.75
6884,30.75
4745,12.15
6767,23.7
8929,12.85
6222,20.0
8424,69.9
2719,19.45
8349A,45.2
3095,33.5
00783,26.76
9950,10.2
00836B,26.16
6958A,21.3
2321,25.5
6020,20.55
8443,11.15
6846,57.8
4529,3.39
00703,18.63
8112A,45.6
2926,30.35
8409,18.0
1441,9.95
5701,4.0
2897B,11.85
5543,27.5
4305,41.2
8077,41.2
6542,40.0
4535,26.5
4950,15.55
2064,12.0
3672,11.85
6228,17.7
6154,14.1
00702,23.08
8905,34.3
1312A,22.85
5223,22.6
8284,67.6
8067,11.2
6616,8.35
3629,12.8
6662,28.5
00656R,6.15
00657K,26.33
3191,17.55
4419,49.0
00634R,3.27
3064,13.95
5906,38.95
6246,12.65
00668K,18.76
00856B,37.09
020000,35.36
5276,17.5
3593,10.75
6212,32.05
6730,31.85
2740,31.4
5455,30.8
6264,6.09
00684R,14.72
911608,2.67
6169,12.0
1213,7.2
3531,21.25
6198,19.7
6661,16.95
00636K,8.32
2726,8.0
5703,13.5
4154,12.0
1813,11.2
1538,8.38
3115,8.3
4609,4.52
0054,28.25
0058,43.71
0059,42.85
00625K,8.33
00643K,3.74
00649,19.12
00658L,37.0
00659R,11.21
00667,20.79
00672L,0.75
00677U,1.48
00691R,10.46
00704L,18.84
00705R,19.03
00707R,31.9
00716R,13.96
00718B,19.05
00721B,48.06
00729R,20.56
00732,40.74
00742,22.2
00743,24.2
00744B,42.35
00745B,42.04
00747B,51.85
00748B,42.52
00765B,38.72
00766L,11.92
00767,17.4
00769B,60.3
00774B,40.85
00774C,9.12
00776,20.78
00784B,39.32
00790B,53.2
00793B,29.55
00794B,39.82
00796B,41.84
00797B,41.36
00798B,42.65
008201,101.2
00831B,41.42
00832B,42.92
00833B,43.87
00835B,45.16
00837B,37.64
00838B,40.38
00839B,41.85
00843B,40.37
00847B,23.3
00854B,41.86
00855B,38.6
00866,21.84
00868B,36.17
00869B,36.69
00872B,37.13
00873B,37.28
00874B,38.04
00883B,30.98
00906,11.95
00925,16.1
020001,28.63
020002,11.12
020003,15.89
020004,33.28
020005,19.35
020006,32.05
020007,41.23
020008,13.31
020009,26.67
020010,13.56
020011,16.4
020012,23.13
020013,14.84
020014,6.3
020015,18.69
020016,28.32
020018,24.94
020019,21.59
02001B,8.75
020021,4.42
020022,7.62
020023,7.2
020024,5.94
020026,6.37
020027,10.65
02002L,7.38
02003L,4.34
1101B,43.35
1258,26.85
1262,34.9
1333,1.44
1507,64.8
1522A,51.3
1566,19.65
1589,5.54
1592,2.57
1701,21.15
1724,15.6
1787,26.15
1902,20.65
2035,26.7
2073,25.6
2323,11.0
2358,4.56
2443,3.57
2448,41.4
2456,94.6
2499,4.12
2724,12.45
2809,56.6
2823,30.55
2841,2.68
2867,9.7
2888,11.8
2888A,36.5
2888B,36.8
2928,31.85
2936,40.35
2941,30.75
2948,37.25
2949,62.5
3036A,52.0
3067,16.9
3085,12.1
3089,81.0
3144,38.2
3202,3.96
3383,1.7
3426,47.8
3452,1.47
3454,99.4
3536,2.92
3562,14.8
3642,3.87
3682,7.47
3698,22.25
4130,26.7
4141,26.1
4144,26.9
4152,99.6
4180,70.9
4183,14.75
4413,19.9
4429,40.8
4527,40.9
4712,2.85
4725,17.9
4803,3.6
4804,3.27
4944,11.6
4945,76.1
4947,228.5
4987,81.6
5102,24.65
5259,7.86
5264,87.1
5281,15.8
5301,4.99
5304,3.32
5305,42.3
5349,25.4
5371,83.5
5383,41.5
5820,11.7
6131,5.18
6172,20.1
6236,16.9
6238,179.5
6247,15.45
6251,20.3
6287,8.89
6288,20.95
6289,1.35
6404,4.64
6452,56.6
6457,62.1
6497,5.66
6512,20.2
6514,50.8
6592A,96.8
6594,31.3
6597,64.9
6747,199.0
6751,44.45
6762,156.0
6806,3.51
6856,41.75
6950,29.0
7716,24.45
7747,111.5
7842,97.9
8183,28.2
8287,0.73
8342,83.0
8406,278.5
8416,169.5
8418,8.95
8420,40.6
8427,74.9
8444,4.35
8480,84.6
8497,65.5
8913,13.3
8921,16.45
8923,18.0
8934,36.1
910482,0.25
911616,0.48
911619,0.11
912398,5.15
9157,0.86
9188,3.47
9960,38.05
```

