# 收盤價 MD
# T:2026-10-07 10:18

## [CLOSE]
```csv
代號,收盤價
2327,661.0
1303,313.0
2492,428.0
2330,2575.0
2454,4855.0
4958,590.0
6274,1750.0
3081,3105.0
2303,146.0
2408,515.0
6147,235.0
3026,853.0
2313,250.0
2383,6125.0
6257,280.5
2308,1985.0
3189,1115.0
2368,1265.0
6488,1210.0
6213,802.0
2360,2405.0
3443,8515.0
3105,586.0
3441,271.0
3661,4210.0
2409,37.2
8046,1515.0
3008,6825.0
2345,2040.0
3017,3535.0
6442,1815.0
8358,539.0
6515,5550.0
3037,1320.0
2455,549.0
4979,582.0
6456,100.5
2317,251.5
3665,2300.0
2344,177.0
3450,536.0
3406,1075.0
3653,6775.0
3605,168.5
2376,363.0
6182,132.5
3624,159.5
0050,116.0
4991,519.0
5483,222.5
1301,71.5
2449,299.0
6669,2245.0
1815,128.0
4908,250.0
6239,305.0
6770,73.4
2301,295.5
3711,735.0
6223,5580.0
8150,126.5
3374,484.5
1802,61.7
6538,320.0
3363,677.0
8039,289.0
3231,185.5
2059,11790.0
3481,50.9
8086,138.0
3715,143.5
3163,707.0
6187,1550.0
00981A,32.54
00631L,41.59
1711,46.3
6285,253.5
8021,555.0
3090,174.5
6834,130.0
1709,59.7
4971,605.0
5274,17985.0
3324,1515.0
3491,1690.0
8042,123.5
2382,334.0
1785,105.5
8028,286.0
8299,2070.0
6449,256.0
7788,329.0
5347,191.0
1504,72.5
1326,74.1
4919,155.0
8111,92.9
3260,363.5
6278,231.5
3264,245.5
2426,102.5
2466,178.5
6505,105.0
2472,235.0
2481,175.0
2337,117.5
7769,5870.0
2375,130.5
2478,132.0
6672,503.0
6526,775.0
7610,1815.0
6531,1020.0
2340,48.15
6207,148.0
00927,40.52
00406A,10.27
6209,90.7
5536,993.0
5285,98.8
3042,206.5
4916,104.0
00403A,11.42
6805,2440.0
5351,113.5
2882,113.5
00685L,13.76
6139,782.0
8043,147.0
3211,390.0
3236,57.8
1714,18.85
7856,4360.0
3529,3045.0
0056,58.3
2464,185.5
2486,242.0
0052,67.6
6683,1480.0
4931,254.5
3707,87.5
4977,177.5
2049,345.0
6197,365.5
3044,580.0
6548,78.8
6290,282.0
6715,510.0
8996,1620.0
5475,185.5
8261,192.5
2484,81.9
3532,473.0
1409,26.0
2316,181.5
2603,233.5
009816,17.02
8210,882.0
5289,1275.0
6944,876.0
6271,242.0
3006,271.0
3533,1850.0
1519,703.0
2357,993.0
7792,406.5
3167,1035.0
00985A,24.48
3693,711.0
4927,51.4
00991A,19.33
6451,427.0
2883,38.2
6446,1170.0
00919,31.91
6415,452.0
6199,138.0
6426,351.0
7717,602.0
2891,69.1
009828,11.37
00992A,20.14
6127,58.5
2367,47.1
6716,149.5
2413,57.5
4760,333.0
2379,741.0
1727,106.0
6226,43.3
2395,725.0
3265,217.0
3234,181.5
1476,301.0
00400A,16.51
4551,189.0
2885,69.7
5234,335.0
3357,225.0
4764,210.0
5425,100.5
2305,58.1
6510,3050.0
2351,218.0
6196,669.0
2881,154.5
2474,199.0
00929,30.06
2451,283.0
3583,755.0
3131,2515.0
00918,34.07
2404,1315.0
4906,42.35
3030,309.5
3701,61.1
2428,269.0
5328,58.8
6727,541.0
3016,193.5
2371,30.7
3673,76.2
2254,91.9
3362,188.5
2493,211.5
6152,19.8
6667,280.5
4989,70.4
2890,44.9
1560,1025.0
2485,42.75
2324,36.0
00935,62.95
3680,567.0
3702,119.5
3034,530.0
00881,54.05
00712,7.07
6168,40.8
00878,35.19
5314,27.8
6830,533.0
2887,41.85
8033,174.5
1216,74.5
6155,70.2
3035,210.0
4707,32.65
8027,212.0
8069,146.0
00947,40.76
3036,215.5
1717,75.0
6584,533.0
2467,578.0
3149,75.4
3675,348.0
6811,273.0
2377,155.0
6217,174.5
00662,127.4
3147,287.5
1513,168.0
6706,154.0
2436,72.0
4722,223.0
00405A,9.73
00998A,16.51
5388,73.9
3563,745.0
5434,615.0
5309,66.2
3045,122.5
4576,230.0
3717,27.25
6693,197.5
4749,794.0
00891,38.53
7799,519.0
3498,231.5
2412,145.0
00937B,13.59
2385,105.0
7795,548.0
6174,58.1
8064,134.5
4720,23.75
6691,777.0
2356,58.6
6789,486.0
00830,92.6
6116,15.3
3376,169.0
6175,77.1
5432,204.0
3029,113.0
3019,138.0
6620,128.5
2439,77.7
6530,101.0
7711,623.0
4903,46.75
00679B,24.32
00988A,17.6
2399,48.9
00632R,9.18
2609,59.1
00934,30.06
6218,58.6
2236,84.7
5439,262.5
00961,13.18
1590,1210.0
6640,1120.0
3293,781.0
2615,111.0
6291,471.0
4967,265.5
2421,172.0
2886,49.4
3518,47.7
1773,175.0
3094,67.0
2354,62.0
3219,137.5
3311,44.7
006208,265.4
3714,67.5
6983,396.0
7828,1835.0
6190,76.4
00922,45.14
2884,45.5
2489,39.6
6138,270.0
1718,11.15
3013,93.8
00663L,120.05
6957,433.0
1477,205.0
8155,336.5
4739,88.4
00687B,25.26
6533,345.0
6788,381.0
8926,60.4
2441,126.0
00725B,32.55
1605,38.85
7750,2035.0
2892,38.55
00407A,10.66
1708,56.8
6668,50.7
00888,36.72
00982A,24.52
7822,967.0
6117,68.5
4755,127.5
1569,68.9
1503,198.5
2637,96.7
4768,365.5
8103,120.0
5340,85.6
4772,277.0
2241,48.55
4716,20.6
00984A,16.27
00675L,363.8
3023,323.0
6643,504.0
4542,337.0
5292,247.0
6933,378.0
6435,256.0
3689,117.5
6491,414.5
00953B,9.43
5880,26.3
1101,25.2
2634,63.8
2027,47.55
2061,68.2
2363,58.8
1455,10.9
6658,205.5
6861,269.0
5469,80.6
9904,24.9
4949,83.6
00411A,11.2
00637L,17.99
8271,201.0
00904,44.57
4961,180.5
00996A,15.41
8112,83.9
6831,490.5
4763,46.35
8054,81.2
9933,44.2
1514,104.0
2605,36.45
00409A,10.43
5871,106.0
00673R,10.76
5904,69.7
6525,137.5
3014,146.0
8016,289.5
6414,394.5
00713,63.0
2880,45.9
2855,58.3
1609,38.55
9105,8.63
2342,49.9
8040,89.0
3317,66.4
00990A,16.74
2353,31.15
2542,38.5
7751,1575.0
6432,66.7
6485,84.0
4556,140.0
1721,27.7
6781,1030.0
5243,96.5
009829,10.87
7734,2735.0
1314,8.79
00708L,71.05
3141,81.8
3221,53.8
2912,211.5
2476,130.0
1402,28.25
00965,25.44
2030,37.65
00962,15.27
5876,49.3
00909,47.68
6509,50.6
3413,291.0
3556,65.2
4939,76.5
2801,27.45
3031,33.0
6263,175.0
00646,78.3
00735,111.4
6829,214.0
4956,42.85
2302,45.8
4566,76.8
3055,216.5
2618,41.65
2498,42.25
6284,80.9
3564,59.2
5452,31.35
1434,18.8
4174,53.0
6588,110.5
00940,13.22
4938,89.7
6945,139.5
2355,44.65
1440,13.8
8070,51.9
6166,128.0
1312,14.8
3455,280.0
6179,36.7
009803,22.38
3021,28.35
6282,43.75
2002,18.85
009819,10.14
2851,47.45
6409,898.0
6005,32.7
1597,143.0
8289,55.2
009805,15.54
00720B,30.52
3706,80.3
00896,28.56
2468,42.05
8131,64.1
2812,18.8
6613,289.0
2312,30.7
8110,48.6
6133,27.05
6862,152.5
2402,59.5
1736,120.0
3162,83.2
3645,74.2
5386,282.5
2483,38.75
5864,39.25
6234,41.8
5013,52.5
6579,153.5
2834,17.45
6438,165.0
5269,1475.0
3088,134.0
4966,563.0
6227,139.0
00892,43.6
3587,246.0
4105,79.6
6224,81.9
4167,20.65
1795,179.0
00980A,26.73
6191,86.5
6919,78.6
009820,10.78
2515,12.0
2606,74.4
6739,1120.0
2347,96.2
8227,366.0
5498,54.1
00997A,12.02
3504,83.8
2369,31.8
2645,173.0
3025,59.3
5244,40.2
00795B,24.44
3576,18.15
6472,421.5
3209,46.2
3005,118.0
00923,42.85
00984D,9.64
1319,79.1
00719B,31.03
2103,28.3
6903,326.5
6712,161.5
00999A,11.66
4915,63.2
2338,47.35
3543,54.0
00753L,8.4
2548,91.2
7772,149.0
6121,371.5
8091,227.5
6937,295.0
00692,99.7
4743,47.6
6532,112.5
00900,19.6
2393,66.8
1608,36.5
2101,29.8
009821,13.26
6214,189.5
00772B,30.9
2034,23.85
8096,88.2
2406,31.05
00912,37.27
6547,60.7
4770,269.5
4721,82.4
00995A,18.76
3596,157.0
5443,113.5
6416,118.5
5284,289.5
5228,55.8
6419,166.5
2915,58.3
6907,191.0
1325,28.25
6443,27.5
1809,45.0
2359,126.0
6651,145.5
6949,46.2
4973,135.5
6176,90.7
2614,15.45
9921,90.8
00751B,28.56
7730,196.0
1710,17.6
2607,55.3
2352,28.85
009802,20.44
8383,70.9
00893,47.9
009826,10.14
8464,365.5
6890,154.5
2388,70.5
9914,67.1
8454,243.5
8081,261.0
6664,380.0
1595,71.0
1102,35.55
00401A,14.64
6708,69.0
3289,142.5
6141,50.2
00981B,8.93
2610,20.2
00404A,10.08
00913,53.75
3228,166.5
3558,132.5
6768,65.4
3551,198.0
3537,56.6
2332,20.35
3048,53.4
9945,29.2
8114,176.5
2458,132.0
7740,105.0
6148,37.05
6108,25.1
2465,89.9
3114,39.4
6902,136.5
3630,28.45
6016,24.15
00696B,26.5
00865B,48.93
8422,25.3
00655L,30.27
00757,145.75
6742,60.3
00670L,220.9
6202,60.1
00933B,14.85
3526,275.0
00635U,42.62
3033,41.65
00715L,69.7
00402A,10.36
00985B,10.01
009827,10.84
4766,355.5
5457,23.3
0055,49.58
2105,30.1
6603,28.8
3297,34.15
8109,135.5
8050,60.6
2221,185.5
3580,103.0
2329,45.1
2201,28.75
6206,135.0
6269,65.0
00633L,43.55
2207,519.0
3138,100.0
6120,13.9
7712,172.5
5460,19.25
3227,187.0
3535,91.7
1617,23.75
4147,62.1
2374,66.2
1808,32.1
4540,58.5
6122,58.5
00951,19.42
2020,24.4
2328,47.8
3490,45.5
6244,22.65
2392,40.6
6204,111.0
00876,95.8
4164,28.6
6265,49.15
00994A,18.23
3152,244.0
00738U,48.12
00858,36.87
8121,32.8
3718,64.2
00410A,13.06
3135,157.0
2006,86.1
2415,29.1
2845,12.95
2243,59.0
6719,187.5
6617,123.0
2495,37.85
1210,51.4
3305,108.5
2033,52.9
00768B,45.25
3339,45.65
1229,39.65
3354,31.05
6690,178.0
7827,164.0
7722,274.0
00924,34.57
3479,134.0
8147,141.0
00938,27.22
3545,49.35
00770,67.2
6901,17.3
4960,24.1
2401,26.3
00993A,14.66
3010,131.0
9938,39.5
00939,24.04
3022,89.8
4923,63.0
2504,31.0
5202,14.5
3380,30.7
8163,29.9
7709,85.6
00943,21.28
6153,17.75
00665L,8.55
6462,101.5
6156,23.8
6165,47.5
00952,18.59
6517,68.0
4711,17.6
2727,235.0
3617,245.0
9941,76.1
9910,66.3
2646,20.05
6279,117.5
8213,35.3
4912,108.5
8182,43.15
00650L,15.38
00988B,19.03
8431,61.5
00931B,12.3
3402,139.5
3631,44.3
2208,18.5
3592,236.5
6425,74.7
1459,18.75
6163,41.6
8074,55.7
00733,78.3
8936,53.1
6412,73.9
9919,14.65
6143,78.5
2597,165.5
00928,35.5
3581,113.0
7777,37.1
1722,41.15
6205,72.5
3388,85.7
00894,52.45
9939,127.5
00915,32.87
9802,66.1
009811,13.77
7749,387.5
00773B,33.12
2108,29.4
6215,97.3
2204,51.5
1528,23.95
9103,5.35
3597,36.75
6962,32.8
3691,104.5
6782,233.0
00930,23.95
4526,33.4
6743,35.9
7744,528.0
9958,89.3
6922,205.5
00963,12.49
8215,28.0
3032,77.3
6654,224.0
6585,106.0
3704,39.5
5222,101.5
2501,20.35
3615,43.4
009813,11.75
2032,18.55
5291,63.6
6589,51.2
00950B,12.98
00954,20.68
2889,16.3
00981T,11.67
6405,39.9
2535,89.5
8932,90.4
3229,55.5
4904,104.5
6245,87.4
5299,99.7
4976,37.35
00898,11.47
3685,35.5
6188,62.4
3060,28.85
3430,113.5
8436,103.0
2233,167.0
7765,234.0
2206,63.0
6146,182.0
4583,413.5
6541,32.5
8255,151.5
2009,39.35
00945B,14.22
8390,91.6
00897,13.56
00955,15.88
00981D,10.08
5529,26.15
8240,55.5
6877,130.0
00882,14.76
3373,17.15
1444,7.01
5251,31.4
2107,28.15
5009,32.65
5464,93.0
3338,70.7
00859B,40.66
7723,21.4
2543,38.55
2348,70.6
1582,71.8
7810,249.0
00941,26.83
1215,105.0
3515,218.0
3028,62.9
6925,69.6
6140,20.25
8011,16.8
5392,38.85
2104,11.15
5011,21.95
4771,206.5
1231,77.6
5465,33.35
3213,125.0
3416,169.0
6885,30.15
00985D,9.39
00740B,35.6
009815,12.31
6235,36.75
6469,64.3
7556,292.0
5534,71.5
6015,17.85
1732,26.95
00885,17.79
6498,73.5
009823,10.64
6221,30.1
6261,77.6
00864B,46.22
1304,12.7
5381,22.15
6753,131.0
3303,49.85
4968,97.8
1810,23.4
4577,90.0
00877,34.9
4541,59.6
3169,109.5
00970B,8.61
00887,15.03
4142,18.2
2419,27.3
6104,88.0
00690,85.0
6177,45.5
00761B,31.58
00991B,14.2
4706,42.45
00964,14.85
3049,12.1
00989B,9.86
4746,48.2
009814,11.6
5608,16.6
00680L,5.59
1310,9.57
00910,57.65
2069,25.15
6259,32.75
0057,345.95
2527,49.9
4123,30.95
5306,87.8
3059,38.35
6870,318.0
00850,99.15
5521,11.05
0053,261.9
3062,22.15
2913,11.0
6112,44.6
5471,51.4
00697B,33.82
00987A,18.11
00987D,9.37
6894,365.0
2444,15.7
1536,46.5
6292,70.0
3284,22.05
4127,43.1
00905,28.55
3437,21.0
00958B,8.54
5522,60.9
00895,54.1
3663,62.5
4736,131.5
6605,137.5
00916,27.13
00642U,31.1
1563,78.9
6953,256.0
2480,165.5
5321,70.9
2491,40.25
5236,126.5
3591,27.1
6695,51.3
00990B,9.85
6840,93.5
2633,25.65
009804,24.8
4953,117.5
2420,56.2
5508,53.9
6233,25.0
4534,29.8
8083,159.5
00694B,41.7
6411,78.5
3622,47.25
00701,41.27
2539,33.75
00693U,23.79
5481,20.5
2072,130.5
5426,29.25
2723,79.6
6126,32.25
6230,116.0
2258,30.85
00722B,32.72
6604,25.4
5609,78.6
00917,22.21
6231,235.0
2641,17.1
2540,47.8
1227,27.7
3467,71.2
2887H,42.8
6873,65.0
1612,34.9
2349,10.25
3004,121.5
00688L,5.58
2601,6.08
6994,30.3
3588,55.5
7402,99.8
2816,40.35
7728,633.0
2836,12.1
8438,81.1
00764B,25.22
3268,23.65
2612,61.8
1904,24.65
3483,80.5
7714,168.5
009824,10.83
2707,175.5
6592,56.4
3027,19.95
00983A,13.3
4952,49.05
1315,71.8
00920,25.7
3550,24.8
6913,130.5
5209,171.5
6125,49.65
2457,21.95
1909,10.1
2850,161.0
4128,15.5
00695B,33.54
6679,198.5
1295,50.5
6642,79.9
6225,68.9
00728,71.25
4303,31.25
3694,51.0
3178,67.2
00857B,21.02
9911,81.2
4510,41.9
5515,52.0
8341,73.6
6657,33.65
00946,15.4
1309,14.1
2417,38.0
3672,12.7
1907,27.95
3015,53.0
6803,262.5
00971,18.13
8105,15.1
5474,163.5
1313,12.5
00948B,8.69
3041,24.15
8234,62.2
00408A,11.07
1537,113.0
6028,110.0
2442,14.05
2115,25.0
3290,50.1
2031,45.7
00984B,14.96
4563,53.4
2397,64.0
6561,310.5
5225,53.3
3066,27.35
1735,23.0
3003,58.8
3312,50.8
00746B,33.05
3708,95.9
3040,32.95
3485,215.5
1308,14.35
1515,28.2
009800,13.8
00664R,1.48
4506,117.5
4951,88.5
3552,44.2
6461,28.45
2630,45.65
7703,206.0
4905,93.2
00706L,18.99
00936,21.65
6698,32.05
6535,80.8
1568,30.85
1449,13.0
00861,92.3
2617,31.95
1447,6.59
3217,128.0
1307,31.45
00752,22.04
9907,14.85
6967,72.4
2434,59.7
00968B,8.55
00911,58.8
6799,91.3
2838,20.55
3652,35.15
00681R,23.21
6560,33.25
4585,290.0
8924,49.2
3054,58.8
6186,29.0
00907,17.77
4157,8.54
2106,16.55
1723,80.8
1305,12.4
2365,27.7
1565,96.8
6496,23.85
2897,10.6
6237,36.35
2211,79.6
3548,74.2
00921,24.19
6150,65.5
6546,61.7
00731,99.0
6821,46.25
8088,43.75
6208,80.0
6499,78.3
4714,12.05
6756,97.8
1905,12.65
2731,144.0
3623,29.4
006205,39.01
6550,16.3
4114,29.15
4536,158.0
00676R,5.08
3356,67.8
2636,70.1
1618,39.05
6785,90.9
6164,13.15
6023,84.5
3466,26.2
4555,42.65
1342,100.5
7768,301.5
3555,163.0
3046,53.1
00966B,12.82
00980T,12.28
7780,16.1
00926,27.03
3093,46.15
3323,29.85
2887E,48.35
1707,84.6
00724B,31.34
2820,16.85
3218,133.5
9917,106.0
2362,46.65
6924,130.5
8084,15.95
00875,59.8
3176,38.3
3230,40.25
4564,15.95
4441,171.5
4169,150.0
00960,22.45
4909,37.05
9955,24.1
6243,38.65
7855,41.35
6477,33.7
5607,52.3
1472,89.1
2520,36.85
5531,7.0
009810,21.67
6534,94.0
3594,46.3
00641R,3.61
00986D,13.82
00902,13.05
1623,197.0
6875,27.2
2427,22.85
2331,18.95
3188,22.45
1524,25.95
6134,28.4
2497,44.5
6763,41.6
5493,91.0
2453,53.5
2903,21.9
2015,65.1
00980D,19.36
6854,92.4
6026,15.9
7825,78.5
6914,119.0
1522,25.7
3051,22.4
4133,20.9
3709,64.8
3577,111.0
6192,111.0
6492,33.65
6596,96.6
4129,83.5
00779B,25.43
6751,48.8
2414,53.9
1442,26.85
6732,152.0
1436,36.4
00942B,13.06
2546,106.5
3294,31.7
1264,248.0
8473,39.9
2852,27.55
6180,40.9
6689,63.1
00848B,32.07
2014,16.85
009801,11.95
006201,48.57
8201,16.85
6761,168.0
2025,13.75
00959B,8.61
4588,56.0
4561,42.35
6423,86.9
8476,20.15
4178,17.7
1713,44.75
0051,153.05
5230,22.75
5263,90.8
8374,75.6
1712,39.9
3078,45.8
00669R,5.39
4934,14.9
2348A,38.1
8162,64.8
3705,57.3
3703,19.5
4807,32.1
1786,41.65
6216,20.1
8222,35.1
2010,22.55
6757,52.9
4104,72.0
9930,58.7
3528,86.0
6947,67.5
00652,30.94
1702,32.75
6417,105.0
4137,76.2
006203,209.3
7736,71.6
3287,39.4
8942,40.0
4119,53.9
8076,21.35
5287,137.5
6103,39.9
3257,49.35
2432,28.65
6965,61.5
2536,18.35
4571,153.5
2405,15.0
1336,18.2
2425,36.85
00983D,9.55
6869,69.3
9929,12.55
4532,24.45
4590,88.8
00737,41.99
3372,16.6
2545,33.75
00983B,14.19
3607,14.25
4533,25.35
4924,15.7
5258,41.65
1103,13.1
00852L,32.89
1584,18.1
00643,17.0
7794,29.35
8432,53.7
5398,15.0
2883B,8.59
009817,8.48
00700,16.62
6431,16.6
1316,10.4
3546,72.7
1591,41.05
6266,26.4
3056,13.7
4163,134.0
8071,21.85
2611,15.05
8349,41.6
5530,47.9
7631,139.5
7812,65.0
3130,207.5
3540,23.8
6568,137.0
1760,54.0
6275,47.35
3570,168.5
1201,11.4
4545,38.0
1580,95.8
3530,59.0
6189,49.5
00636,26.12
4106,24.1
3207,38.85
8104,31.05
2882A,60.1
4560,30.05
6021,42.7
3011,9.87
6670,273.0
2461,16.9
2530,19.85
6909,43.05
3047,14.45
1217,9.89
1799,27.85
00756B,28.67
2460,30.55
4107,109.0
00647L,142.45
6841,56.1
2387,36.25
6741,54.1
6598,26.6
5512,7.49
3625,9.55
4171,17.2
1240,53.6
6629,101.0
1104,26.65
4974,69.6
00844B,29.04
3346,23.3
00870B,25.99
2038,12.6
6277,77.7
8249,39.65
4417,48.2
5213,19.95
00956,13.31
2832,56.6
3024,13.7
2364,64.9
6101,37.9
2023,13.9
2237,26.7
5245,19.9
6024,59.4
8415,35.1
00762,122.75
4416,12.55
9940,20.05
9925,39.4
5490,25.45
1586,17.85
1731,20.9
8938,51.4
6790,37.3
1720,56.1
4162,55.6
2905,17.7
6129,14.3
3508,25.15
4549,98.4
5410,33.25
6183,91.8
6151,35.3
8446,86.2
2881C,51.6
00777B,29.66
6504,37.6
1789,18.75
1232,153.5
8478,139.5
4735,37.4
1603,30.6
6918,73.9
009806,14.0
6494,52.4
8038,34.0
8044,23.95
00763U,34.69
2753,182.0
5227,28.95
00884B,27.14
2390,10.05
3038,20.5
3669,32.6
2743,50.8
4562,30.2
5324,12.4
2429,30.05
6931,38.1
4557,50.2
2640,155.5
00980B,8.73
6606,23.95
3360,15.25
6988,12.6
6270,30.1
5403,91.7
3520,17.6
6170,48.9
3092,24.0
9908,29.1
2065,35.8
3438,60.7
00932,17.57
4113,14.9
2471,51.0
009808,33.0
6794,72.8
5511,68.6
7821,35.0
2488,49.7
1218,14.4
5203,58.2
1788,127.5
3306,47.0
8068,17.1
2482,16.0
2901,25.25
6558,25.0
2887I,9.52
2070,61.7
3321,17.35
00648R,3.85
6735,64.0
00678,41.92
7705,29.65
00741B,36.6
2908,21.9
5210,30.1
2231,91.3
6906,79.0
8045,53.5
1416,11.75
2608,28.65
1615,41.85
00771,14.8
6142,8.99
6441,22.45
3050,11.55
2029,22.0
2881A,61.3
7704,60.2
00668,59.95
6203,59.8
2423,71.0
5288,188.5
2247,225.0
8410,26.75
3058,8.24
00949,22.4
6791,101.5
1733,30.1
5903,185.0
7547,61.6
1817,39.55
2547,9.69
7738,157.5
6908,26.2
6725,220.0
6986,44.0
4503,23.8
7818,60.8
00972,21.39
3071,22.7
6722,33.0
1734,32.0
6570,47.2
3679,108.5
1611,11.3
1598,20.0
00969B,7.24
00754B,29.94
4168,22.8
00903,22.32
2511,8.25
2477,22.35
00671R,2.3
00710B,18.51
4205,67.6
3628,72.4
6569,91.8
7715,26.5
00645,59.15
1527,32.4
4552,15.35
3444,76.7
6220,25.55
5519,24.75
1471,9.42
1777,75.8
2755,97.9
1529,15.8
3150,15.05
6136,25.15
6118,16.1
6804,18.45
7786,117.5
6576,78.0
3484,49.2
2516,14.7
6229,24.3
8048,51.3
6684,48.55
2538,8.73
1616,18.3
6872,22.3
2380,16.0
3527,50.4
4306,14.4
1780,24.5
00640L,112.5
00736,32.12
1737,29.9
9906,40.6
5706,44.4
5353,28.6
2537,11.05
6591,41.6
1532,21.65
6272,25.4
4108,11.35
9946,16.65
6928,44.65
1339,42.2
2459,64.9
00987B,15.19
6721,49.0
1256,166.5
4741,41.45
7743,26.45
00653L,40.94
6552,24.7
1540,18.9
8034,19.3
1583,47.4
5871A,99.9
9934,9.74
2528,18.9
8435,52.6
6115,43.8
4438,56.3
6823,60.6
8440,20.2
1533,30.15
00944,22.38
6474,35.6
6582,31.25
009818,21.7
4569,156.0
00982D,9.27
5478,97.2
1558,110.5
1225,24.0
6465,40.4
6863,95.9
1517,10.3
6111,36.25
2704,44.75
8499,253.0
2732,63.1
6581,108.0
8421,13.5
3609,24.3
009825,9.71
5310,29.8
3716,33.65
6733,24.45
5468,24.35
2017,8.88
1466,14.4
2613,21.8
7713,71.9
4754,37.8
2230,21.65
1445,10.35
2509,13.6
2887G,44.1
2013,41.1
6838,24.9
2022,7.15
6241,16.1
4195,15.95
9927,62.3
3310,68.4
2462,20.1
00899,22.04
2745,85.3
5603,14.2
8937,25.2
00989A,18.3
009812,13.21
7642,66.9
3687,60.8
5905,7.31
1752,31.4
5484,38.75
6728,109.0
8916,40.7
3296,28.2
8072,27.0
00723B,28.08
1414,17.45
3501,37.8
00788B,27.87
00957B,12.32
6161,49.2
00686R,0.91
7689,158.5
8462,158.0
2643,62.6
2534,16.75
1783,38.25
00986A,15.27
3122,24.35
2250,55.1
4907,43.25
9951,46.3
00967B,8.43
6194,31.4
1784,59.6
1460,6.13
00849B,37.14
1805,9.99
1321,32.35
6609,38.8
6506,18.7
6968,41.3
5205,30.3
8047,44.15
5016,27.2
00789B,43.91
9942,113.5
6508,27.0
6796,56.7
1464,9.94
4995,47.0
5355,7.71
00842B,28.0
7721,61.9
1417,8.12
1535,45.8
6792,60.2
5450,14.6
00709,38.39
1110,14.4
3390,22.15
6464,75.9
2227,44.2
1268,175.0
6776,52.5
9110,3.4
5206,22.7
6113,23.65
3002,19.05
3325,11.35
5272,17.6
5015,23.1
8442,46.2
6614,35.85
1456,14.55
6916,19.0
2440,14.1
9902,12.9
1234,32.3
4442,53.2
4139,43.5
7791,53.1
1725,33.9
8404,13.55
1467,8.07
2838A,52.0
5283,52.0
6486,78.0
6470,42.45
4126,77.7
2729,155.0
3205,46.3
6573,15.85
9935,18.25
4109,11.0
6516,55.8
5220,22.25
2228,74.1
1604,23.3
8085,14.75
1762,34.0
3434,31.35
3712,20.55
6114,22.65
020020,30.7
6637,53.4
4933,53.3
2248,60.7
1457,14.15
8080,28.3
4414,8.1
4513,16.2
1473,19.05
6936,32.2
1531,11.3
00657,83.2
0061,23.03
4527,45.85
6835,31.6
3322,11.1
2062,17.85
2431,10.0
3086,27.3
1806,7.87
00703,18.6
6649,37.2
2596,34.05
4728,408.5
8927,18.55
8481,40.5
8277,15.55
4207,19.2
006206,36.55
3684,56.8
8171,20.9
1419,66.0
4131,30.4
1446,13.45
3541,24.35
6185,12.5
2748,38.7
1525,64.0
6929,22.55
4439,95.8
1726,76.6
5315,19.1
9924,37.8
5215,37.7
6248,17.0
6754,41.45
4999,17.6
6923,73.7
3611,182.5
00661,91.2
7767,45.4
3512,19.1
00730,30.18
4166,24.1
7811,72.2
6184,39.95
4116,39.55
6593,32.3
3043,20.85
2028,16.75
00901,50.05
4440,17.5
8437,11.25
00639,14.99
8416,171.0
00867B,28.38
2505,17.0
6276,19.9
3567,25.95
2002A,37.35
2923,24.0
4121,12.85
4729,19.65
5344,13.85
2911,5.91
4543,29.9
4580,82.0
4994,82.0
6144,13.0
00674R,29.5
4138,53.8
8279,80.7
7820,107.0
8176,9.71
00717,14.51
6219,12.2
7823,79.3
8049,24.4
3288,22.65
4111,28.8
1475,26.0
8930,28.3
3686,15.5
8089,19.35
5302,9.86
1587,23.4
9943,50.5
2616,13.15
5201,27.2
6625,73.8
00863B,29.13
3224,32.3
1219,11.15
4430,18.1
1474,9.97
00792B,28.84
1410,24.0
3522,12.0
3499,13.05
8093,26.0
6884,31.5
4702,9.38
8908,39.8
2433,39.7
6951,69.0
6961,45.9
5488,11.95
4726,22.85
00727B,38.96
5014,10.1
2114,89.8
1340,5.15
009822,9.47
1463,17.6
5525,22.0
2430,17.55
4935,32.9
3419,11.8
5278,23.45
2736,11.2
2109,14.25
2724,13.5
9905,21.25
8092,12.1
5604,31.7
8032,36.2
3379,27.6
6899,49.2
4420,35.05
5212,49.0
3128,20.15
4102,18.5
9944,17.15
4581,48.0
8024,12.6
1776,18.35
5533,14.0
5438,16.95
2938,18.25
6624,38.75
6846,58.1
00687C,8.57
8906,28.8
00908,14.24
3666,25.25
1468,13.35
4173,17.15
5547,20.2
1526,14.8
1506,9.65
3447,27.7
1324,9.93
6109,10.3
2939,23.85
9136,9.28
2063,23.6
8931,42.45
6969,30.3
3531,21.2
1530,26.3
8433,52.3
8411,11.6
8424,69.6
009809,18.97
6771,41.7
8426,20.8
1465,11.55
6130,22.9
6281,51.1
3232,20.2
4946,101.0
5487,28.8
3710,7.98
4304,16.6
2102,16.45
4744,28.1
2929,5.69
5345,21.0
1108,11.05
2906,13.25
2314,10.9
2701,10.25
3083,23.05
2739,36.8
6160,14.0
2756,60.6
3018,11.35
8401,22.65
6616,8.6
6982,45.0
1337,4.39
2007,6.9
8467,89.5
5312,89.4
6523,89.1
3511,19.7
4582,22.0
8102,57.5
6844,57.0
8403,18.95
3158,85.1
2524,33.75
3349,18.7
2424,8.77
6996,166.5
4426,7.53
7760,32.8
4972,16.3
7770,39.8
1452,10.6
2373,52.6
00683L,22.5
4942,31.4
6542,39.1
2762,78.0
4160,39.0
912000,2.43
00726B,30.99
2438,19.35
1730,51.1
1220,10.9
3308,21.7
6910,25.3
6283,18.9
2705,15.05
00851,74.7
00890B,29.7
1454,12.1
6612,72.6
2239,18.05
6171,24.05
9928,17.95
8933,4.46
5907,4.73
6874,70.4
7835,20.05
8487,70.0
6671,23.3
4572,139.5
00638R,6.97
6997,68.0
8284,68.0
00799B,27.19
6240,26.1
4406,10.0
5516,11.8
5489,42.4
3646,25.05
1437,31.3
6720,125.0
020025,41.33
2849,15.35
6697,40.9
4192,17.5
6859,122.5
2702,12.15
8272,60.7
4538,17.25
6574,120.0
1109,13.3
1432,14.95
8099,59.6
3465,29.7
4568,39.35
1796,29.5
4747,23.3
6645,12.8
3259,11.35
00782B,28.08
7747,112.0
8291,27.65
6692,22.1
2887Z1,21.8
2706,12.1
5538,36.25
2751,54.0
4161,21.5
2722,21.4
8463,21.25
8429,5.9
5348,17.65
00739,26.31
5211,20.9
1338,14.85
3432,14.75
6680,51.6
00714,20.26
2734,14.45
2642,20.15
7732,33.55
4413,20.0
7842,99.7
1294,49.8
1516,13.75
8482,47.8
6971,23.85
4523,23.8
5546,13.5
1413,9.34
6482,23.1
00702,23.04
7708,91.9
3057,15.25
00660,45.72
4120,45.6
8466,15.2
00755B,30.08
7839,44.25
3191,17.6
8059,17.5
1101B,43.4
1203,43.05
2235,28.45
6123,42.65
2450,28.1
3285,41.95
6195,27.8
8342,83.0
4188,13.75
5543,26.8
6577,79.5
6856,39.6
5356,25.9
1521,25.85
1539,15.5
1626,9.62
4806,10.9
5906,38.0
4432,15.15
00666R,9.42
7782,25.1
911868,1.15
6934,73.6
6767,24.3
6210,18.15
9949,24.0
8423,17.95
6158,17.85
3276,14.05
3521,11.6
3206,34.4
1312A,22.85
9931,34.2
5902,34.0
8472,68.0
2514,11.3
5704,22.55
2754,67.5
8928,22.4
3095,33.05
8489,21.85
1259,65.5
6590,64.3
3332,64.0
2740,31.5
4502,15.7
00845B,31.27
3118,31.15
6556,61.8
9950,10.3
00656R,6.17
5455,30.8
3313,10.25
3252,15.3
00786B,30.39
8940,15.15
2881B,60.5
2891C,60.3
00787B,29.96
00651R,5.42
3226,58.0
4767,28.35
6154,14.05
1233,28.05
3266,14.0
8935,18.65
9937,55.3
1742,17.75
2712,13.2
8917,52.6
3516,26.0
5701,4.0
9912,12.95
2066,51.7
2024,12.75
910861,4.62
3164,16.6
00760B,49.72
6578,16.2
1470,24.15
2726,8.02
2836A,23.85
4550,23.85
4198,47.0
8112A,45.6
2887F,45.5
3489,22.75
8349A,45.2
6666,45.15
8455,22.55
4528,14.7
1512,6.15
1323,21.5
6958A,21.3
3494,7.09
8367,41.0
3664,8.19
9962,10.15
2916,40.45
3713,13.45
5548,20.0
2718,39.4
6843,38.1
4584,38.0
00860B,37.73
1418,18.8
6887,37.35
6264,6.09
2948,36.4
4745,12.05
8107,12.05
8409,18.05
4433,17.85
6661,17.2
7803,17.2
8905,34.3
6418,34.25
2941,33.8
6615,33.5
7819,33.1
1906,10.6
4148,31.7
6730,31.7
3052,10.45
4950,15.5
006207,30.66
7584,30.35
2926,30.05
7814,29.0
00654R,7.15
8450,14.15
4401,13.9
3272,13.85
4402,13.6
6124,27.0
8929,12.8
00781B,25.48
2506,8.42
2904,12.5
2064,11.85
5223,22.4
3073,20.45
1541,20.4
1781,9.87
1441,9.8
2719,19.5
2924,18.25
6674,18.25
5276,18.05
6228,17.7
6641,16.8
5364,8.3
8354,16.55
00982T,15.7
8066,14.75
3523,14.1
4943,6.69
4154,12.3
1453,11.1
911622,3.63
3593,10.65
1538,8.63
3115,8.48
911608,2.67
1213,7.2
4609,4.52
00634R,3.26
0054,28.25
0058,43.71
0059,42.85
006204,247.65
00625K,8.33
00636K,8.32
00643K,3.74
00649,19.12
00657K,26.33
00658L,37.0
00659R,11.21
00667,20.79
00668K,18.76
00672L,0.75
00677U,1.48
00682U,21.04
00684R,14.72
00689R,24.31
00691R,10.46
00704L,18.84
00705R,19.03
00707R,31.9
00711B,14.52
00716R,13.96
00718B,19.05
00721B,48.06
00729R,20.56
00732,40.74
00734B,14.71
00742,22.2
00743,24.2
00744B,42.35
00745B,42.04
00747B,51.85
00748B,42.52
00749B,29.12
00750B,30.29
00758B,47.81
00759B,50.2
00765B,38.72
00766L,11.92
00767,17.4
00769B,60.3
00774B,40.85
00774C,9.12
00775B,29.36
00776,20.78
00778B,31.35
00780B,35.12
00783,26.76
00784B,39.32
00785B,32.49
00790B,53.2
00791B,56.1
00793B,29.55
00794B,39.82
00796B,41.84
00797B,41.36
00798B,42.65
008201,101.2
00831B,41.42
00832B,42.92
00833B,43.87
00834B,31.72
00835B,45.16
00836B,26.16
00837B,37.64
00838B,40.38
00839B,41.85
00840B,27.26
00841B,26.03
00843B,40.37
00846B,33.84
00847B,23.3
00853B,25.27
00854B,41.86
00855B,38.6
00856B,37.09
00862B,28.83
00866,21.84
00868B,36.17
00869B,36.69
00872B,37.13
00873B,37.28
00874B,38.04
00883B,30.98
00886,49.7
00906,11.95
00925,16.1
009807,18.28
00982B,9.01
00986B,9.11
020000,35.36
020001,28.63
020002,11.12
020003,15.89
020004,33.28
020005,19.35
020006,32.05
020007,41.23
020008,13.31
020009,26.67
020010,13.56
020011,16.4
020012,23.13
020013,14.84
020014,6.3
020015,18.69
020016,28.32
020018,24.94
020019,21.59
02001B,8.75
020021,4.42
020022,7.62
020023,7.2
020024,5.94
020026,6.37
020027,10.65
02002L,7.38
02003L,4.34
1235,31.7
1236,25.75
1258,26.85
1262,34.9
1333,1.44
1341,59.1
1423,35.45
1435,22.35
1438,21.95
1439,29.15
1443,23.55
1451,17.0
1507,64.8
1522A,51.3
1566,19.65
1570,32.7
1589,5.54
1592,2.57
1593,31.65
1599,22.95
1614,31.25
1701,21.15
1724,15.6
1787,26.15
1813,11.2
1902,20.65
1903,47.4
2008,31.45
2012,14.15
2035,26.7
2067,4.8
2073,25.6
2321,25.5
2323,11.0
2358,4.56
2443,3.57
2448,41.4
2456,94.6
2496,54.9
2499,4.12
2752,178.0
2809,56.6
2823,30.55
2841,2.68
2867,9.7
2882B,58.8
2888,11.8
2888A,36.5
2888B,36.8
2891B,61.7
2897B,11.85
2910,24.0
2928,31.85
2936,40.35
2937,44.9
2945,40.0
2947,62.6
2949,62.5
3036A,52.0
3064,13.95
3067,16.9
3085,12.1
3089,81.0
3144,38.2
3168,42.4
3171,57.7
3202,3.96
3383,1.7
3426,47.8
3452,1.47
3454,99.4
3492,19.4
3536,2.92
3557,23.65
3562,14.8
3629,12.45
3632,7.1
3642,3.87
3682,7.47
3698,22.25
4130,26.7
4141,26.1
4144,26.9
4152,99.6
4153,31.2
4155,14.2
4175,50.7
4180,70.9
4183,14.75
4190,25.0
4305,41.2
4419,49.0
4429,40.8
4529,3.33
4530,24.6
4535,26.5
4554,27.9
4558,16.85
4712,2.85
4725,17.9
4737,55.3
4803,3.6
4804,3.27
4911,28.1
4930,15.8
4944,11.6
4945,76.1
4947,228.5
4987,81.6
5007,56.3
5102,24.65
5259,7.86
5264,87.1
5281,15.8
5301,4.99
5304,3.32
5305,42.3
5349,25.4
5371,83.5
5383,41.5
5514,15.05
5520,84.2
5523,30.2
5601,28.9
5703,13.5
5820,11.7
5878,37.5
6020,20.55
6128,19.35
6131,5.18
6167,10.3
6169,12.0
6172,20.1
6173,284.0
6198,19.7
6201,44.0
6212,32.05
6222,20.0
6236,16.9
6238,179.5
6242,33.85
6246,12.65
6247,15.45
6251,20.3
6287,8.89
6288,20.95
6289,1.35
6294,27.75
6404,4.64
6452,56.6
6457,62.1
6497,5.66
6512,20.2
6514,50.8
6527,74.3
6592A,96.8
6592B,95.0
6594,31.3
6597,64.9
6655,133.0
6662,28.5
6703,99.9
6747,199.0
6752,96.6
6762,156.0
6806,3.51
6807,32.75
6855,111.5
6865,26.9
6881,215.0
6895,157.5
6904,123.0
6921,65.7
6950,28.5
6952,39.1
6955,94.0
6958,17.15
7716,24.45
7718,45.95
7753,35.7
7757,88.8
7805,492.5
8067,11.2
8077,41.2
8087,23.2
8097,48.45
8101,10.6
8183,28.2
8287,0.73
8406,278.5
8418,8.95
8420,40.6
8427,74.9
8443,11.15
8444,4.35
8477,14.1
8480,84.6
8488,9.6
8497,65.5
8913,13.3
8921,16.45
8923,18.0
8934,36.1
8941,43.9
910322,23.2
910482,0.25
911616,0.48
911619,0.11
912398,5.15
9157,0.86
9188,3.47
9918,43.4
9926,49.5
9941A,48.6
9960,38.05
```

