# 收盤價 MD
# T:2026-10-09 10:55

## [CLOSE]
```csv
代號,收盤價
2330,2550.0
2408,532.0
2454,4690.0
2327,635.0
2492,420.0
1303,310.0
6488,1130.0
1301,81.3
4958,592.0
3661,4345.0
5274,17485.0
2059,10615.0
8039,305.5
2449,304.5
3026,877.0
6274,1740.0
1815,135.0
2344,177.0
2368,1285.0
2303,147.5
3008,6660.0
3711,744.0
3653,7165.0
6147,226.0
3037,1270.0
3017,3440.0
1802,63.9
2383,6000.0
2409,36.6
0050,114.95
3443,8360.0
2317,249.0
2308,1965.0
3105,581.0
3324,1520.0
2345,2070.0
3231,188.5
3624,175.0
3665,2360.0
6770,72.2
3081,2960.0
6182,129.0
8046,1475.0
3189,1075.0
6257,283.0
3532,509.0
1326,77.6
6442,1785.0
00631L,40.9
2313,248.0
6515,5615.0
2382,325.5
3693,736.0
6278,248.0
6239,308.0
8021,557.0
8086,154.0
8150,128.0
6505,110.5
5483,216.5
3374,497.0
6510,3320.0
6187,1525.0
6669,2240.0
8299,2060.0
2337,116.0
3533,1915.0
3264,256.0
3481,51.0
6213,806.0
2301,297.5
2360,2330.0
6805,2370.0
2484,90.6
2340,52.9
5475,203.0
2455,558.0
3406,1060.0
00685L,13.53
00981A,32.24
6531,980.0
7769,5925.0
5536,1030.0
00406A,10.16
2481,172.5
8042,138.5
009816,16.87
3042,211.0
6223,5575.0
6449,271.0
00919,31.65
3707,85.9
6834,132.0
3450,522.0
4919,155.5
3529,2915.0
0056,58.3
1590,1205.0
2881,153.0
2882,110.0
6446,1195.0
7856,4260.0
6538,332.5
6672,555.0
6415,462.5
4979,565.0
5347,186.5
2887,41.0
00927,40.27
2883,37.55
3006,267.0
8358,535.0
6197,381.5
6456,100.0
3491,1685.0
1711,46.25
4989,73.2
8996,1710.0
2357,996.0
00985A,24.32
6127,64.1
4908,243.5
2472,243.5
8111,93.7
2891,67.3
2603,232.5
1714,19.95
3260,362.5
2426,103.0
00403A,11.29
5351,115.0
2885,68.3
5340,94.4
2404,1305.0
2376,363.0
2412,146.5
2395,727.0
00878,34.99
5289,1250.0
1476,310.0
7610,1700.0
6209,90.1
6139,778.0
1718,12.2
2241,50.5
0052,67.0
8210,874.0
3034,531.0
4991,511.0
2886,49.3
1727,107.0
5309,67.8
3236,58.9
3702,117.5
3036,215.5
6199,142.0
3016,183.5
2464,187.0
3044,582.0
6226,44.4
3211,388.0
3265,238.5
3167,1055.0
2609,59.7
3163,689.0
4931,244.5
3363,667.0
2489,41.0
8112,85.1
3715,137.5
7788,305.0
2428,282.0
4939,78.3
8261,180.5
6426,341.0
00992A,20.01
1605,39.1
00991A,18.93
1785,103.5
4903,45.95
2890,44.05
6831,476.0
2615,111.5
6271,245.5
6285,256.5
2379,749.0
1101,25.7
6683,1415.0
2478,134.5
00929,30.03
5243,105.0
6526,801.0
3293,788.0
3147,308.0
2324,35.5
2049,332.5
3219,130.0
3234,183.0
2451,284.5
1216,75.6
6944,860.0
4749,759.0
1504,71.7
00632R,9.24
3090,174.0
3045,124.0
8028,285.0
6196,674.0
00998A,16.1
5425,100.5
2375,130.5
3362,190.0
4927,54.2
3048,57.0
2884,45.0
2305,64.7
3030,313.5
1519,692.0
00918,33.97
1709,61.0
6174,64.0
4971,596.0
6691,789.0
3035,202.0
2363,57.8
4904,106.0
3680,571.0
3013,97.9
2356,57.5
6715,464.0
009828,11.18
00712,6.92
3317,71.5
6291,439.0
2486,238.5
6207,146.0
4967,269.5
6811,281.0
2027,48.25
2892,38.65
5269,1490.0
8131,68.0
00881,53.3
6658,214.5
3605,163.0
2493,216.5
2801,27.95
00922,44.64
4770,282.0
8043,146.5
2441,127.0
2316,171.0
1314,9.06
3131,2465.0
2002,18.95
6451,420.5
00662,127.3
1560,1010.0
00830,91.9
5439,260.5
2377,154.5
1409,26.05
8069,144.0
2467,552.0
2351,216.0
3441,249.5
00663L,118.1
2485,41.55
3673,74.4
1717,74.4
00400A,16.15
4760,367.0
00935,62.35
6168,40.35
00937B,13.6
4938,89.7
2618,41.4
6290,280.5
5314,27.15
00405A,9.63
6217,168.0
3149,76.6
00679B,24.35
6788,375.5
8027,202.5
6727,530.0
6533,352.5
2880,45.8
00891,38.23
2302,50.1
6155,70.9
2912,213.0
8227,335.0
3675,344.0
1102,36.35
9904,25.05
7734,2710.0
2254,92.3
7711,635.0
4722,215.5
6179,37.8
3583,736.0
2474,195.5
006208,263.4
3357,226.5
6414,399.0
7792,403.5
3416,182.0
3014,145.0
6719,192.0
2439,80.6
7795,525.0
6218,56.0
1312,15.15
2476,130.5
2354,62.0
3706,80.6
5871,105.5
2367,45.9
00637L,17.93
3376,169.5
3498,225.5
4764,199.0
2466,198.5
2834,17.45
3563,730.0
2332,20.8
1477,204.0
00988A,17.32
4551,184.0
1569,70.0
6152,21.0
2542,39.05
7717,577.0
6781,1020.0
4542,329.0
6789,481.0
5434,596.0
7751,1620.0
9945,29.8
5228,61.3
8289,60.9
2421,168.0
3717,27.75
6116,15.1
00675L,357.75
5386,282.5
6830,530.0
00961,13.19
1708,57.0
00646,78.35
3714,67.0
5234,334.0
6933,382.0
4720,25.55
00947,40.66
5880,26.45
6620,127.5
6146,191.5
00735,110.15
6907,182.5
3543,56.1
6548,77.3
00757,146.75
2353,31.3
5876,49.65
00982A,24.25
6547,62.0
4906,41.8
8033,170.5
4977,172.5
2634,63.2
7828,1840.0
5328,58.3
009829,10.71
4763,46.65
6667,283.0
00934,30.0
8271,199.5
1513,167.0
5285,94.4
8064,133.5
8213,38.35
6668,51.1
8110,49.25
00673R,10.77
7822,948.0
6706,151.5
00725B,32.6
6919,77.5
6214,192.0
00941,26.45
00407A,10.52
3455,284.0
6861,262.5
7749,364.0
2413,57.2
6190,76.5
00720B,30.58
3290,55.8
3019,137.0
6409,868.0
4966,558.0
4167,22.0
4973,149.0
00687B,25.29
8103,114.5
2855,58.6
6282,43.2
2329,44.5
2385,104.0
00904,44.27
00877,33.86
00713,63.25
4949,85.3
3023,329.0
00990A,16.59
2605,36.7
2465,85.7
2359,127.0
00980A,26.47
1710,18.1
6166,125.0
3564,66.9
6643,489.0
6121,364.0
00953B,9.45
9933,43.1
00996A,15.37
6640,1050.0
2355,45.2
6005,32.05
2103,29.2
2371,30.4
3701,63.0
8926,61.1
2347,96.4
3311,46.9
3221,55.0
3031,33.2
00411A,11.13
1434,19.45
00409A,10.36
4956,42.1
8932,92.7
00984A,16.2
6957,448.0
00888,36.69
2436,71.2
2030,35.55
4772,274.5
00708L,70.55
2637,98.4
6016,23.95
00715L,71.4
6532,108.5
4707,32.8
4916,102.0
2610,20.15
00994A,17.94
8096,90.3
6485,81.2
6491,403.0
6191,87.9
3094,69.3
4915,63.3
9105,8.63
2458,132.0
00892,43.25
2338,47.1
6175,77.9
4566,76.0
2342,49.15
2402,61.0
6739,1080.0
5904,69.5
2061,67.3
2369,32.0
009821,12.94
2312,30.65
1440,14.35
8155,326.5
2645,171.5
4768,365.5
7750,1975.0
6472,421.0
6269,63.6
7799,518.0
5009,33.65
4716,19.75
00751B,28.59
1773,175.5
8182,45.7
6138,267.0
3005,118.5
5388,73.0
4576,228.5
5469,80.2
2498,42.0
00981B,8.95
1503,197.0
3413,289.5
5292,243.0
5244,40.85
2393,67.8
7712,173.5
1402,28.4
2399,49.2
3587,243.0
4556,145.0
1325,30.55
00859B,40.8
6416,120.5
6525,138.0
5443,110.5
3227,187.0
2207,518.0
2352,28.55
00882,14.95
3689,117.5
1609,38.25
00962,15.27
00738U,47.38
1595,73.4
3141,79.1
00724B,31.4
5230,25.0
3596,156.5
2633,25.7
2101,30.0
3576,18.15
6693,196.5
6215,93.3
6949,46.85
00940,13.21
6202,58.9
2606,74.9
2221,192.0
8070,50.5
4142,19.2
1721,27.75
6945,133.0
5432,179.5
2236,81.6
8431,59.6
2727,237.5
00670L,220.3
1795,180.5
2504,31.95
00913,53.45
1319,80.8
1723,84.3
4912,109.5
6234,39.5
00923,42.37
3162,82.2
8121,34.4
3685,37.9
009803,22.23
6122,63.0
4755,127.0
8936,54.0
9921,92.8
1732,28.0
1809,45.45
2406,30.05
6584,531.0
00997A,11.96
9914,67.8
3645,73.0
8016,291.0
6603,29.55
6263,176.0
00633L,43.34
00909,46.41
2889,16.5
1310,10.05
1597,142.5
2105,30.35
00865B,49.07
00887,14.87
3305,110.5
00896,28.52
1455,10.25
00912,36.72
1313,12.8
4961,178.0
4114,30.15
8040,89.0
00404A,10.01
6670,279.0
2851,47.95
3518,49.5
3029,114.5
6937,286.5
9919,16.1
00933B,14.88
4739,87.2
5263,96.1
00764B,25.23
6141,51.3
2388,70.9
6530,96.1
009826,10.1
8464,366.5
2915,58.9
4540,57.5
3055,223.0
4934,17.1
00740B,35.6
6829,210.0
5498,54.1
6163,43.85
1304,13.15
5284,282.0
3684,62.5
3592,235.5
2520,37.35
6664,373.5
4105,80.9
1514,102.5
00401A,14.53
3551,198.0
3354,32.0
6227,138.5
5460,20.75
3718,63.1
00948B,8.71
6206,133.5
009820,10.79
00945B,14.26
6443,27.0
00642U,31.15
3591,29.1
6176,91.1
8081,262.0
7827,169.0
3535,92.5
2812,18.8
2104,11.6
6901,17.7
4157,9.33
5209,181.0
5864,39.45
2392,40.2
00984D,9.64
00950B,13.01
6469,66.4
3033,41.55
3010,132.5
1722,41.45
2108,30.2
3022,90.3
8422,25.55
4743,48.1
1615,46.05
6742,57.9
7772,135.0
1229,39.95
6435,259.5
6244,22.3
00795B,24.44
3088,132.0
4583,417.0
3504,82.6
2006,85.3
8091,230.0
4736,134.5
2468,40.65
00635U,42.51
6585,99.2
00753L,8.38
00910,56.05
00999A,11.54
3558,135.5
1608,36.55
00680L,5.57
6903,326.5
00665L,8.61
2515,11.95
3490,45.2
00939,23.92
7728,631.0
6153,17.3
00692,99.0
4174,53.7
6419,158.5
4960,23.8
00772B,30.92
2034,24.05
1736,123.0
6716,138.5
6015,18.15
3705,59.1
7744,506.0
6962,32.0
0055,49.23
00993A,14.43
2374,66.2
3135,157.5
6862,146.5
00402A,10.35
1215,106.5
3631,47.05
8383,69.0
9939,128.0
6588,107.5
6613,286.0
8162,67.6
8114,177.5
1528,23.7
3617,241.5
00943,21.27
7730,201.5
8050,60.4
4171,19.85
009805,15.37
2401,26.0
5452,30.45
6438,164.5
00733,78.9
6284,78.9
6412,73.0
6125,51.2
2646,20.1
3388,87.0
3479,133.5
8054,81.0
3228,164.5
6579,151.0
3209,46.55
9958,89.1
7740,118.5
0053,259.95
3515,218.5
4714,12.45
3380,30.3
4133,22.65
1210,51.3
2483,38.3
00643,16.91
00995A,18.62
9103,5.88
00655L,30.1
3526,275.5
6133,27.05
4577,90.6
6432,66.2
2233,164.0
1563,79.3
5225,56.1
00987D,9.38
3289,142.5
6265,49.2
5471,50.8
3556,65.7
6204,111.5
6188,62.5
00924,34.59
2328,48.05
3339,45.75
4123,31.35
2543,39.6
1305,13.0
6224,79.9
3580,102.5
3338,68.5
1617,24.1
1720,56.9
2201,28.9
00931B,12.29
8074,56.5
5534,72.2
00954,20.84
4746,48.95
1618,38.1
6568,129.0
9910,66.3
6902,136.5
6231,232.5
6245,88.0
6108,25.6
6913,129.5
6104,87.3
3287,43.45
1565,97.5
3704,39.1
6143,77.0
4303,31.65
5392,38.2
6509,50.7
009819,10.14
6205,70.6
00900,19.52
00955,15.68
9941,76.6
9917,106.5
2548,91.8
2845,12.95
4766,354.5
8255,150.5
00719B,31.12
1612,34.35
6617,119.0
4162,57.2
6561,308.5
3708,94.1
2731,145.0
3025,56.2
6117,66.3
00867B,28.41
4721,81.9
1309,14.35
009802,20.32
5011,22.45
00905,28.42
00989B,9.86
3229,55.4
4541,58.8
6708,69.2
3028,63.6
2527,51.1
2535,91.4
8454,241.0
6261,76.4
5464,94.6
6180,39.15
4526,33.0
6277,79.8
2033,52.2
8436,103.0
7780,16.55
6651,141.5
3373,18.5
2495,37.85
7556,290.0
6925,71.3
5013,53.0
00964,14.89
00985B,10.05
9938,39.55
6120,13.7
8234,63.4
6753,131.0
3049,12.0
00864B,46.31
6877,134.0
6679,196.5
3483,79.0
3615,42.9
009824,10.86
3217,127.0
00410A,12.93
3597,40.4
4976,37.3
2206,63.6
6024,58.7
3577,106.0
3545,49.0
00731,98.25
7805,505.0
4127,40.55
8390,90.9
00696B,26.52
00850,98.1
3402,139.5
00773B,33.19
6712,161.5
3694,51.0
00894,51.95
2850,164.5
6894,362.0
3059,38.1
4178,19.6
3066,27.15
2607,56.5
6840,94.5
6743,35.5
1904,25.0
6148,37.15
4923,61.4
009827,10.75
2491,38.85
2753,185.0
2903,22.15
2020,24.15
00853B,25.29
5291,62.2
3114,38.35
3588,53.2
3581,110.5
3550,23.9
1524,26.95
2540,49.5
3691,103.5
3537,56.9
8038,36.2
00893,47.4
6695,50.9
2897,10.7
7714,170.0
7810,245.0
6425,72.1
2211,79.7
009813,11.76
6504,41.7
00688L,5.56
00951,19.54
3138,99.6
7777,37.1
1316,10.4
6150,64.0
4147,61.2
6136,26.6
1760,55.7
2243,59.3
6983,374.5
6799,91.4
4585,292.0
3663,61.6
2009,39.6
1308,14.55
4128,15.55
00636,26.1
4968,96.7
00965,25.0
6725,213.5
3467,70.5
6890,152.0
009804,24.55
2480,165.0
4706,45.0
2397,65.1
00930,23.91
00650L,15.28
6517,66.0
1810,23.4
00676R,5.11
5522,60.8
6870,319.0
00695B,33.66
2444,15.5
6499,80.6
00722B,32.8
6541,33.95
2630,45.2
4711,17.2
00987A,18.0
4953,117.0
6279,116.0
8438,80.9
5222,102.0
8240,54.5
6589,51.3
3062,22.2
009815,12.33
5426,29.25
8105,15.0
3528,86.0
009823,10.64
6782,230.0
2707,176.0
2208,18.55
6869,70.6
6235,36.1
3447,30.25
4564,15.9
6417,103.5
6292,66.9
6405,39.8
8088,43.8
2204,51.6
6177,45.95
00915,32.71
2597,164.0
4534,30.75
8109,136.0
1582,71.1
7855,41.6
00885,17.81
3176,38.7
6156,23.8
00863B,29.23
2365,27.5
4924,17.15
6462,100.5
3312,50.9
2425,35.75
6885,29.6
7723,22.3
1808,32.55
00849B,37.32
00848B,32.15
00990B,9.84
6953,255.0
00690,84.15
2362,46.75
00916,27.16
5381,21.6
1907,28.45
3466,28.6
6225,71.6
2247,226.0
3021,27.1
4807,34.25
8462,156.0
6642,77.6
6690,178.0
1536,46.4
8147,139.0
8011,16.55
3015,51.7
3630,27.75
6126,31.9
1712,39.95
8068,18.75
2614,15.35
7825,75.4
00988B,19.03
3346,22.0
5299,98.1
6023,84.1
2014,16.95
00928,35.11
4416,12.25
5608,16.5
3709,66.2
00952,18.57
2838,20.4
6259,33.1
6534,94.5
6751,51.4
2887I,9.52
00917,22.06
2419,27.0
1231,77.9
3060,28.75
00770,67.1
00980D,19.36
5457,23.3
4441,171.5
5203,60.2
5515,52.7
6873,66.1
6994,30.2
1623,194.0
6761,166.5
7768,300.0
4935,34.3
2348,71.3
6592,56.7
2457,21.75
3078,46.55
00946,15.34
8442,48.6
2820,16.85
8215,28.0
3040,32.05
8374,74.1
3152,243.0
3485,221.5
6411,77.5
3323,29.8
6112,45.05
6741,54.2
4543,32.55
5288,188.5
00694B,41.83
3218,133.0
2723,79.8
9927,62.0
2069,24.65
00639,14.84
6021,43.25
009801,11.99
1584,17.8
3032,77.0
5321,70.8
00706L,19.03
6598,27.6
2025,13.6
6605,136.5
6803,265.0
2023,13.95
00668,59.7
3356,66.7
3169,106.5
4771,203.0
00768B,45.25
00652,30.56
2072,131.0
3527,51.6
2836,12.05
1762,35.35
1905,12.8
8163,29.85
3004,120.5
3622,46.2
2501,20.65
00408A,11.0
5511,70.0
4169,147.5
4532,24.4
2010,22.7
2617,32.05
6922,203.0
5607,52.8
2417,37.5
5609,79.1
5530,48.15
00862B,28.98
5398,15.3
009817,8.4
00981T,11.66
7765,236.0
3213,123.5
5465,32.75
2612,62.5
2107,28.5
6550,16.7
4951,88.3
3322,10.55
2415,28.6
2539,33.45
4571,151.5
00661,90.15
5521,11.05
5236,125.0
2442,14.0
3303,50.7
3230,39.9
00701,41.19
2546,107.5
6113,23.7
009814,11.6
1604,23.65
00921,24.14
9911,81.3
1752,33.25
2887E,48.25
00884B,27.17
8476,21.4
00983B,14.19
00763U,35.16
3003,58.0
4510,41.65
6792,61.3
2641,17.2
3024,13.95
00762,122.75
6757,53.3
2601,6.12
2331,18.8
006201,47.82
006205,39.1
1707,85.4
00963,12.42
2420,56.6
00693U,23.59
9955,24.1
9802,65.9
1227,27.8
3041,23.85
00857B,21.02
00985D,9.41
4561,43.1
1416,12.0
00984B,14.98
00664R,1.49
6841,56.7
6208,78.3
00911,58.35
1449,13.2
1702,33.35
00875,59.05
6909,43.5
3548,73.8
2349,10.35
00653L,40.0
3716,34.15
4974,68.9
4536,159.0
6756,97.6
8083,161.0
7747,111.0
00728,70.45
8473,39.8
2461,17.0
2031,45.95
8045,57.1
00991B,14.23
4563,53.2
1735,23.2
1909,10.2
00959B,8.63
7689,156.0
2608,28.6
1315,72.8
1342,101.0
5474,159.5
1307,31.3
6498,73.5
00895,53.4
8478,140.0
00938,26.9
6768,63.8
9907,14.8
3297,32.55
1218,14.65
6221,29.65
6947,68.0
00678,42.09
6596,96.8
2106,16.8
1515,28.1
6854,92.9
00752,21.97
00726B,31.03
00983D,9.55
2231,91.3
3268,24.4
7786,116.0
00686R,0.91
2816,40.8
3430,111.0
4430,19.55
1522,26.4
6170,49.6
7703,202.0
3437,21.15
3555,158.0
2434,59.0
2258,30.55
0061,23.08
3046,52.3
1537,114.0
2429,30.0
2547,9.74
5206,23.0
4137,77.2
3294,31.5
5508,53.8
7738,161.0
6477,33.7
00902,13.07
2906,14.1
6233,25.15
7722,264.0
1789,19.1
009800,13.8
3546,73.5
00779B,25.43
2032,18.55
00907,17.72
6165,47.9
2536,18.7
6237,34.65
4129,83.7
2364,64.4
5306,87.6
4909,37.0
00983A,13.07
2405,15.05
4533,25.45
1459,18.4
1580,97.0
2530,20.05
00956,13.29
6720,117.0
2887H,42.75
2497,44.15
3594,46.25
00898,11.43
3056,13.75
009811,13.81
3051,22.25
9930,58.4
3712,20.2
00876,94.7
4164,28.0
00926,27.15
2511,8.25
7709,81.6
8341,73.8
00981D,10.12
2237,25.1
5202,14.05
4590,88.9
00799B,27.26
3628,71.5
5258,41.9
3713,14.85
1781,10.9
6026,15.8
2636,70.1
6192,111.5
00697B,33.94
5493,91.3
6189,49.3
6785,88.1
1734,32.4
1264,249.5
6028,113.5
00986D,13.84
4952,48.65
006207,30.56
00736,31.84
00970B,8.63
8076,21.4
1444,7.0
6689,62.6
3552,43.2
6965,65.8
6275,46.85
00754B,30.01
6243,38.45
3611,184.5
6101,38.2
4306,14.55
00746B,33.1
6657,34.85
00657,82.2
6967,71.9
2453,53.1
8404,14.0
4119,54.4
00949,22.28
3093,46.15
1232,154.5
5287,137.0
3530,57.6
00640L,109.95
6655,125.5
00942B,13.08
6465,41.7
8104,30.95
1788,127.5
2905,17.65
2613,22.0
9925,39.4
00897,13.57
8201,16.85
7704,62.6
4139,45.0
8044,24.2
7402,99.2
00901,49.47
6142,9.03
2756,61.1
8942,40.2
2913,10.95
00936,21.59
00861,91.45
3284,21.25
1104,26.85
2908,22.0
6790,37.25
00791B,56.45
1558,107.5
4560,30.1
3666,26.6
00792B,28.9
6732,152.0
6951,68.0
6134,28.0
2882A,60.2
6574,123.0
6216,20.65
1568,31.25
9935,18.15
1786,41.7
1529,15.65
8085,15.1
3372,16.4
4104,72.0
00982D,9.3
4121,13.25
6996,166.0
5251,29.8
00741B,36.75
3027,19.1
00761B,31.65
2427,22.9
6875,27.0
8084,14.4
3484,49.2
6494,51.3
00759B,50.35
5478,97.1
00971,18.16
00760B,49.86
6164,13.0
5487,28.95
7812,64.9
6461,29.2
3207,39.25
4108,11.55
5706,44.2
2528,18.6
3058,8.32
00758B,48.0
6546,61.5
00846B,34.0
1451,17.15
7631,139.0
2852,27.75
8047,44.5
6535,81.3
2611,15.2
6185,12.3
5205,33.3
1725,34.8
6637,56.0
00782B,28.13
2423,70.8
4506,118.0
3047,14.35
2762,77.4
00890B,29.74
2545,34.15
00852L,32.43
5315,19.25
2460,30.4
3703,19.5
4555,41.85
3508,24.7
00968B,8.58
6918,75.5
00789B,44.03
00987B,15.21
1591,41.4
00727B,39.06
6266,26.5
8048,51.4
5283,51.8
00851,74.9
00960,22.57
00737,41.6
3438,60.6
00723B,28.11
00710B,18.53
6604,25.3
6186,28.9
4207,19.45
00858,36.9
6654,218.0
1776,19.35
6924,133.5
6423,87.7
3071,22.75
1783,38.1
00674R,29.69
2414,53.9
2348A,37.8
1103,13.15
9942,113.0
00683L,22.68
9946,16.55
5410,33.5
8432,53.2
3623,29.9
7736,70.7
6863,95.6
6203,59.9
8071,21.75
9940,20.0
6923,73.4
3520,18.2
2387,36.15
00908,14.27
6140,20.15
9906,39.15
1201,11.55
5227,28.8
9908,28.95
1799,28.6
2015,65.0
00845B,31.43
00860B,37.84
2230,22.3
4545,38.35
5210,29.9
8411,11.75
8403,19.05
6763,41.55
1466,14.25
1533,30.1
009809,18.85
2745,86.0
9902,13.3
2450,28.1
00780B,35.35
5278,23.1
1598,20.1
5213,20.05
2102,16.4
4503,24.3
00756B,28.73
2228,74.0
1713,44.95
7721,61.1
3050,11.6
1531,11.75
7642,65.9
00638R,7.01
1447,6.6
1442,26.65
4735,38.05
4726,23.8
3178,67.5
6220,25.5
4106,24.4
2062,18.0
1527,32.45
00969B,7.23
6570,47.2
7743,26.0
6582,31.8
00781B,25.49
6558,25.1
2881C,51.6
6486,78.0
1436,36.0
3609,25.1
2488,49.8
5484,38.65
1731,21.05
3310,68.3
00777B,29.73
1217,9.95
7547,60.0
00755B,30.18
8222,35.1
4905,89.0
1321,32.65
00834B,31.88
5488,11.9
6103,37.8
1234,32.3
2471,51.0
00778B,31.52
1611,11.35
1784,59.3
2432,28.8
4113,14.95
2883B,8.63
1295,50.1
00944,22.27
2239,17.8
6794,71.6
00750B,30.39
8415,35.2
7821,35.1
6576,78.2
4513,16.15
5529,25.75
8099,58.7
00749B,29.34
2882B,59.1
3257,49.25
00972,21.37
8092,12.75
8072,26.9
00840B,27.38
3360,15.4
6645,13.5
3130,207.5
1336,17.8
6230,115.5
6111,35.5
2537,10.95
8249,39.3
2505,17.0
2070,61.9
8097,48.2
1616,18.7
4552,15.35
6194,32.25
3540,23.8
1586,17.8
6272,25.8
8927,18.25
8349,41.25
5531,6.97
6821,44.9
6492,33.9
3285,44.1
8410,26.45
3501,37.95
1517,10.4
1456,14.95
6735,62.6
2390,10.15
9929,11.3
6151,35.15
5519,24.7
6838,25.1
1603,30.6
00932,17.61
00841B,26.11
2705,15.05
1268,174.5
1472,89.7
6703,99.9
2734,14.65
4163,135.5
4557,50.3
3011,9.87
6776,53.0
00689R,24.42
3002,18.75
8446,86.4
3054,58.1
9951,47.1
8938,51.9
5016,26.75
2017,9.0
7823,79.9
00844B,29.06
6569,91.4
8908,39.8
2477,22.4
1532,21.75
6281,51.0
3188,22.85
00702,23.2
00714,20.07
1339,42.25
6270,29.7
2459,65.0
8171,21.15
5538,36.2
00775B,29.45
4933,53.0
00967B,8.42
3444,78.3
5302,9.82
2065,35.8
4580,82.2
2755,98.0
2881B,60.7
6914,118.0
00986A,15.16
1737,30.0
00711B,14.58
2433,39.4
5403,91.8
6115,43.95
6129,14.25
4107,109.5
2534,16.65
1256,167.5
6606,24.45
6560,32.8
9934,9.83
00687C,8.55
6971,24.4
2516,15.15
4930,15.7
6118,16.1
2029,21.8
8937,25.2
3390,22.2
00669R,5.43
3321,17.35
3434,30.9
5490,25.4
2380,15.85
009808,32.65
6130,23.0
00966B,12.83
4562,30.0
5220,22.1
0051,152.95
00647L,142.0
6791,99.3
4166,24.2
1471,9.31
4728,396.0
00717,14.53
8924,49.3
6823,59.7
5468,23.95
8435,52.7
2509,13.4
3652,35.25
6609,38.65
6771,42.7
6183,91.4
2887Z1,22.0
4205,67.8
2114,90.1
2440,14.15
6969,30.2
00870B,25.97
00989A,18.14
2538,8.91
2462,20.0
2640,155.0
4126,77.5
1903,47.45
00671R,2.31
6506,19.0
6931,37.95
6431,16.8
6859,120.5
1540,18.95
6591,41.8
1730,51.3
4420,35.8
6441,22.35
9136,9.2
8279,80.9
00641R,3.65
2596,34.15
6625,73.9
00958B,8.57
4549,98.0
2832,56.8
7803,17.4
5245,19.95
4569,159.5
6418,34.3
4439,96.8
3092,24.15
3679,108.0
4195,16.3
6171,24.1
3669,32.25
2022,7.15
00920,25.45
6844,56.1
8089,19.4
3541,24.5
00785B,32.65
9943,50.2
6968,41.3
1109,13.15
1464,9.93
6684,48.05
00734B,14.84
6474,35.45
00957B,12.33
6988,12.55
1733,30.45
6698,31.6
6523,88.9
5450,14.8
5871A,99.9
5356,25.75
3672,11.9
9924,37.95
6872,21.8
6906,78.9
3296,28.55
6527,74.0
6986,44.3
8935,18.9
009812,13.1
7715,26.55
3570,170.5
4588,56.5
00645,58.45
3687,60.7
8421,13.15
00730,30.2
5512,7.54
00886,49.89
8931,42.55
5903,185.5
2616,13.15
4907,42.85
1414,17.95
6855,111.5
1110,14.45
1463,17.65
8049,24.45
4417,48.8
4438,56.6
2743,51.9
6807,34.0
9962,10.25
2729,154.5
5704,22.85
1614,31.15
0057,341.8
4729,19.45
3306,46.85
8024,12.35
6752,97.0
6674,18.35
2751,56.1
5310,28.6
1410,23.75
6573,15.95
6161,49.0
1806,7.92
1467,8.2
3038,20.4
6728,108.5
3511,19.95
00980B,8.75
4173,17.55
7708,91.5
9905,21.35
6184,40.0
8499,253.5
8916,40.85
00903,22.21
3018,11.0
3057,15.6
4111,29.0
4999,17.75
2013,41.35
7718,45.9
00700,16.64
6612,71.9
4109,10.95
1777,75.7
4741,40.3
3349,18.5
1445,10.45
2038,12.5
6614,35.25
1220,10.95
6722,33.15
1526,14.9
3086,27.0
6884,32.1
4401,13.95
00899,21.88
2939,23.6
2887F,45.35
1460,6.13
3379,27.3
6597,69.0
1468,13.15
006206,36.57
6982,44.8
00982T,15.47
8928,22.25
2250,54.8
1439,28.05
009810,21.65
5481,20.45
1457,14.3
1726,76.2
8093,26.3
6754,41.5
6721,48.5
1324,9.88
2642,20.4
8176,9.65
7835,19.6
2066,52.2
4946,99.5
6804,17.85
6895,155.5
1780,24.65
6928,45.0
6516,56.7
3710,8.26
1587,23.85
00651R,5.47
5312,89.3
1203,42.75
6697,40.8
3052,10.45
7794,29.3
2739,36.05
2109,14.3
8424,69.5
3489,22.65
6577,80.0
1473,18.95
7705,29.7
6241,16.8
4168,22.8
2938,18.55
1108,11.1
5905,7.39
1516,14.0
4737,55.0
2838A,52.1
3073,22.45
5902,34.0
5201,28.15
4414,8.07
1219,11.25
5546,13.5
009822,9.32
6796,56.6
6908,26.0
2901,25.1
1817,39.7
4527,45.0
4440,17.45
6470,42.75
5355,7.77
2024,12.85
2012,14.05
9941A,48.8
5547,20.15
2431,10.05
2891B,61.6
7819,32.95
2115,24.9
5014,10.1
3164,16.95
00684R,14.74
1506,9.6
3557,24.0
4523,24.0
6843,38.0
5603,14.0
1465,11.65
1437,31.25
5514,15.1
2482,16.15
2947,60.2
9110,3.45
8354,16.95
6590,64.0
7770,40.7
1906,10.75
6229,24.1
3288,22.15
3043,20.55
6934,73.6
2424,9.79
3313,10.35
2524,33.65
6248,17.15
3419,11.95
8930,28.0
9944,17.35
00648R,3.88
6881,216.0
4138,53.8
1474,10.05
6921,65.7
8905,33.95
2063,23.55
6508,26.4
4995,46.8
2706,12.2
2314,10.9
3686,15.5
4153,30.9
5489,41.5
8941,43.25
2732,63.2
5438,17.1
8367,40.9
2748,38.9
4994,80.5
7757,88.9
2881A,61.4
8032,36.1
4102,18.8
8489,21.9
8034,19.45
1259,64.2
3122,23.95
6123,42.5
4942,31.65
3325,11.25
6581,107.5
6201,44.15
00980T,12.3
6283,18.75
2887G,44.1
8401,22.7
8284,68.0
3607,13.85
3205,46.6
1294,49.65
5701,4.0
2028,16.75
4413,19.85
2438,19.3
6578,16.65
6219,12.0
4160,38.9
1805,9.99
8477,13.5
8112A,45.55
6158,17.9
8080,28.3
3516,26.0
009806,13.98
8102,60.5
6552,24.5
2430,17.4
1235,31.45
3522,12.0
6666,44.0
4188,13.95
1530,26.2
1452,10.7
8059,17.6
3206,34.2
3128,20.2
9931,34.0
4754,37.85
1599,22.55
2704,44.95
2373,52.4
3567,26.2
006203,208.65
8440,20.1
1432,15.0
910322,24.35
6629,101.0
2849,15.35
1535,45.8
4192,18.0
4582,22.0
1419,65.9
2702,12.1
1240,53.8
5533,14.05
5324,12.5
00842B,27.97
3521,11.45
6936,32.4
6593,32.3
2227,44.4
9960,38.45
00654R,7.27
6874,70.3
3308,22.25
1570,32.65
5348,17.3
6671,23.05
1225,24.0
5353,28.9
00786B,30.45
6733,24.9
1475,26.0
2007,6.91
6835,32.05
1521,25.8
1453,10.8
2752,180.0
6128,19.15
6615,33.35
6846,58.3
1337,4.4
00739,26.17
1417,8.16
1101B,43.45
8443,11.15
6649,36.6
3252,15.35
3083,22.95
3118,31.3
3150,15.6
7760,33.0
5211,20.6
1446,13.35
006204,246.55
5223,22.4
6160,13.95
6592A,96.8
7842,96.5
5344,14.1
1443,22.55
2754,67.3
3276,14.2
1539,15.6
6228,18.0
2506,8.4
6109,10.5
00709,38.39
8933,4.45
009825,9.71
2923,24.0
8467,90.7
2701,10.3
6496,23.85
3224,32.3
6246,12.55
6856,41.05
4305,40.95
4304,16.65
4148,31.95
00703,18.55
8437,10.55
5212,48.9
7839,44.0
7811,73.0
6692,22.8
4702,9.36
7782,25.1
8342,84.9
5548,20.1
3492,19.15
4972,16.2
3499,13.15
5015,22.9
1813,11.1
4175,51.0
2836A,23.95
2916,40.6
8277,15.45
6997,66.7
5907,4.68
5525,21.95
4911,28.0
9928,17.8
2904,12.6
6952,38.95
4161,21.4
5516,12.7
1525,63.2
6592B,94.5
2643,62.9
7791,53.9
5215,37.7
2929,5.76
4747,23.35
1435,20.5
2736,11.15
5272,17.5
8272,60.6
7753,35.7
1338,15.1
6542,38.15
8087,22.85
8416,171.0
6114,22.6
6916,18.8
2726,7.98
5007,55.7
4402,13.35
1454,12.2
020025,41.01
6154,14.25
8429,5.9
1323,21.55
3512,19.0
4120,46.0
4442,53.4
8917,52.9
1418,18.65
8433,52.5
4568,39.0
4528,14.8
2911,5.95
8426,20.6
1340,5.14
6294,28.0
2008,30.55
5523,30.35
6210,17.85
009818,21.64
6899,50.2
1796,29.5
9926,49.05
6767,24.5
3226,57.3
2514,11.35
4538,17.6
8487,70.1
5345,21.55
4116,39.9
6955,93.0
4572,138.5
3494,7.09
6124,27.45
8107,11.9
4432,15.2
6961,45.6
00660,45.39
8466,15.05
00787B,30.05
6624,38.35
8929,12.75
6958,16.65
6240,26.4
5601,29.3
8066,14.5
3531,21.65
00657K,25.88
4744,28.55
8463,21.2
1742,17.6
7818,61.0
4550,24.1
2712,13.3
912000,2.43
2722,21.5
3465,29.35
4433,17.9
00681R,23.24
3432,14.5
8423,17.8
6464,76.3
6169,12.0
8450,14.1
1233,28.0
4554,27.85
5604,31.6
6512,20.1
6887,36.85
7713,73.5
8291,27.3
2941,31.15
5543,26.6
3168,42.1
4950,15.9
4806,11.25
1441,9.6
7732,33.55
7814,28.5
00634R,3.29
00668K,18.78
2002A,37.3
6556,61.9
00783,26.36
3115,8.0
4426,7.6
2891C,60.5
7767,45.35
2926,30.2
1236,25.7
00771,14.75
1512,6.27
3171,58.0
1438,21.6
8906,28.6
3158,85.0
3629,15.3
6195,28.05
3095,32.65
6482,23.2
8481,40.6
6865,26.45
1593,31.55
5301,5.8
2719,19.35
4530,25.75
3266,14.0
4558,17.05
4584,38.0
4419,48.5
1541,20.5
4767,28.4
2910,23.6
4198,47.15
3232,19.95
00986B,9.09
8444,3.49
8349A,45.3
4406,10.15
3523,14.45
9918,42.9
6910,25.5
5364,8.35
3272,13.9
4131,31.2
8077,41.3
7716,24.55
6641,17.25
1413,9.21
2064,11.9
2945,39.4
910861,4.51
3067,16.3
7584,28.2
5878,37.5
00856B,37.29
2948,36.8
9937,55.2
2496,54.8
8409,17.9
3191,17.45
1423,34.75
6020,20.5
8482,50.1
00636K,8.21
3259,11.95
6144,13.3
911622,3.7
6264,6.06
8940,15.15
9912,12.95
2937,45.0
2035,27.65
2897B,11.85
4943,6.64
4535,26.5
00656R,6.17
4190,24.5
4745,12.2
1470,24.2
6616,8.73
020000,34.68
1312A,22.95
8472,67.9
6730,33.0
2949,64.8
6958A,21.4
5455,30.8
2248,60.3
1341,59.1
2235,28.5
6276,19.0
911868,1.16
009807,18.34
911608,2.66
2321,25.6
3646,25.1
1583,47.3
00666R,9.45
4502,15.7
6929,22.0
3664,8.2
9950,10.25
2724,13.2
4154,12.45
8921,16.85
2740,31.35
1213,7.5
3064,14.95
1626,9.74
020001,28.93
00788B,27.95
00836B,26.23
3593,11.6
6222,19.45
8923,18.45
2924,18.15
00982B,9.01
4529,3.31
8067,11.5
8101,10.3
1538,9.1
4609,4.61
0054,28.25
0058,43.71
0059,42.85
00625K,8.33
00643K,3.74
00649,19.12
00658L,37.0
00659R,11.21
00667,20.79
00672L,0.75
00677U,1.48
00682U,21.04
00691R,10.46
00704L,18.84
00705R,19.03
00707R,31.9
00716R,13.96
00718B,19.05
00721B,48.06
00729R,20.56
00732,40.74
00742,22.2
00743,24.2
00744B,42.35
00745B,42.04
00747B,51.85
00748B,42.52
00765B,38.72
00766L,11.92
00767,17.4
00769B,60.3
00774B,40.85
00774C,9.12
00776,20.78
00784B,39.32
00790B,53.2
00793B,29.55
00794B,39.82
00796B,41.84
00797B,41.36
00798B,42.65
008201,101.2
00831B,41.42
00832B,42.92
00833B,43.87
00835B,45.16
00837B,37.64
00838B,40.38
00839B,41.85
00843B,40.37
00847B,23.3
00854B,41.86
00855B,38.6
00866,21.84
00868B,36.17
00869B,36.69
00872B,37.13
00873B,37.28
00874B,38.04
00883B,30.98
00906,11.95
00925,16.1
020002,11.12
020003,15.89
020004,33.28
020005,19.35
020006,32.05
020007,41.23
020008,13.31
020009,26.67
020010,13.56
020011,16.4
020012,23.13
020013,14.84
020014,6.3
020015,18.69
020016,28.32
020018,24.94
020019,21.59
02001B,8.75
020020,30.65
020021,4.42
020022,7.62
020023,7.2
020024,5.94
020026,6.37
020027,10.65
02002L,7.38
02003L,4.34
1258,26.85
1262,34.9
1333,1.44
1507,64.8
1522A,51.3
1566,19.65
1589,5.54
1592,2.57
1701,21.15
1724,15.6
1787,26.15
1902,20.65
2067,4.8
2073,25.6
2323,11.0
2358,4.56
2443,3.57
2448,41.4
2456,94.6
2499,4.12
2718,39.7
2809,56.6
2823,30.55
2841,2.68
2867,9.7
2888,11.8
2888A,36.5
2888B,36.8
2928,31.85
2936,40.35
3036A,52.0
3085,12.1
3089,81.0
3144,38.2
3202,3.96
3332,64.6
3383,1.7
3426,47.8
3452,1.47
3454,99.4
3536,2.92
3562,14.8
3625,10.1
3632,7.1
3642,3.87
3682,7.47
3698,22.25
4130,26.7
4141,26.1
4144,26.9
4152,99.6
4155,14.2
4180,70.9
4183,14.75
4429,40.8
4581,48.1
4712,2.85
4725,17.9
4803,3.6
4804,3.27
4944,11.6
4945,76.1
4947,228.5
4987,81.6
5102,24.65
5259,7.86
5264,87.1
5276,18.0
5281,15.8
5304,3.32
5305,42.3
5349,25.4
5371,83.5
5383,41.5
5520,84.5
5703,13.8
5820,11.7
5906,38.0
6131,5.18
6167,10.3
6172,20.1
6173,284.0
6198,19.7
6212,35.2
6236,16.9
6238,179.5
6242,33.85
6247,15.45
6251,20.3
6287,8.89
6288,20.95
6289,1.35
6404,4.64
6452,56.6
6457,62.1
6497,5.66
6514,50.8
6594,31.3
6661,17.2
6662,28.5
6680,50.1
6747,199.0
6762,156.0
6806,3.51
6904,123.0
6950,29.45
7820,110.5
8183,28.2
8287,0.73
8406,278.5
8418,8.95
8420,40.6
8427,74.9
8455,23.2
8480,84.6
8488,9.82
8497,65.5
8913,13.3
8934,36.1
910482,0.25
911616,0.48
911619,0.11
912398,5.15
9157,0.86
9188,3.47
9949,24.1
```

