# 收盤價 MD
# T:2026-08-28 14:54

## [CLOSE]
```csv
代號,收盤價
2327,597.0
1303,220.5
2303,130.0
2408,540.0
2330,2420.0
3008,7065.0
3037,1110.0
2344,181.5
2308,1830.0
8358,543.0
3105,439.0
2313,241.0
8039,343.5
8046,1240.0
3189,899.0
2454,3985.0
2492,313.5
4958,480.5
1815,125.5
2301,317.5
3481,48.6
6213,582.0
2449,270.0
3406,917.0
3017,3360.0
6669,7200.0
3450,635.0
2368,1130.0
3374,386.0
3443,6015.0
3711,621.0
3026,742.0
6488,972.0
2383,5490.0
3081,3305.0
6147,182.5
6770,70.0
3665,2260.0
6805,2345.0
6187,1365.0
6223,5030.0
0050,106.95
2317,253.0
4939,92.8
3661,4065.0
6182,110.0
6274,1490.0
6239,287.0
8021,454.0
3324,1140.0
00981A,30.09
2481,154.0
6446,1545.0
8299,2150.0
2426,96.1
2059,14300.0
8996,1265.0
3653,5785.0
5274,15630.0
2464,190.0
4991,520.0
8033,189.5
2345,2125.0
5425,96.3
3533,1735.0
00631L,36.3
3231,178.0
2634,67.8
3211,400.0
00403A,10.36
3167,783.0
3532,399.0
6173,239.0
3491,1510.0
3529,2540.0
3376,217.0
2337,126.5
3163,754.0
5475,201.0
4931,272.5
1802,60.8
3441,130.0
2382,332.5
3090,174.0
5347,153.0
2409,25.85
5483,183.5
6584,682.0
3363,701.0
7769,6490.0
1312,14.15
2886,48.2
3042,188.5
6257,219.0
2360,2010.0
1519,755.0
5289,1470.0
3260,412.0
3264,235.0
2375,133.0
3006,269.5
3605,131.0
6451,453.5
8043,148.0
2615,111.5
2609,56.2
6415,458.0
6531,895.0
2881,144.0
2892,34.4
1717,77.7
6442,1615.0
8210,990.0
4908,190.0
1301,62.7
8261,187.5
2882,105.5
8150,90.5
00685L,11.96
2489,40.2
3293,707.0
6139,775.0
2603,231.5
2351,239.5
2324,39.7
00406A,9.81
2357,965.0
6515,6250.0
6217,175.0
2472,232.5
6269,75.0
6271,215.0
2412,135.5
2478,129.5
7610,1495.0
3034,545.0
3702,100.0
6278,201.5
4979,610.0
1326,62.1
00919,31.44
3131,2485.0
3044,490.0
2467,610.0
6781,1130.0
6683,1200.0
3583,749.0
2421,163.5
6727,537.0
00991A,18.3
3624,91.8
6285,247.0
2404,1075.0
009816,15.59
2891,64.4
2887,37.5
5439,264.5
2645,174.0
7751,1790.0
2049,354.0
2451,294.0
2880,40.25
2354,63.9
2376,349.0
6290,248.0
2484,76.1
5351,116.0
6510,2680.0
7788,327.5
6672,289.5
00878,33.0
8271,232.5
00632R,9.89
00881,50.0
3504,89.5
00992A,18.68
6919,99.6
6449,237.0
4989,68.2
3693,587.0
1597,152.0
3036,196.0
5328,63.0
0056,53.85
7750,2300.0
00953B,9.63
3045,115.5
3715,125.0
6831,620.0
1504,72.6
00407A,9.87
8042,109.0
0052,62.35
1590,1415.0
6209,76.7
7734,2995.0
3357,223.0
2885,64.0
2455,434.0
2428,262.0
2618,41.8
8027,185.0
2395,669.0
3680,500.0
8069,160.5
1709,36.15
2379,722.0
6456,74.3
2356,64.9
6547,65.0
2377,145.0
1216,75.7
6830,525.0
8112,90.9
8932,94.3
2884,38.75
5314,34.2
1727,98.1
3049,13.5
6505,71.4
4967,273.5
4764,249.5
5536,871.0
1605,39.0
1503,205.5
6789,461.0
2890,39.8
7711,487.0
00935,58.2
00405A,8.78
2883,32.75
5386,258.5
2359,145.5
6207,111.0
3645,76.6
6739,1140.0
2486,261.0
1514,105.0
4904,100.5
3706,92.1
00400A,15.0
5871,113.0
6426,263.5
4977,172.0
3265,186.5
7795,564.0
4938,88.5
2606,72.2
6538,200.0
2441,118.5
8028,249.0
8103,108.5
9904,24.35
4749,790.0
2834,16.45
2610,20.35
00663L,104.7
4966,584.0
6291,400.5
6753,138.5
00830,82.85
2436,67.5
5269,1450.0
00988A,16.39
2371,28.5
00984D,10.01
7828,1800.0
4927,43.0
2027,48.4
3455,254.0
6116,14.5
6933,260.0
00929,29.13
3675,277.5
6668,44.6
1409,24.3
8155,372.0
2801,24.85
3714,62.6
3035,180.5
2474,206.5
3305,116.5
1513,168.0
6409,1030.0
6834,94.2
3094,40.8
006208,245.1
00708L,88.15
6141,58.2
00982A,22.54
2002,19.05
4906,36.4
6127,50.8
00937B,14.34
4576,216.0
6196,492.5
1101,24.3
2637,92.1
6414,390.0
3234,181.5
3576,17.5
6435,260.0
6138,297.0
2889,15.9
5340,84.8
5291,68.5
5904,74.2
1560,695.0
2316,164.0
5498,58.1
6693,178.5
6197,309.5
5443,112.0
8086,117.5
3055,127.5
2367,44.8
2465,95.0
6176,93.1
3689,116.5
6472,435.0
3362,199.5
3019,138.5
4919,122.5
6525,144.5
00888,33.76
00918,34.26
6179,30.4
3490,50.3
00679B,25.85
6691,618.0
1711,43.9
3016,99.6
2392,44.5
009829,10.41
00927,36.71
3673,67.6
5876,43.15
1785,103.5
1102,34.55
00646,76.85
00891,34.58
00712,8.73
2369,32.35
2605,35.05
3236,46.1
6913,159.0
5471,61.7
9945,28.0
2845,13.4
2363,51.8
2493,181.5
8070,51.4
2385,108.0
8111,62.4
3135,181.0
00961,13.17
6829,238.0
6227,113.0
3149,66.4
3388,96.3
00922,41.53
5243,91.3
6782,241.5
6284,81.4
2353,30.85
6108,25.7
8064,103.0
00411A,9.84
2476,125.5
4541,65.5
1402,28.1
4551,162.0
4303,39.0
2542,47.0
2221,79.7
00662,120.05
00990A,15.37
6282,45.3
7402,112.5
2491,56.4
2630,51.8
2332,20.4
8096,109.5
5880,25.25
9941,86.6
3707,63.8
7822,953.0
6155,59.2
2105,30.55
4971,568.0
3005,116.0
6588,112.0
2912,218.5
6548,73.5
1319,82.1
4772,265.0
6715,353.5
6640,1060.0
6613,275.5
9958,92.2
1515,34.7
3543,54.5
6214,181.0
1477,195.5
3498,189.5
6907,186.0
3003,72.1
00923,39.77
4956,36.95
6226,34.0
4542,286.0
00757,138.7
2302,43.85
00687B,27.19
1476,311.5
00675L,317.4
00715L,48.76
6016,21.35
6190,70.6
4540,60.2
1795,193.0
9921,103.0
6533,265.5
2485,43.0
00947,37.66
3048,55.6
2312,31.8
3030,293.5
3219,87.1
009826,10.13
8110,46.0
2399,46.9
4916,102.5
6265,57.1
2458,138.5
3209,51.9
6191,84.7
3413,287.5
6937,292.5
1708,51.0
6175,76.8
2915,57.3
00735,103.4
4973,153.0
1810,25.25
3013,89.5
3563,697.0
2466,104.5
4912,99.2
6526,620.0
1608,37.85
00980A,24.83
3548,90.9
00991B,14.81
2855,48.55
00673R,12.39
00635U,47.38
00637L,20.05
6617,122.5
00981B,9.14
4770,215.0
00999A,11.44
2347,86.5
3033,45.05
1718,10.75
6719,194.5
00410A,12.17
7714,174.5
2355,44.5
4147,64.1
4763,45.65
5864,35.95
8383,66.1
6005,31.45
8016,296.0
6944,712.0
6121,405.5
5392,48.3
1314,8.05
4768,313.0
00865B,48.51
5434,529.0
2061,51.7
00985B,10.17
3230,46.35
00751B,30.47
1609,38.1
4760,262.0
6443,26.65
5388,77.5
4976,39.15
7712,160.0
00738U,54.75
1714,16.7
6706,124.0
2812,18.85
3339,43.0
6168,28.85
00713,61.55
2374,69.0
3029,111.5
5469,74.8
00940,12.69
00892,40.06
2548,93.8
8131,62.7
2338,40.0
3596,161.5
6530,86.9
009821,15.92
00696B,28.12
3228,166.5
8926,56.8
2364,67.6
4566,65.7
8422,27.1
00724B,32.81
00665L,9.5
00764B,27.07
9933,40.6
3227,197.0
6206,138.5
4722,213.5
3617,243.5
2388,73.3
7799,379.0
00933B,15.6
8255,152.0
3023,317.0
2009,41.3
9939,132.0
2305,29.0
5234,303.5
2103,28.2
8105,16.65
009805,15.25
1316,11.15
3551,180.5
2498,40.55
7717,440.0
3022,90.3
6643,437.0
3162,72.6
8081,260.0
8436,125.5
6104,99.3
6491,377.0
4739,88.6
6620,84.5
3229,55.4
00670L,200.8
2208,19.2
2612,60.2
6788,368.5
00998A,17.77
4577,88.2
6761,188.5
2816,38.9
4716,19.15
6218,40.7
00859B,40.85
5285,83.4
5608,16.7
2340,34.25
6517,71.6
6477,37.05
9914,83.1
7744,512.0
2233,172.5
2033,25.65
7777,40.15
6438,151.0
2851,45.1
2342,40.55
3416,180.5
6664,359.5
7792,303.0
2329,44.1
1210,52.0
6166,116.5
2101,31.75
4909,40.35
2406,28.65
2393,66.2
1808,34.8
5309,54.2
9105,8.35
00864B,45.8
6224,74.5
00909,47.82
5284,321.5
6499,75.3
8099,62.2
00740B,37.37
5534,75.3
00997A,11.28
1582,76.8
3317,66.7
8074,58.1
2352,28.2
3066,27.5
3028,64.4
4915,59.6
4707,32.55
009820,9.83
6757,55.1
6204,88.4
00985A,23.29
6861,193.5
4961,161.0
00719B,30.97
3221,48.8
00995A,17.45
2483,36.6
00720B,31.93
2006,80.6
2328,46.6
5381,26.95
00877,37.53
8454,250.0
00722B,34.31
2206,63.1
00993A,13.59
8227,161.0
00900,19.03
4510,45.75
6202,59.4
3147,219.0
5607,51.5
6840,98.4
6153,17.75
1722,44.6
00773B,34.86
3354,25.3
8054,84.6
3289,140.5
8431,52.1
2501,22.5
3526,286.0
2201,28.4
2207,520.0
00950B,13.7
3537,56.2
00988B,19.49
6279,127.0
2439,78.5
8050,56.4
8464,366.5
3059,39.85
2633,26.25
2402,56.6
8222,38.9
2850,160.5
2646,20.85
6658,166.5
2495,38.4
7827,159.5
2106,16.85
3587,252.5
5321,85.0
3014,131.5
8114,195.0
00934,29.61
00987D,10.02
3515,220.0
6903,317.0
00945B,14.38
6712,161.0
6418,37.85
1736,125.5
5292,220.0
6716,128.0
2727,234.0
00731,93.95
1904,25.15
5009,33.3
6432,65.4
2515,11.95
4949,74.4
00913,47.53
6199,93.3
5299,99.3
00404A,9.69
00728,69.2
2030,22.8
4123,31.7
3152,248.0
6215,98.4
3078,52.6
00896,28.04
6679,205.0
6670,272.5
6651,150.5
2362,47.75
8936,51.1
5432,152.5
3704,42.0
009802,19.54
00984A,15.75
00753L,9.58
3592,227.0
6462,101.0
1536,50.3
4960,21.85
00887,16.3
3088,124.0
6231,220.5
00996A,14.15
3708,101.0
6205,65.8
2323,10.9
6177,47.55
00725B,34.0
00795B,25.94
1809,39.7
3550,24.3
00994A,17.28
2617,30.45
00955,15.54
6244,24.4
00970B,9.06
3717,23.25
6962,31.15
6245,83.2
6873,70.3
6416,100.5
6862,143.5
2897,10.35
00987A,16.62
6894,350.5
4755,120.0
3004,119.0
6412,79.1
00643,18.54
2434,56.4
1215,108.5
2838,20.2
1434,17.85
00882,14.98
00850,91.4
6605,139.0
1707,89.3
2401,25.9
3176,38.9
2540,48.2
9925,39.85
2536,20.8
3010,127.0
6125,51.0
00633L,48.77
3141,75.7
9917,111.0
8091,220.5
1310,8.43
00981D,10.29
2636,68.9
4771,206.0
6243,41.6
6579,147.0
8215,26.2
2520,35.3
00894,46.94
3479,129.0
1313,11.85
1229,42.15
4923,56.4
2442,19.4
5522,62.8
2204,53.4
00401A,13.77
00939,22.79
2417,44.15
00952,18.23
00989B,10.03
4714,11.4
1569,46.3
4766,345.0
4585,300.5
4736,124.5
6509,46.45
6983,353.0
6922,208.5
1907,29.9
6890,169.0
3545,49.0
6015,16.4
3703,19.4
3485,234.0
009824,10.01
009804,22.69
5263,99.5
3287,38.4
009819,9.89
7749,372.0
2539,34.35
8182,40.8
9910,68.2
7855,43.3
00692,91.7
8499,271.0
2504,31.7
3535,90.2
2641,18.0
1710,15.9
00885,18.53
6419,154.0
4569,165.5
4129,82.4
4953,124.5
3691,100.0
1218,14.55
1304,12.05
8390,99.8
4188,16.15
00931B,13.06
3444,83.0
2072,144.0
00960,20.76
00671R,2.43
6957,229.0
8040,72.3
4743,46.95
00915,31.76
00642U,27.65
2254,61.7
3581,110.5
4583,467.0
5493,88.5
00772B,32.52
4536,167.5
2236,121.5
3312,51.9
9938,42.1
00664R,1.6
6592,60.5
2031,45.4
5222,107.0
3594,49.5
2104,10.25
2014,17.05
4968,92.0
00924,33.05
1723,86.3
6532,89.2
2535,91.0
2820,16.65
00693U,23.15
3217,137.5
4105,77.8
6174,45.55
6901,16.15
3555,184.0
6146,192.5
00946,15.48
6259,31.75
00938,25.16
6695,49.2
8234,68.0
2723,77.2
00910,58.35
4903,36.75
00895,50.3
7786,120.0
8163,31.85
1909,10.85
4137,85.9
00904,40.5
00402A,9.6
3430,115.0
3402,122.5
3290,49.25
3615,38.05
2527,43.9
3380,28.15
00853B,26.81
6603,26.3
3528,83.6
6188,68.8
00650L,17.29
2903,22.1
5515,52.5
00981T,11.81
7730,177.0
8462,171.0
2457,22.9
3712,20.75
8109,130.5
3060,26.9
3709,67.3
3213,128.0
5426,28.6
00680L,6.48
2231,92.9
1712,39.8
8085,16.1
6425,65.2
2530,19.25
6469,68.4
6023,82.0
2023,13.65
1309,13.1
6732,154.0
4721,74.8
00690,78.1
5258,47.3
7810,222.0
6768,64.2
3631,44.2
5530,51.2
7728,636.0
2425,38.3
5464,73.1
1905,13.7
4746,49.35
3093,49.3
00983A,12.74
1104,26.45
9907,15.35
00408A,10.56
00917,24.08
00701,38.3
6869,68.0
6742,44.55
00963,13.06
00905,26.57
4720,18.95
00762,112.55
4108,12.4
1305,12.1
3015,54.3
6667,221.0
8083,158.5
6642,82.7
2461,18.85
009803,21.8
2211,83.1
6411,80.1
8374,82.1
2905,17.45
1773,159.5
3694,50.8
3046,56.7
2420,55.3
3679,106.5
3024,14.65
2707,179.5
2365,30.0
3577,114.0
00676R,5.48
00954,18.2
4590,89.4
4526,30.3
6485,63.8
00737,41.33
3663,62.8
2413,43.85
6143,89.3
9802,71.7
1618,40.4
1227,28.65
00964,14.81
6823,61.6
6026,15.1
1308,13.85
6589,49.85
8088,45.75
2070,67.1
2108,30.45
1231,80.6
6996,179.0
00752,23.21
6261,79.0
00951,17.06
1256,188.0
3685,36.9
5228,43.0
4951,79.1
8415,36.75
2348,72.1
5287,136.5
2010,22.7
6535,78.6
2034,20.45
00849B,37.11
6741,59.2
3218,138.5
3556,62.9
4549,103.0
009815,11.45
6277,79.3
6024,61.7
00942B,13.79
2731,145.0
5283,51.9
1307,30.7
5490,28.15
2480,157.0
3032,79.8
00636,27.65
3031,24.7
4533,26.5
8289,46.35
2543,38.3
6208,82.7
6186,32.5
2017,9.32
00863B,30.87
00965,26.18
8240,44.8
6885,22.65
3622,53.5
6945,104.0
2913,11.15
1537,119.0
5521,10.65
1612,35.2
6120,12.8
2611,14.9
4556,70.6
6163,43.3
3701,41.05
00857B,22.56
7556,257.5
1531,13.7
6947,69.8
2331,19.7
3483,75.0
6799,80.5
8121,28.55
3580,82.3
6180,42.3
6465,48.4
3540,23.2
8478,141.5
00858,35.84
3630,26.4
00980B,9.19
5225,60.5
3062,20.95
2349,11.1
009809,17.82
2753,180.0
1440,13.7
1232,156.5
2601,6.78
00884B,28.67
4564,16.9
3138,97.6
6573,18.8
9912,14.1
1623,202.0
00875,55.75
3338,64.2
00911,52.5
7768,290.5
6498,75.9
4416,14.05
4114,29.9
00907,17.11
4169,154.0
6895,149.0
3356,61.9
2597,172.0
6115,44.0
8147,124.0
2613,22.7
00928,32.99
8473,45.9
2852,28.1
3051,23.15
00761B,33.06
00948B,9.16
6405,40.25
6192,117.5
4571,160.5
3611,185.0
00678,44.45
4952,51.9
1528,19.55
7765,224.0
2497,45.65
6541,36.1
8438,72.4
2015,64.5
8279,80.5
6234,36.8
6994,35.85
00706L,18.88
2607,51.7
6914,123.5
2762,84.1
6743,27.85
00655L,33.89
6189,48.15
6263,165.5
6235,38.9
0055,45.11
4503,25.45
00941,25.46
6585,114.5
3552,44.0
6546,63.6
00893,42.89
1529,17.6
6550,11.2
009823,10.45
2547,10.0
3530,59.8
6275,45.7
6854,90.7
2546,106.5
00897,13.44
2429,33.25
9934,11.1
1342,104.0
6133,23.0
4167,20.0
5452,28.1
6725,231.0
1565,97.8
6803,271.0
8071,24.5
8341,76.7
1720,56.4
4534,30.4
6902,129.5
6292,62.9
2887I,9.51
00697B,35.24
6136,25.1
4142,17.9
00989A,17.23
4560,30.35
6906,81.2
3516,26.25
00733,68.75
1595,66.0
2614,18.25
7805,514.0
6126,29.85
2069,21.4
6225,59.5
6870,255.5
00768B,48.11
7740,134.0
3716,34.85
4532,23.95
00848B,33.37
2397,62.8
6156,21.25
4127,78.8
00968B,9.0
5236,137.5
5508,52.9
5227,30.7
00986D,14.38
00688L,6.48
5478,98.3
009817,8.99
3257,50.3
5457,27.95
8076,23.25
5474,153.5
2832,59.9
3360,15.55
1414,19.3
4506,121.5
2887Z1,20.85
8084,46.0
2405,15.5
8162,63.6
2025,13.25
00876,87.15
5519,27.95
00862B,30.75
00971,17.48
6492,34.95
009800,12.99
00985D,9.83
00847B,24.62
3669,35.7
6103,47.0
00779B,27.38
1584,18.2
4441,176.0
2243,41.35
00990B,9.94
4561,44.2
5511,71.2
3169,102.0
6152,14.05
3558,125.5
6811,225.5
00966B,13.52
4162,60.0
1721,20.4
6561,322.5
3056,14.2
4128,15.3
009811,13.18
3041,22.9
6112,45.05
1522,28.0
6165,48.3
6101,37.9
8249,41.5
2387,36.8
3484,50.3
9942,116.0
1455,9.97
4306,15.05
8938,51.4
3323,30.1
2241,35.5
2745,89.4
8104,31.5
1734,30.75
4104,71.0
2538,8.9
3130,209.0
6117,63.0
6863,109.5
4119,54.4
9940,20.5
6756,100.0
1617,17.7
1786,48.8
6170,48.7
6272,26.5
4558,18.65
2107,26.9
6821,41.95
4974,68.6
00980D,20.08
00856B,37.24
8044,24.4
2237,28.0
2228,74.6
0053,243.5
1580,106.5
3038,20.15
00930,23.89
6150,61.1
6689,62.3
00949,21.98
2838A,51.9
6924,117.5
9946,17.6
00842B,29.34
1447,6.88
00916,26.75
00640L,110.95
2250,59.7
3591,22.2
6953,240.0
00898,11.06
6576,80.1
2414,51.9
4106,24.4
5609,77.9
8937,28.4
6570,51.7
00958B,9.02
00967B,8.93
4157,8.99
6122,48.65
1225,25.45
00936,21.35
8942,42.7
2423,74.6
9911,82.9
00686R,0.99
5209,156.5
00763U,35.01
2415,29.4
2419,25.1
3178,62.5
2882A,60.4
8213,33.15
3437,18.4
6969,35.15
5905,7.79
3114,33.9
2743,59.3
6690,165.0
4163,139.0
2460,28.85
2258,31.3
1532,22.9
5484,40.2
1713,44.2
4737,57.8
6654,176.5
7689,176.5
2453,52.1
9935,19.7
6841,54.3
3438,61.5
7780,16.95
5288,187.5
6220,25.9
00656R,5.83
7722,290.0
6596,96.4
2887E,48.65
3508,20.7
1219,11.5
6164,12.35
5481,20.8
3588,53.7
6568,131.0
00901,46.27
3052,11.15
6763,41.85
7821,39.05
00694B,41.61
2537,11.45
009814,11.37
1444,7.17
4513,16.4
3050,11.8
6237,35.2
00962,15.23
6703,103.0
6909,41.45
1737,30.8
00648R,3.9
00984B,15.85
3054,56.7
1466,15.9
1419,66.9
009813,11.21
3294,31.0
00727B,39.09
4555,47.4
3501,39.5
009808,30.76
4741,42.4
6625,77.0
8045,53.2
2739,37.75
4164,26.2
1524,27.5
1558,102.0
2029,22.15
00959B,9.13
1336,16.7
2468,33.9
2883B,8.18
5410,36.25
00791B,56.65
6790,38.05
3047,13.95
8038,31.9
3303,52.2
3207,39.7
3025,53.6
7715,29.1
3372,15.35
5011,18.65
1587,24.3
2545,34.95
6591,42.75
3546,71.8
7738,170.0
6129,13.45
1780,24.5
3188,24.65
006204,230.7
5203,58.9
00759B,52.95
00760B,52.3
00723B,29.34
6733,26.9
6474,37.2
6598,28.75
1339,43.3
6735,63.9
00860B,37.66
5468,25.35
2718,41.9
7631,145.0
7842,101.5
3684,54.5
00758B,50.15
1321,33.15
6216,20.9
00926,26.23
1568,29.1
3040,37.4
4174,26.15
5529,22.5
6161,50.3
6183,91.0
6184,41.15
6111,37.05
2704,45.35
1591,36.05
00799B,28.56
2836,12.05
00710B,19.05
00782B,29.44
6270,29.95
00902,13.64
2390,10.45
5543,29.9
009801,11.15
6967,73.5
6574,120.5
1598,20.6
00789B,46.21
6534,91.2
4438,59.9
4934,14.55
1315,65.5
8476,19.9
00770,68.3
6928,47.6
8183,29.65
2459,67.1
00834B,33.12
3447,28.7
3527,51.4
006201,44.39
3518,27.85
6134,28.85
009825,10.19
00912,34.74
2427,22.6
00674R,26.69
6167,10.8
00793B,29.72
009822,9.87
00641R,3.62
1799,29.95
3467,47.7
5531,7.32
6877,116.5
00983D,9.91
6130,26.7
3466,24.5
2908,21.95
8349,39.2
1517,11.25
00987B,15.91
9930,63.1
3313,11.3
7721,62.8
3027,18.35
2511,8.32
00756B,30.4
1603,31.05
3346,20.0
1616,19.8
00780B,36.41
00726B,32.14
1760,58.3
6021,39.75
7835,25.4
6785,95.3
3086,27.5
2528,20.4
3308,22.3
1527,32.7
3564,44.55
00982D,9.71
2608,28.6
3705,55.9
00639,16.51
00903,21.31
4543,30.05
2248,62.9
7819,34.5
3609,18.8
00932,17.52
00755B,31.62
4933,55.1
2064,12.25
6684,47.3
1611,11.95
6612,70.8
00980T,11.75
5315,19.25
00645,58.5
00781B,27.15
1465,12.0
6609,39.85
006205,40.62
00920,24.65
9955,24.85
9924,38.65
1903,48.0
8112A,45.1
5306,94.5
2247,230.0
6494,54.9
00652,33.0
2534,17.5
7703,182.0
1201,12.25
1436,38.55
3390,22.35
3379,29.25
1784,62.0
1442,29.85
1217,9.97
2923,25.85
4735,38.9
1702,32.75
0051,146.0
1733,32.1
2471,49.85
4138,52.8
6151,36.3
9927,69.1
00792B,30.8
2013,41.7
1325,26.3
00861,85.4
3489,23.05
7760,33.0
006207,32.35
00754B,31.42
1449,12.45
4729,18.7
00736,31.83
7823,83.4
00908,15.42
00778B,33.3
6417,106.0
5324,12.3
8171,20.2
6931,41.4
3321,18.55
8442,45.3
4935,33.8
4107,114.0
2431,10.35
6558,25.5
00890B,31.19
3071,24.45
00750B,31.75
6486,77.4
6986,41.6
8048,51.8
3128,20.7
3492,19.7
7709,71.0
00777B,31.23
00695B,34.67
5210,29.4
00700,17.39
4557,51.0
3011,10.6
5206,23.7
5014,10.1
6241,17.95
5488,12.1
00969B,8.03
00749B,30.78
00647L,139.5
3092,24.7
8034,20.15
7736,69.6
4580,78.4
6266,25.0
2462,20.15
5244,35.6
3058,8.15
5538,37.1
7704,62.6
8072,26.2
4807,28.0
1789,19.1
1471,10.0
2440,14.45
009818,19.9
00851,70.0
8049,24.45
2032,17.15
3021,20.3
7818,60.8
009812,12.89
5512,7.74
4109,11.25
00840B,28.77
3259,14.1
6569,92.6
2754,69.9
1236,25.55
00944,21.0
6796,61.6
9136,11.7
4562,31.65
00657,78.0
00921,24.48
1264,252.0
8059,13.9
2230,23.0
3276,14.3
00841B,27.41
1268,181.0
2020,21.85
00741B,37.1
1103,13.15
00986A,14.41
6148,28.3
6698,32.35
4754,38.75
00661,86.2
7820,121.0
6872,14.35
9919,13.85
1533,32.2
4726,24.2
8916,41.1
2505,17.3
6581,109.5
7772,90.0
5213,21.3
4942,33.25
1762,35.5
2380,19.0
6794,78.2
3311,32.6
4744,27.5
1742,17.75
3043,21.1
9951,54.2
1614,30.65
6923,76.9
6470,41.5
2937,48.65
5706,45.15
9908,29.05
3652,33.6
1459,15.55
6203,59.6
3625,12.3
1604,23.25
5701,4.3
00775B,30.9
6637,57.2
00844B,30.51
6918,78.0
8446,85.4
6887,38.2
4563,40.7
3687,63.6
3520,17.8
2642,20.6
6185,12.65
912000,2.42
1788,129.0
6229,24.1
1732,26.7
5013,29.8
1464,10.15
00687C,9.16
6776,53.2
3623,22.2
00689R,22.59
1783,40.7
1615,44.55
6720,133.5
020025,37.63
1416,11.8
2524,35.2
4905,90.1
3607,14.15
2114,89.0
4552,17.1
00956,13.39
5302,10.5
9943,51.2
00983B,15.17
2102,18.55
1586,18.05
6874,82.8
4554,29.8
8404,16.25
8097,49.05
9103,5.08
00653L,46.83
4126,77.7
6233,21.8
4946,93.9
1526,16.45
4442,51.4
8467,93.4
2640,158.0
2038,12.8
5403,92.9
1731,21.0
7705,30.5
4111,28.75
3057,17.3
8011,16.1
6614,35.9
3284,21.0
3285,41.1
1777,74.7
2755,102.0
5312,92.2
00788B,29.14
4995,50.5
4304,24.6
0057,319.55
2482,16.0
2488,48.5
5704,23.75
8089,17.95
6423,80.9
5201,26.15
3205,47.1
4207,20.55
1540,19.35
7642,79.0
8931,41.1
3511,20.0
6582,32.6
3306,44.7
3122,25.85
2450,28.3
8032,36.3
6577,80.8
4439,98.6
00669R,5.14
00714,21.89
6431,19.65
5907,4.91
1506,10.15
009807,16.95
1752,31.85
3628,68.4
1410,24.4
4588,53.3
1337,4.67
2596,34.75
6516,58.3
2062,19.2
4133,20.6
5450,14.8
4198,44.0
8924,50.3
3297,27.6
2022,7.65
2881C,51.6
6230,109.5
00972,21.85
2906,14.1
00711B,15.57
6955,108.5
6606,26.1
4907,47.25
2477,20.7
5533,13.95
4550,24.05
6838,23.2
006203,195.3
6221,21.7
00734B,15.42
00709,40.83
009810,21.25
2748,38.75
8284,67.1
2065,36.65
5489,41.3
5215,39.0
6844,60.3
5525,22.15
6697,40.6
00783,28.27
2227,48.0
5903,186.0
2881A,61.8
8093,27.45
8930,30.25
1817,40.45
8435,53.5
4178,17.15
6283,20.0
4530,29.9
3666,25.1
8935,18.1
2705,15.7
1451,17.4
6171,26.4
8068,17.05
8928,24.2
7814,29.5
9905,21.55
5230,17.75
00730,28.93
1735,20.9
7547,50.1
8940,15.15
4166,24.7
1467,8.28
7757,88.7
4155,14.45
1108,11.75
4413,19.8
5202,11.9
4139,40.0
00703,19.57
6629,108.5
5356,26.0
5251,25.95
1234,33.25
1338,14.2
8908,40.35
3018,11.95
3349,22.95
1776,17.1
4767,29.75
4545,31.9
8927,19.8
2509,15.4
3325,11.25
6128,20.3
6219,12.1
00739,27.93
9902,13.6
2063,23.95
6982,47.9
2729,155.5
1535,45.95
4120,47.35
6771,41.0
5465,24.1
3512,19.5
3710,5.08
6124,27.15
2751,55.5
0061,24.37
6590,64.0
6160,15.0
009806,13.59
3629,19.65
6142,8.87
2007,7.0
00886,47.51
9931,33.85
6657,30.3
00957B,12.98
1220,10.9
6123,43.5
5520,83.2
3521,12.25
3570,164.5
5278,24.4
8403,19.05
4414,8.39
9941A,51.3
4195,14.45
4417,46.85
8432,50.8
7767,44.6
1295,46.3
6113,23.05
1452,11.4
6859,108.0
4116,39.95
1446,13.65
8489,22.45
00702,25.04
3522,11.85
6461,16.15
6118,15.2
2616,13.4
6875,33.0
2887H,42.05
1806,8.02
00786B,31.77
3002,17.45
6028,95.1
1593,31.65
1432,15.05
8421,13.6
1460,6.62
6201,44.6
1437,31.95
7791,56.6
2430,17.8
2887G,44.1
8277,8.14
00982T,15.52
6936,32.45
2916,40.05
5871A,100.0
2891B,62.2
4160,39.75
3224,35.3
6523,89.8
2891C,61.5
8107,12.45
2028,15.85
4168,22.6
6708,37.1
4523,24.05
3310,68.5
7713,73.5
3434,29.85
8354,17.25
1109,13.5
4102,19.65
1439,29.4
6593,32.3
1525,66.5
4131,30.95
6140,17.1
3322,11.2
6552,25.3
3150,16.75
7782,26.6
8905,34.6
3686,14.45
6934,74.1
5487,28.65
2348A,38.3
2736,12.05
6968,41.8
6649,35.1
1294,54.4
1213,7.7
2066,54.0
9962,10.35
2373,53.2
3226,53.1
6560,31.0
3288,21.4
6792,59.5
2882B,58.8
2849,14.4
6281,51.3
3268,17.7
6240,23.0
6248,17.1
6951,72.0
3373,16.65
2002A,37.2
2887F,45.75
2444,11.0
3713,14.75
8440,20.55
6728,108.5
7718,47.15
3419,11.95
9949,25.0
6804,18.6
6578,18.0
1457,14.45
2947,61.4
1423,34.95
5007,56.4
6692,24.3
2506,8.57
1626,9.69
6921,65.9
6722,32.7
8487,71.9
9937,55.1
1456,13.65
8463,21.5
2438,18.15
2314,11.6
6791,101.0
00867B,29.4
5212,47.0
7753,37.05
4572,140.0
5460,16.2
1530,29.0
6482,24.75
3206,34.6
1468,13.3
7803,19.2
1474,10.0
1583,48.9
00785B,34.0
3296,24.1
6109,10.9
6925,50.9
6961,50.8
8472,65.7
4582,23.4
2732,64.8
1521,25.9
3073,22.15
2701,10.6
2756,63.4
6645,12.4
1240,57.2
6276,20.25
2706,12.5
5272,17.25
8272,62.0
6641,17.7
6441,21.25
1417,8.29
4426,7.72
8092,13.15
1203,45.2
3191,17.75
1475,26.6
2239,20.15
7839,44.65
1599,23.1
2109,14.8
6666,44.1
6592A,95.5
6506,17.8
4175,51.6
00717,14.76
1473,20.0
8429,6.01
4173,17.4
4430,17.95
7708,92.1
8424,68.8
1805,10.35
8933,4.68
1726,77.6
00899,23.41
6194,29.75
6835,31.2
8367,40.7
00651R,5.12
5603,14.25
5355,5.99
6965,75.2
7743,21.0
8482,47.7
1438,22.35
4999,18.95
6916,18.2
3557,24.2
1725,31.75
2643,63.1
2432,27.9
1323,21.5
4205,69.3
4581,47.9
7723,19.15
4420,36.8
00771,15.42
6988,11.65
3593,11.0
9918,43.0
2012,14.7
6508,26.0
1340,5.23
5245,23.25
4419,46.1
2433,41.7
6899,50.5
4502,15.65
1781,10.5
2926,30.1
3597,26.4
6615,34.5
8080,28.0
2726,8.22
3171,63.3
3118,31.5
8201,11.9
2945,40.0
4161,22.9
8401,22.8
9928,17.95
5546,14.65
4113,15.1
00654R,6.68
4121,13.15
5438,16.8
4994,83.8
6754,41.8
6952,37.95
2722,21.55
1522A,51.0
4711,16.9
1453,11.25
1570,33.65
3499,12.55
6264,6.06
1324,10.25
4924,10.25
1435,22.0
5398,14.65
8291,35.75
5353,28.05
1110,15.95
00787B,31.85
2516,14.15
2939,20.0
3494,7.12
1259,62.7
6527,74.5
00668,61.95
4153,33.25
9944,17.35
00986B,9.57
1539,15.65
3567,25.4
3095,35.5
4440,17.7
5548,20.65
5364,8.51
2929,5.7
7732,34.7
1101B,43.2
9926,49.1
8466,15.5
1516,14.75
8416,168.0
1312A,22.35
3541,21.9
6762,163.0
00660,46.55
3465,29.25
4911,28.95
2702,12.7
4702,9.62
6294,28.85
8024,13.2
5345,22.3
8411,12.95
1730,51.7
6464,77.4
3332,61.7
4192,19.05
2881B,60.9
8443,11.25
8077,43.2
4972,16.75
4148,33.3
00943,21.38
2897B,11.5
2911,6.46
1445,10.5
1796,29.35
4402,14.5
6971,26.35
2836A,24.05
00852L,35.79
6592B,94.5
6958A,20.05
3083,23.35
6114,25.4
4401,13.9
5604,30.75
00746B,34.47
5523,30.35
6674,16.0
5878,38.5
4432,15.7
5015,22.1
2024,13.6
3266,14.1
8423,17.8
3158,83.0
4538,17.75
5016,24.8
4527,41.0
4529,3.77
6242,34.1
3232,19.7
6855,116.0
6958,17.7
7794,28.75
6020,20.85
2514,11.95
7747,113.5
006206,37.72
1463,17.4
8176,9.81
4528,15.0
4943,8.0
4950,16.0
4171,17.15
6597,73.6
6246,12.25
8047,44.0
8941,44.0
2496,54.6
1512,6.41
4745,11.9
2008,30.55
8410,30.5
6616,8.14
5348,16.25
3646,23.45
6908,30.0
5223,23.3
6721,52.4
8444,5.09
2924,17.35
6865,26.0
9906,40.7
1233,28.9
6158,16.5
1906,11.4
2115,23.9
4433,19.0
5906,37.75
9950,10.35
5601,30.5
4190,25.95
2904,12.95
6884,30.2
6661,16.4
2752,180.0
5455,29.7
5344,13.55
3432,14.6
6198,19.4
8342,87.0
1541,21.7
5211,19.25
4535,28.8
8906,28.35
3168,42.1
00836B,27.92
6807,33.5
020020,27.65
8433,55.3
2734,14.85
3664,6.28
8409,18.0
5220,20.05
3272,14.1
3672,12.45
911868,1.17
6910,24.4
8929,13.3
4930,16.25
8450,14.55
7811,72.5
5703,14.15
6154,14.05
2235,28.0
8488,10.0
6195,27.9
8067,12.3
8102,67.5
5276,18.7
910322,25.7
6904,125.5
5310,25.0
6624,41.65
8481,41.2
6556,61.3
1413,9.31
00638R,6.59
5516,11.85
1470,23.55
8066,14.7
6655,116.0
3115,8.9
6846,57.6
9929,11.3
910861,3.84
1418,17.75
2424,8.17
00982B,9.45
8437,9.34
5514,14.6
2719,20.3
4406,10.05
1441,9.09
1443,24.9
6767,24.3
2910,24.25
3164,16.15
6752,96.6
1813,11.65
8477,15.45
3523,15.4
6212,30.75
8349A,45.6
020001,28.77
6222,20.05
4568,39.9
5547,19.85
2948,38.45
6504,37.85
1235,37.0
5902,34.85
911608,2.68
6671,23.0
6997,68.0
4706,33.0
6730,32.95
6144,13.1
3252,15.95
8426,21.05
4154,12.5
1454,12.45
2740,30.9
00682U,20.42
9960,30.25
1341,60.1
6662,29.75
2712,14.35
4806,9.18
2321,13.65
7584,27.1
3632,7.49
6680,50.0
00657K,24.8
6496,24.6
2901,23.65
4609,4.59
6929,22.5
00681R,21.59
6856,42.55
00634R,3.11
6843,40.3
4584,39.4
00668K,19.63
6169,12.65
8101,12.4
7770,36.55
00846B,35.17
5301,5.84
00845B,32.47
2941,29.85
4183,14.0
9110,3.1
00870B,27.5
2035,27.0
8087,26.1
3531,21.5
2724,10.65
6512,20.6
2067,5.1
5205,20.4
6210,18.05
3067,18.0
00636K,8.79
8921,17.35
00666R,8.97
911622,3.62
0054,28.25
0058,43.71
0059,42.85
00625K,8.77
00643K,3.91
00649,19.12
00658L,37.0
00659R,11.21
00667,20.79
00672L,0.75
00677U,1.48
00683L,21.25
00684R,15.25
00691R,10.46
00704L,18.84
00705R,19.03
00707R,32.18
00716R,13.96
00718B,19.05
00721B,48.06
00729R,20.56
00732,40.74
00742,22.2
00743,24.2
00744B,42.35
00745B,42.04
00747B,51.85
00748B,42.52
00765B,38.72
00766L,11.92
00767,17.4
00769B,60.3
00774B,40.85
00774C,9.12
00776,20.78
00784B,39.32
00790B,53.2
00794B,39.82
00796B,41.84
00797B,41.36
00798B,42.65
008201,101.2
00831B,41.42
00832B,42.92
00833B,43.87
00835B,45.16
00837B,37.64
00838B,40.38
00839B,41.85
00843B,40.37
00854B,41.86
00855B,38.6
00866,21.84
00868B,36.17
00869B,36.69
00872B,37.13
00873B,37.28
00874B,38.04
00883B,30.98
00906,11.95
00925,16.1
020000,31.12
020002,11.12
020003,15.89
020004,33.28
020005,19.35
020006,32.05
020007,41.23
020008,13.31
020009,26.67
020010,13.56
020011,16.4
020012,22.88
020013,14.84
020014,6.3
020015,18.69
020016,28.32
020018,24.94
020019,21.59
02001B,8.75
020021,4.42
020022,7.62
020023,7.2
020024,5.94
020026,6.37
020027,10.65
02002L,7.38
02003L,4.34
1258,26.85
1262,34.9
1333,1.44
1472,89.5
1507,64.8
1538,8.96
1563,66.0
1566,19.65
1589,5.54
1592,2.57
1701,21.15
1724,15.6
1787,26.15
1902,20.65
2073,26.4
2358,4.56
2443,3.57
2448,41.4
2456,94.6
2499,4.12
2809,56.6
2823,30.55
2841,2.68
2867,9.7
2888,11.8
2888A,36.5
2888B,36.8
2928,31.85
2936,40.35
2949,61.6
3036A,52.0
3064,18.95
3085,11.9
3089,81.0
3144,38.2
3202,3.96
3383,1.7
3426,47.8
3452,1.47
3454,99.4
3536,2.92
3562,14.8
3642,3.87
3682,7.47
3698,22.25
4130,26.7
4141,26.1
4144,26.9
4152,99.6
4180,70.9
4305,43.15
4429,40.8
4712,2.85
4725,17.9
4728,400.0
4747,56.5
4803,3.6
4804,3.27
4944,11.6
4945,76.1
4947,228.5
4987,81.6
5102,24.65
5259,7.86
5264,87.1
5281,15.8
5304,3.32
5305,42.3
5349,25.4
5371,83.5
5383,41.5
5820,11.7
6131,5.18
6172,20.1
6228,17.3
6236,17.45
6238,179.5
6247,15.45
6251,20.3
6287,8.89
6288,20.95
6289,1.35
6404,4.64
6452,56.6
6457,62.1
6497,5.66
6514,50.8
6542,44.5
6594,31.3
6747,199.0
6751,42.95
6806,3.51
6881,218.0
6949,1490.0
7716,24.2
8287,0.73
8406,278.5
8418,8.95
8420,40.6
8427,74.9
8455,23.6
8480,84.6
8497,65.5
8913,13.3
8917,54.0
8923,18.6
8934,36.1
910482,0.25
911616,0.48
911619,0.11
912398,5.15
9157,0.86
9188,3.47
```

