# 收盤價 MD
# T:2026-09-07 06:53

## [CLOSE]
```csv
代號,收盤價
2454,4415.0
2408,496.0
3037,902.0
2330,2410.0
2327,562.0
8046,1055.0
2303,130.0
2344,174.0
3081,3170.0
3231,198.0
3189,819.0
2308,1825.0
4958,463.0
1303,225.5
3017,3570.0
2313,249.5
2455,528.0
2317,256.0
8039,297.5
4979,629.0
2464,211.0
6147,182.5
2481,156.0
3105,449.5
3008,7400.0
2368,1045.0
3711,588.0
3443,5810.0
6669,2565.0
2383,5415.0
2301,308.0
2492,298.5
6488,981.0
6274,1365.0
8996,1300.0
3661,4220.0
3006,278.5
2382,345.0
6442,1755.0
6213,517.0
2426,104.5
3481,48.5
3363,735.0
2059,13860.0
1815,118.5
2324,41.6
6770,68.5
8299,2015.0
00631L,36.64
3653,5875.0
3026,701.0
2357,1025.0
6173,260.5
0050,107.9
6515,7075.0
2345,2100.0
6446,1310.0
2409,26.8
6510,3350.0
2449,262.0
3324,1485.0
6182,111.0
2603,233.0
5274,17470.0
3167,803.0
2377,161.5
2337,121.5
6271,237.0
2395,711.0
00981A,29.77
2360,2030.0
2486,256.0
4971,624.0
3665,2145.0
1326,69.8
6538,300.0
2881,150.5
3491,1505.0
3532,399.0
3406,1055.0
2884,43.55
3529,2385.0
2376,361.0
6223,5155.0
8021,420.0
00919,33.02
6239,276.5
6531,911.0
00685L,12.13
6187,1305.0
3714,66.8
7769,5980.0
2615,115.0
6451,449.0
3090,176.5
00918,35.88
8358,500.0
3374,430.0
2891,68.4
2882,115.0
5483,183.5
2887,41.5
00878,34.11
3260,400.5
2356,67.5
2404,1070.0
1717,76.1
6830,597.0
1301,66.0
4938,95.4
6683,1360.0
2609,58.2
5289,1360.0
6139,736.0
2049,363.0
6672,289.0
6290,270.0
6217,188.5
2351,239.5
2886,49.55
2883,36.7
8064,112.0
8150,90.1
7788,335.0
3141,102.5
6640,1250.0
3605,118.0
7711,632.0
3036,192.5
2885,69.8
2421,178.0
00403A,10.26
5351,112.5
3693,663.0
3583,711.0
2451,284.5
2353,32.7
3211,386.0
2489,41.0
6291,456.5
0056,55.4
6257,212.0
1802,59.1
00406A,9.57
6196,516.0
1519,746.0
009816,15.9
6505,78.1
2221,90.8
2388,81.4
6805,2200.0
2892,37.3
3019,144.5
8111,70.0
3234,206.0
4977,185.0
2834,17.0
00632R,9.81
3042,173.5
1597,155.0
6727,541.0
00991A,17.73
6207,111.0
3034,524.0
5475,190.0
1560,695.0
2412,137.5
8042,110.5
4749,776.0
2379,713.0
009828,9.43
6415,428.5
3706,92.5
6197,315.0
5425,92.9
3044,488.5
3450,580.0
4931,251.0
8210,986.0
2027,50.2
6426,269.5
6278,200.0
7828,1930.0
6209,81.5
3624,93.2
3094,46.5
4576,238.0
8043,142.0
2890,42.85
2354,65.6
00881,50.35
6285,243.5
8069,148.5
2472,225.0
2375,125.0
00992A,18.47
7750,2415.0
00673R,11.26
3376,211.0
6919,86.4
3030,284.0
8431,68.8
6620,107.5
3163,775.0
2478,125.5
2467,603.0
00929,29.4
5347,150.0
8027,181.5
3533,1685.0
3264,227.0
8103,122.5
2801,26.6
3441,143.0
3498,194.0
0052,62.7
4967,276.0
2634,65.0
2428,260.0
3293,709.0
8261,180.5
00400A,15.17
2637,99.8
6831,605.0
7610,1820.0
1605,38.4
2606,78.2
3045,118.0
7751,1610.0
2465,99.2
5880,26.65
3131,2385.0
4991,497.0
00409A,9.9
2399,47.3
1727,94.7
3702,104.0
2880,44.0
3023,340.0
7795,505.0
3680,518.0
6414,395.0
00990A,14.96
00937B,14.3
2347,88.0
00935,58.65
6789,468.0
7717,449.5
6269,67.7
8112,90.5
5871,111.5
8033,176.0
1312,14.6
5904,72.1
1216,75.6
00646,77.55
1101,24.6
7734,2890.0
3022,95.9
5536,853.0
00663L,106.25
3055,132.5
3455,236.5
2474,209.5
2618,42.5
5439,261.5
3715,118.0
2316,155.0
2484,70.4
5269,1430.0
6691,619.0
8271,217.0
00708L,83.55
00830,80.95
6834,94.0
2359,142.0
2332,19.55
2305,30.85
00988A,15.99
5328,61.0
4908,224.5
2498,41.6
3149,60.6
00675L,322.05
2385,110.5
2312,32.85
6693,181.5
6781,1115.0
6449,237.5
6715,320.0
3016,101.0
1504,72.2
6584,634.0
6166,121.5
5876,46.3
3357,214.0
4904,104.0
00982A,22.96
4551,171.5
2889,16.6
00961,13.6
5434,538.0
2542,48.55
00405A,8.68
006208,247.25
00637L,20.12
2605,35.85
4939,87.9
00679B,25.78
3718,75.5
4510,47.55
00940,13.01
8028,239.0
5284,330.0
3563,693.0
1590,1395.0
3504,89.7
6214,185.5
1785,102.0
3362,210.0
6933,317.0
6224,84.8
6409,965.0
8086,112.5
00896,28.4
00407A,9.73
6168,29.05
1709,34.0
2002,19.1
00713,63.45
2441,116.0
2610,20.45
6716,117.0
00927,36.8
1476,313.0
4764,231.5
6548,75.2
1409,24.55
00891,34.96
6199,96.1
1503,207.5
6530,98.2
00715L,57.0
6664,355.5
3035,179.5
00687B,27.12
00764B,27.02
4763,50.3
5443,112.5
4526,32.0
3005,115.0
3675,282.0
00953B,9.57
1513,165.5
4919,120.0
00984D,9.9
2352,29.25
5386,258.5
6526,635.0
4906,36.9
2855,50.7
2845,13.65
00922,42.13
00411A,9.81
6533,264.0
009829,10.5
2371,28.15
6944,696.0
8932,91.4
2413,45.8
6667,239.5
00662,120.55
6116,14.05
6282,44.0
6547,61.5
4956,37.65
3088,127.0
5388,75.6
00909,48.66
2207,539.0
2458,133.0
2476,121.0
4770,226.5
1477,196.5
1718,10.6
00999A,11.54
2812,19.35
4577,87.0
6706,127.0
8155,348.5
00900,19.75
3673,65.5
00724B,32.7
2201,31.1
00712,8.68
00980A,24.72
2912,216.0
5608,17.2
6226,33.5
009802,20.23
3014,131.5
1711,42.3
009827,10.2
6190,68.0
00735,104.05
1402,29.15
8096,104.5
2367,43.1
3236,44.45
1714,16.65
1102,35.1
4989,61.1
2645,173.5
3645,71.6
6127,49.05
009824,10.15
6829,243.5
6177,49.2
3707,62.0
6617,123.0
6265,54.2
4540,60.8
3033,43.95
8436,112.5
6937,283.0
2392,45.6
2493,181.5
6016,22.4
6739,1135.0
9958,88.1
3413,282.5
9904,24.6
00665L,9.63
00947,37.43
2436,65.2
1710,15.95
00892,40.9
3490,46.0
6005,32.75
6176,91.9
1319,82.6
6679,206.0
4768,306.0
4542,283.5
6206,138.5
1795,182.0
1314,8.12
00635U,46.21
5285,87.3
9105,8.65
2520,37.1
4966,569.0
6907,181.5
9921,98.9
3135,173.0
2302,43.1
3591,24.9
5340,79.2
3265,176.5
009822,10.06
4915,60.8
6588,108.5
6472,416.0
00720B,31.82
2491,42.0
6141,52.5
6913,151.0
00410A,12.18
4772,248.0
2851,46.65
00751B,30.3
3515,227.0
00923,40.14
3596,159.5
00738U,52.95
1708,51.2
2434,67.3
4912,102.0
00888,33.7
6456,68.8
3689,116.5
2061,54.0
3630,28.4
7799,370.0
3704,40.1
00404A,9.86
1514,102.0
00753L,9.48
3213,129.0
6753,137.5
5314,32.0
00722B,34.21
4760,264.0
4976,38.3
2006,81.6
4541,61.2
8926,57.5
3339,43.8
9945,28.45
009803,22.14
00670L,200.95
4973,149.5
6121,397.0
6525,138.0
6146,182.5
5291,67.0
7792,308.0
2374,68.3
6788,352.5
00865B,48.71
2362,49.3
8110,43.55
8040,75.0
4927,41.9
5607,56.8
7744,545.0
2363,51.1
9933,40.4
2633,26.1
2254,62.1
00642U,30.27
3162,70.8
3305,111.0
4127,61.3
8454,245.0
2103,28.25
00850,92.65
4916,97.3
6175,71.8
00757,141.55
3380,30.0
6782,229.5
6890,169.5
4707,30.1
6579,150.5
6532,98.0
2369,31.05
00885,18.83
2419,27.1
00939,23.89
2915,57.6
1722,44.8
009805,15.04
3227,192.0
00998A,18.09
6284,79.1
5471,61.1
00981B,9.15
2406,27.25
8070,50.5
3004,121.5
3221,49.4
2617,32.45
00882,15.09
1609,37.35
7822,922.0
00997A,10.97
6719,191.0
3564,50.2
3049,12.8
3147,223.5
6179,29.6
5864,37.15
2340,34.05
2402,57.1
2485,41.3
00401A,14.13
2439,77.9
00706L,19.59
3587,255.0
00795B,25.9
00985A,23.23
6491,385.0
8422,26.1
6443,24.95
4722,200.5
2233,168.5
5263,103.0
2466,97.2
00933B,15.53
3543,44.7
6155,56.2
00650L,17.48
3701,41.95
1440,13.9
00733,67.35
6275,48.15
6761,183.0
2887I,9.52
9914,79.3
6191,82.5
00934,30.56
1723,86.0
8016,293.5
1773,162.5
6903,312.5
2646,20.65
3029,111.5
00633L,48.87
8131,61.4
009826,10.16
3013,88.0
5243,90.0
8081,254.5
6438,156.5
8240,51.5
00985B,10.15
009821,15.15
5225,57.4
6272,29.8
00915,32.64
2034,21.1
00994A,16.91
00770,68.15
8464,373.5
009825,10.31
5234,293.0
5498,53.4
2105,30.95
3617,248.0
2342,39.7
2612,63.3
1608,36.5
3289,140.0
3576,17.15
3388,90.5
6138,286.5
6643,407.5
2329,42.9
1808,34.7
00995A,17.25
00680L,6.42
8050,56.4
1810,24.25
00725B,33.92
6668,42.6
00984A,15.64
6125,51.5
2072,136.0
00731,98.4
6202,58.8
6435,246.0
8105,15.0
1536,49.8
00859B,41.03
4105,77.0
5469,71.6
00877,36.28
8114,194.5
2548,94.6
00773B,34.71
3229,49.8
4123,30.15
2030,23.45
4961,165.5
6218,42.25
3217,134.0
9910,68.9
6613,258.5
2442,19.3
2401,25.7
6416,100.5
3048,53.4
6279,117.5
2323,10.8
3219,91.3
7749,368.5
6215,99.0
3556,58.1
3209,46.6
3290,45.5
2355,42.8
3078,46.1
8383,65.2
00696B,28.09
5392,42.95
00996A,13.94
3444,83.7
00962,15.66
4949,77.8
2897,10.85
3479,127.0
2393,64.8
00955,16.23
6462,101.5
8091,215.0
9911,81.2
6412,77.4
3551,182.0
9939,131.5
3059,39.3
4739,83.6
00952,18.53
2495,37.45
9925,39.55
00762,113.35
8147,135.0
4743,44.65
1210,52.2
1229,41.85
4569,180.0
7730,186.5
5009,33.2
3518,30.8
2328,46.6
0055,49.0
6517,69.2
00946,15.55
6658,178.0
00864B,45.96
00924,33.29
6186,31.3
00692,92.55
009820,9.82
6605,138.5
6122,51.3
00719B,31.04
8936,50.3
3416,172.5
3312,52.8
2033,26.05
8099,61.2
00772B,32.39
00931B,13.03
00916,27.19
8227,158.5
2070,63.0
2009,39.4
00945B,14.43
1215,110.5
1595,68.8
1809,37.75
00693U,23.89
2630,50.2
6906,84.3
00676R,5.44
6861,183.0
6486,82.2
00987D,9.98
5309,52.0
6261,78.4
8109,130.0
1904,24.8
2208,18.8
4585,294.5
00930,24.31
1515,30.8
2641,18.05
3228,174.0
6153,17.65
00993A,13.34
9941,81.3
6015,16.8
3592,224.0
3708,100.5
4746,45.35
009823,10.49
4903,36.95
3535,86.8
3010,129.0
3685,36.9
3356,61.3
6509,46.8
3483,80.0
00989B,10.05
3594,49.15
009804,23.07
4571,161.5
7777,38.3
6419,155.5
2425,37.9
6840,92.8
8390,97.0
2504,31.25
00911,50.95
6432,60.9
2031,44.95
2501,22.55
6962,31.95
4566,63.9
6208,74.2
6244,23.4
00887,15.84
5534,76.6
2838,20.85
3581,111.5
00954,18.12
00740B,37.31
1909,11.0
00408A,10.53
4721,71.8
3537,55.4
1713,43.45
2206,63.4
3545,50.7
2515,12.15
00913,47.6
8054,82.5
6654,219.5
6670,275.5
00938,26.46
6023,86.4
8473,45.7
7402,104.5
00643,18.14
009813,11.4
1907,29.85
6245,78.2
00951,17.0
9938,41.15
8234,68.3
3028,64.1
4766,346.0
6204,91.6
00701,40.08
2483,33.35
6143,87.5
2636,69.4
2211,83.0
009815,11.62
2539,35.0
3550,23.2
9802,72.3
3577,112.5
4303,34.7
6862,140.0
2014,17.0
9917,106.5
2338,38.6
6854,92.8
1434,18.2
1569,48.7
6535,79.7
2905,18.15
2204,54.1
5321,79.4
6922,208.5
00904,40.53
6227,113.5
7855,42.75
3694,50.4
2820,17.1
2331,19.6
009819,9.74
4147,63.6
4583,473.5
8255,145.0
7768,282.5
1310,8.72
3317,62.6
00853B,26.67
6104,97.0
00948B,9.14
00910,57.05
6120,12.3
3066,24.7
3580,88.1
1305,12.2
00950B,13.57
2530,20.15
7703,187.5
6405,40.1
3663,62.1
00893,42.59
2723,82.5
1304,12.35
00761B,32.95
7738,175.0
2727,232.0
6712,157.0
7728,618.0
6108,22.95
00965,25.24
2816,40.0
4169,150.5
3024,14.05
4960,21.1
8374,81.7
3338,65.4
4771,208.5
1316,10.6
4137,79.3
1712,40.65
3152,238.0
1537,115.5
1313,11.9
3003,65.5
5522,64.0
6180,41.8
00983A,12.75
3031,24.75
2101,31.35
2536,19.2
3709,65.7
3555,193.5
2104,10.3
2850,159.0
3703,20.0
00981T,11.85
6231,212.0
6188,66.6
6263,169.5
1582,74.1
00690,79.7
6757,55.9
5515,52.5
00895,50.2
6642,83.3
3622,52.7
2597,169.0
3716,34.1
7805,508.0
7712,155.0
3526,283.0
2365,29.15
4953,120.0
00987A,16.4
6756,101.5
5432,155.0
6133,23.75
7827,151.0
3169,104.5
00688L,6.4
2348,72.1
1905,13.5
1307,30.45
6901,14.95
3717,22.3
3485,210.0
6725,225.0
3032,78.8
4564,16.45
2731,144.0
3402,121.5
00752,23.17
2258,30.3
2438,21.9
00981D,10.3
6477,34.8
00678,44.65
00942B,13.73
2836,12.25
6869,64.5
6411,80.2
4590,89.6
4736,127.0
1231,80.6
2364,67.4
5306,92.6
00928,32.43
8088,43.15
5508,55.1
00921,24.73
1104,27.7
2607,53.5
00964,15.04
1268,182.0
8183,27.8
6499,73.2
4716,17.3
6947,69.8
6277,80.3
3060,26.5
2883B,8.22
8084,45.55
00988B,19.49
3062,20.65
2913,11.1
2457,22.75
4968,91.0
6585,113.0
2108,29.7
2010,22.55
6192,116.5
4114,29.8
4534,29.9
6485,62.0
6589,48.05
00402A,9.51
2707,179.0
8045,50.2
00647L,140.5
6592,61.0
4536,164.5
3691,99.0
6024,63.4
9907,15.25
6205,65.9
1736,125.5
7714,160.5
5474,149.0
8163,31.5
2527,42.95
00655L,34.0
00664R,1.59
5292,220.5
4167,19.15
00894,47.42
2543,38.45
00746B,34.36
1309,13.65
8215,25.55
1232,157.0
5426,28.8
00984B,15.73
2241,35.35
3071,25.1
3712,21.2
6651,151.0
1707,90.5
6112,45.9
2480,156.0
2546,107.5
00728,69.65
2417,42.4
4162,57.8
3176,35.0
5222,104.5
4556,72.9
2236,121.5
3218,138.5
4974,71.9
1308,14.15
7709,77.3
3430,105.5
009811,13.41
6983,355.0
5236,137.5
6603,25.15
6742,44.95
2461,18.25
8074,53.3
006205,40.78
8222,37.0
2903,22.3
5464,69.5
00852L,36.01
6870,290.0
6243,39.4
3015,53.3
6425,62.8
6026,15.15
5228,41.7
3437,18.35
6994,35.2
3138,95.5
6546,62.5
5490,26.5
8415,37.55
2753,179.5
00936,21.42
4306,15.25
2405,15.1
6541,31.7
1522,26.95
2243,46.0
00966B,13.42
4174,25.05
3679,105.5
6732,149.5
1444,7.09
00768B,48.01
6240,25.2
2535,89.4
6174,43.4
6873,68.1
5209,154.5
6576,80.0
2547,9.98
4129,81.5
00671R,2.42
1612,34.85
6163,41.2
2231,90.6
00941,24.73
3484,46.5
00970B,9.04
00905,26.41
3230,42.35
5288,189.0
2387,36.4
00849B,37.19
6885,24.1
8076,22.15
7722,280.0
2397,62.2
00863B,30.83
00989A,16.99
2511,8.43
6259,30.15
8438,68.8
2349,10.95
00639,16.1
00991B,14.77
2015,64.9
6189,48.15
4737,58.6
3041,23.3
00763U,34.8
3046,55.4
00862B,30.61
00959B,9.06
3548,83.2
1227,28.55
8462,165.5
6469,67.4
2601,6.79
8341,75.2
00799B,28.45
2540,47.15
4909,36.9
7772,109.0
4441,175.0
3615,36.5
1256,173.0
6957,219.5
00845B,32.42
6568,137.0
4951,80.0
6498,75.4
1623,208.0
00876,85.0
00898,11.02
4128,14.65
2497,45.0
009800,13.07
4119,56.1
6021,40.25
2420,54.4
8249,40.95
4706,35.6
00917,24.27
3303,51.3
6914,121.0
009809,17.98
1218,14.45
2106,17.3
00907,17.74
5299,97.3
6768,64.1
1786,47.05
3051,21.85
4532,23.8
00980T,11.94
3438,64.5
5521,10.6
2228,73.8
8279,79.2
7740,132.0
6150,60.6
2023,13.85
00901,46.39
8044,24.0
00897,13.38
00960,21.27
00848B,33.33
6561,322.0
1528,19.15
6234,34.2
8182,38.85
00980D,20.03
5511,69.3
6996,183.5
00884B,28.64
6695,49.5
2755,100.5
4560,28.9
7780,16.7
6492,33.65
8289,44.5
8121,27.9
7631,146.0
6101,37.95
4533,25.7
3257,49.7
00694B,41.73
3056,14.1
2852,28.3
009817,9.1
3354,24.0
6235,39.45
3093,45.2
5381,24.65
1580,102.5
4952,50.6
2247,231.5
1777,75.2
8938,52.7
0057,321.6
1618,39.65
6863,104.5
8478,142.0
6292,62.0
7810,217.5
1721,20.4
6841,54.0
1455,9.96
006201,44.18
00858,36.12
4755,118.0
00985D,9.82
1760,56.3
8213,32.95
6811,222.0
1342,102.5
4563,43.85
4561,43.5
00990B,9.95
6117,64.0
6550,10.35
1737,30.65
2429,31.5
6799,80.6
2614,18.3
3501,39.8
1558,106.5
00779B,27.31
00932,17.55
2423,73.6
3516,26.5
00785B,33.78
1529,16.45
7786,116.5
2613,22.7
2468,33.9
1565,98.6
2453,51.8
3294,30.0
3114,31.8
6156,20.8
1733,32.35
2537,11.65
1568,29.45
2611,14.45
4164,26.15
4142,17.55
7689,172.5
00640L,108.5
1447,6.71
00695B,34.62
3021,24.3
5530,50.0
8432,50.9
6894,353.0
00847B,24.54
6895,156.5
00971,17.72
3528,83.3
6743,28.6
6126,29.15
5452,27.1
2608,28.5
6134,29.3
5258,45.75
00756B,30.29
4923,51.5
6625,75.3
4807,28.55
2545,34.85
2939,20.0
1584,18.0
7765,221.5
6741,60.0
2029,21.8
6872,18.55
6494,56.0
00949,22.01
6165,48.9
6184,40.3
3705,56.1
1720,56.0
6924,123.0
6875,33.1
4106,24.5
8071,23.25
3025,52.3
1524,26.9
00636,27.75
5227,29.95
6690,162.5
6763,41.25
4580,82.8
6111,37.85
1789,19.1
00867B,29.28
4506,121.5
00857B,22.53
6945,95.6
4416,12.75
2923,25.6
3188,24.9
5478,98.0
6237,35.2
6170,48.45
3540,23.65
00645,58.0
00686R,0.98
3687,62.9
6115,44.5
6220,25.8
5519,27.35
009801,11.25
2887E,48.65
3467,51.1
2832,58.5
3047,13.65
6689,61.0
9934,11.1
8085,15.2
00903,21.3
5302,10.3
5287,135.5
6909,40.7
8942,42.4
2528,20.25
2534,17.1
8104,30.65
2069,21.0
009818,20.05
5871A,100.0
00791B,56.6
2020,21.85
009814,11.43
1603,30.4
5203,58.8
00983D,9.86
4934,13.9
6735,63.3
1442,30.0
6598,27.0
5493,84.4
1702,32.6
3272,14.6
3631,38.5
1201,12.25
00983B,15.09
3530,58.3
2032,17.3
2745,87.2
4104,70.9
3558,119.5
00782B,29.33
2908,22.25
1617,18.55
2017,9.15
7820,118.0
00760B,52.05
4720,18.6
5529,24.4
4555,46.25
3224,33.3
00759B,52.55
1225,25.0
00986D,14.34
3205,46.2
4924,11.95
1604,23.5
9940,20.5
5315,18.75
9942,114.5
00726B,32.14
8924,51.3
4549,102.5
00789B,45.97
00987B,15.88
3323,28.9
00737,40.63
6838,24.65
00736,31.91
00875,53.35
9930,63.1
1611,11.75
5487,29.45
6790,38.15
00758B,50.1
5244,35.0
3052,10.5
00697B,35.17
5484,39.5
6161,51.6
009812,13.03
4163,137.0
00775B,30.8
3588,52.4
1108,11.65
00844B,30.29
2237,27.7
4714,10.65
2427,22.2
6570,51.6
00666R,8.94
5706,44.7
2538,8.89
6596,95.4
3611,183.0
1436,38.35
4503,23.7
1459,15.65
1598,20.2
00834B,32.99
6148,28.65
00689R,22.72
8937,30.0
6578,18.3
0053,243.65
00727B,39.25
00944,21.5
9955,23.85
3287,36.6
9908,29.05
1339,43.0
1591,35.75
1616,19.0
6230,110.5
0051,145.95
3346,18.95
6152,13.8
3372,14.7
8476,19.3
8404,16.2
4562,30.35
1414,17.85
006206,38.13
9937,55.2
4552,16.5
2440,14.2
00648R,3.88
3011,10.15
6721,50.2
2450,28.25
00681R,21.7
6609,39.9
6657,30.0
00902,13.17
00980B,9.17
6823,60.3
6902,125.0
3499,13.6
009808,31.28
6431,19.85
00780B,36.27
6703,103.5
5201,26.85
6417,108.0
6821,42.4
5457,27.65
00741B,37.11
00755B,31.51
1449,12.25
6918,77.8
00969B,7.99
9927,69.5
2390,10.25
9946,17.6
4935,33.3
1217,9.95
1532,23.0
6606,25.4
5531,7.34
4157,8.75
6953,238.5
3360,14.9
6720,131.5
3546,71.5
8011,15.7
5283,54.2
2462,20.0
006207,32.34
00723B,29.28
6874,69.8
00963,13.3
1586,18.0
2471,50.2
4138,53.1
5410,36.1
4188,14.45
8038,31.9
00846B,35.11
3027,18.25
6266,24.75
1784,59.2
1325,25.5
0061,24.36
3058,8.05
2505,17.2
2882A,60.3
6928,48.5
1734,30.6
6167,10.2
2064,12.45
1762,35.75
3609,18.75
3206,34.45
00781B,27.1
2415,28.2
5609,78.0
5512,7.77
2460,28.5
00890B,31.04
3652,33.05
2849,15.05
00710B,19.1
4107,113.0
2459,66.4
2887H,42.25
6219,12.6
1110,16.3
3130,210.0
6573,16.95
6859,115.0
8097,49.0
00778B,33.13
4155,14.45
1410,24.55
3050,11.5
3086,29.6
8162,60.6
00967B,8.9
3669,35.1
3628,69.3
2488,48.55
2102,18.25
6225,60.0
6844,60.0
7556,248.5
4168,22.1
8049,24.45
2025,12.7
6136,24.85
020000,31.18
6465,46.0
00749B,30.76
00851,70.3
3207,40.0
00750B,31.58
6164,11.95
00714,21.73
9919,13.95
00754B,31.27
1587,24.05
9935,19.65
1615,44.0
00700,17.55
00861,84.25
00777B,31.11
1517,10.95
6118,15.2
2887Z1,21.75
2881B,60.8
4543,29.95
1264,252.0
00786B,31.68
4195,13.75
2038,12.75
6877,110.5
6776,53.1
1103,13.3
1419,66.9
8048,51.6
3178,62.3
3054,55.2
00926,26.59
00840B,28.63
5905,7.68
3306,44.95
9951,50.4
3512,19.4
6464,77.6
4741,40.35
00943,21.5
2107,26.8
6967,69.2
2444,10.8
5403,93.8
5481,20.2
6969,33.4
00674R,27.36
3321,18.1
2881A,61.7
6591,42.7
9924,38.45
4513,16.05
2739,38.0
4744,27.35
6423,85.4
00841B,27.27
3447,28.95
1783,38.3
3311,31.95
6803,270.5
00661,84.15
1416,11.75
2704,45.5
6986,41.8
6130,26.1
00739,27.73
3092,23.55
1806,8.04
00968B,8.96
00856B,37.31
1533,30.95
6796,59.7
2063,23.8
6113,23.15
5525,22.15
2248,61.5
1234,33.45
1903,47.65
5206,23.6
2250,57.6
00912,35.15
00788B,29.05
6593,31.55
4735,37.65
00702,24.97
2414,52.5
3625,12.35
2062,19.4
6558,24.75
00668,62.35
2477,21.65
6951,71.0
6785,91.9
6569,91.8
00669R,5.16
6142,8.81
6934,72.6
6281,51.4
6216,20.5
7818,60.7
1472,89.9
6523,89.7
1525,66.6
00717,14.7
5488,12.1
6270,28.5
4438,58.3
1236,26.15
1321,32.5
6418,33.25
3466,24.35
3038,20.1
1540,19.85
9103,5.14
6151,35.3
6516,57.3
00687C,9.09
3128,20.1
00860B,37.83
8089,17.05
00972,22.18
8349,38.95
7842,98.2
2482,16.1
7721,60.9
3284,20.85
8083,158.0
1464,10.1
3508,20.95
009810,21.52
1471,9.74
5364,8.39
6698,31.5
00920,24.65
1799,29.7
3379,28.15
8467,90.2
7760,33.2
1457,14.5
2596,35.55
6574,118.5
1527,32.7
00652,33.05
1531,12.05
4126,78.0
4702,9.39
7791,55.0
3083,22.9
1614,30.6
4588,51.9
1336,16.15
8446,85.7
00986A,14.25
6931,41.0
2762,81.9
3520,17.6
3040,35.7
1731,20.95
00836B,27.8
2838A,52.0
4439,96.2
6577,80.3
3390,22.2
4933,54.0
6794,73.7
8488,10.4
3276,14.2
4523,23.7
00730,29.0
9906,42.2
1526,15.75
3552,43.0
8931,41.0
6233,20.85
4726,23.95
1780,24.4
5468,24.7
3684,54.3
8935,18.1
00956,13.66
2743,59.1
1466,15.95
3171,62.7
6655,117.5
2013,41.75
5489,41.4
7835,23.0
7705,29.85
2516,14.2
00657,76.5
1465,11.9
5230,17.7
5465,24.3
6534,91.1
00792B,30.72
2227,47.65
2524,34.7
1437,32.05
3623,23.9
6185,12.75
9918,43.1
00711B,15.56
4417,47.1
5210,28.95
4133,20.55
2729,156.0
6221,21.45
2373,53.2
00982T,15.76
6552,24.25
4414,8.22
5213,20.9
3527,51.2
9943,51.2
2509,14.95
6506,18.2
5278,24.2
5538,36.9
4113,14.95
6733,26.7
00783,27.8
1219,11.6
3322,11.1
8171,19.55
6684,46.3
8068,16.85
1460,6.6
2022,7.55
4166,25.2
6590,66.0
9941A,48.85
2916,40.05
1467,8.19
00982D,9.66
6612,70.6
4905,85.9
3297,27.3
4711,16.6
5533,13.95
4747,24.85
4139,41.95
2114,88.8
3419,11.7
3043,20.9
1506,10.1
5603,13.95
2718,41.0
6201,44.55
8059,13.5
6581,109.5
3434,29.6
2433,41.6
2882B,58.9
5007,56.4
4109,11.15
2640,156.0
5907,4.95
2748,38.85
2348A,38.55
4108,11.4
00653L,45.88
00842B,29.26
7704,59.6
006203,195.8
1432,15.0
5013,29.0
4995,50.1
6028,96.6
8930,30.0
6771,41.8
6203,60.7
5011,18.25
3607,13.75
2066,54.7
2065,36.45
8421,12.85
8916,40.95
6283,20.05
7819,35.2
3666,25.0
3710,5.07
3073,22.6
7708,92.0
6666,44.35
5450,14.75
1725,32.0
2887G,44.1
8499,253.0
4111,28.7
4557,50.1
6968,41.7
6592A,96.0
2514,11.8
4907,47.2
4582,23.5
2906,13.85
1259,64.1
5704,23.2
6923,75.3
1109,13.5
8908,39.95
4728,398.0
6195,27.75
8927,19.55
6183,91.6
00641R,3.67
3511,19.7
2756,62.2
1446,13.4
6171,26.2
6728,107.0
2506,8.53
5272,16.9
3308,22.0
4440,17.75
00651R,5.11
4207,20.5
4171,16.8
9905,21.5
5546,14.8
4401,14.2
9912,12.95
8072,26.2
3226,55.0
5014,10.05
4942,33.1
6722,33.05
8034,19.45
1726,77.4
2732,63.2
1203,44.7
3259,12.15
4994,81.7
5202,11.8
6908,30.1
1315,65.8
1570,32.8
4943,7.11
1732,26.1
3122,25.2
1742,17.8
4178,16.9
7821,39.55
2028,15.75
5215,38.95
6194,29.65
1445,10.15
6123,43.6
1535,45.35
00886,47.49
5251,26.05
6140,16.7
00957B,12.96
7715,28.95
6248,16.95
2881C,51.5
7718,46.5
4420,38.55
3310,68.8
2616,13.45
2706,12.55
6128,19.75
2380,18.2
2722,21.45
3349,22.45
2012,14.5
2643,62.4
2230,22.8
1337,4.57
6109,10.95
9944,17.2
2115,23.8
5903,185.0
1752,31.85
1468,13.0
7747,114.5
7823,83.0
8354,17.85
3002,17.15
4442,50.3
6637,55.9
5324,12.25
8032,35.7
4767,29.5
6470,41.8
2929,5.77
2430,17.85
6835,31.0
8442,45.55
4545,31.8
6103,37.2
4116,40.25
3432,14.55
6792,60.1
4173,17.15
6804,18.2
8481,41.0
5523,30.35
1452,11.35
8047,43.0
6504,37.1
8277,8.0
2109,14.8
6614,35.35
5353,28.0
6965,73.8
7811,73.7
2891B,62.0
3489,22.85
8403,19.0
8284,66.0
4175,51.8
4527,40.8
1788,128.5
1456,14.0
1735,20.25
2007,7.0
5245,22.85
1539,15.6
3268,17.4
6158,17.4
00908,15.26
6527,74.2
1470,23.9
3686,14.2
6241,16.75
1417,8.28
5312,91.6
3057,17.35
2314,11.35
7814,29.0
8928,24.95
1817,40.05
7547,50.8
8426,20.8
00703,19.62
9928,17.85
3313,10.8
6229,23.65
4729,19.0
1435,22.0
6124,27.15
6160,14.75
6752,96.3
9949,23.95
6582,31.9
3465,29.05
8176,9.77
3567,25.5
8940,15.0
8450,14.65
2239,19.85
4430,17.7
1340,5.23
2911,6.42
2431,10.1
5344,13.75
9926,49.35
2887F,45.8
1451,17.25
8080,28.8
8482,48.45
4946,89.0
00654R,6.76
3296,23.9
3325,11.2
7723,18.95
6961,50.0
6958A,20.6
6441,21.0
4554,29.3
8107,12.4
3285,41.0
009807,16.88
1599,22.9
6887,38.05
020025,38.0
6982,47.35
1730,51.5
3118,31.4
4160,39.4
8411,13.0
1324,10.1
8440,20.2
6020,20.9
9136,11.0
1530,28.25
4304,19.15
6674,15.65
8489,22.1
2752,175.5
1473,20.1
7743,21.7
5438,16.65
3664,8.19
1438,22.4
6671,23.2
3557,24.2
6952,38.2
5356,26.05
6843,38.0
3570,163.5
1583,48.95
4205,69.8
4426,7.57
1338,14.45
00787B,31.7
6474,36.55
1512,6.25
8917,52.5
3168,42.75
00958B,8.98
020020,28.95
4754,38.5
7770,35.0
1295,45.35
9902,13.65
1443,23.7
7713,73.9
3373,16.35
2945,40.05
3672,11.9
2496,55.0
1521,25.75
6508,25.75
3288,20.8
4198,48.5
1626,9.66
6958,17.35
6629,108.0
2947,61.7
1776,17.2
6881,214.0
2701,10.4
2705,15.75
3018,11.8
4999,18.45
1233,28.0
6645,12.35
8291,29.9
1235,38.05
8429,6.04
7736,69.4
6692,23.05
2754,68.7
8367,41.0
2432,27.15
1220,10.7
4950,16.0
00899,23.09
5355,5.95
3494,7.09
2726,8.14
2904,12.75
1593,31.75
7642,75.7
5015,22.05
1805,10.1
6910,24.75
8093,26.35
2642,20.45
4120,45.7
6597,72.9
8401,22.75
3266,13.9
6936,32.8
8455,22.5
8472,71.1
6276,20.7
00982B,9.48
8905,35.0
3597,26.75
6971,26.1
2008,30.8
6916,18.7
8443,11.15
1240,55.5
4972,16.6
8921,16.45
6807,32.75
5212,46.4
8272,64.9
2736,11.55
1439,29.1
1475,26.4
3191,17.3
3522,11.85
4102,19.2
00734B,15.35
6865,25.55
6542,43.75
2897B,11.7
1101B,43.45
1796,30.2
6222,20.0
6925,50.0
6955,100.0
00638R,6.64
6988,11.85
4413,19.7
6730,32.8
8201,11.8
6846,58.1
7794,28.8
4148,31.8
5398,14.2
4572,141.5
5543,28.1
6114,25.25
6482,25.15
2712,14.45
5220,19.6
00771,15.23
6680,54.7
8423,18.2
2941,33.9
9931,33.9
4121,12.9
9962,10.35
3492,19.15
7757,88.6
911868,1.17
2002A,37.3
1463,17.4
8463,21.4
6246,12.8
7803,19.5
910861,3.67
009806,13.71
8092,12.95
6697,40.6
4581,48.0
5455,30.0
1341,59.5
9929,11.3
2910,23.65
1453,11.15
00683L,21.22
006204,232.25
1454,12.15
2948,38.15
6641,17.25
4535,27.7
8024,12.9
7753,36.5
6169,12.15
3085,11.5
5701,4.24
1294,53.4
8435,53.4
8410,30.4
8466,15.1
00793B,29.75
4402,14.85
8424,68.8
4433,18.7
4502,15.7
1413,9.19
1474,10.0
6899,50.0
2924,17.9
4530,27.95
4538,17.75
8102,65.0
2424,8.02
4529,3.69
4432,15.9
6921,63.6
6592B,95.0
5604,31.35
3252,15.5
2891C,61.3
6556,61.3
3332,61.0
5601,30.35
2740,30.3
8112A,45.2
4806,8.99
6661,16.3
1906,11.2
4911,29.85
5460,16.25
6649,35.75
2702,12.7
4930,16.15
912000,2.48
8941,44.0
7839,43.95
1781,10.3
3164,15.9
8906,29.1
3713,14.35
1323,21.25
3646,23.85
8433,54.6
6264,6.01
5301,5.22
2719,19.9
6560,31.4
4190,25.95
4131,30.95
2926,30.5
5514,15.05
6884,29.45
2836A,24.1
7716,23.5
8487,70.5
5223,23.45
00660,46.67
5547,19.65
8087,27.0
7767,44.95
7732,33.55
2734,14.9
9950,10.3
4192,18.9
4153,32.6
1541,21.3
6856,42.05
9110,3.0
00709,40.92
8477,15.25
6855,120.5
4528,14.95
6198,19.75
2901,23.6
4568,39.3
6708,38.75
6294,28.75
4161,22.8
3541,21.65
1418,17.6
2751,52.5
8066,14.7
8437,9.23
6512,20.2
910322,25.0
6791,99.9
3232,19.6
5516,12.0
6212,31.7
8933,4.65
6929,22.6
6210,17.75
2937,44.3
4558,17.4
6154,14.05
6754,42.0
8101,12.0
3158,83.3
911608,2.7
2073,26.6
2024,13.25
3629,19.8
00986B,9.55
00634R,3.11
6616,8.28
8409,18.05
00656R,5.84
5902,34.4
2067,4.82
5345,21.9
5548,20.55
3521,12.1
4745,11.85
8067,11.75
5211,19.3
1516,14.35
2235,28.25
7584,27.0
5348,16.65
3150,16.6
00657K,24.23
4419,48.35
4305,43.9
2321,14.5
3531,21.35
6751,41.05
00682U,20.41
6624,40.65
6144,13.3
00668K,19.66
4584,38.7
5878,38.55
1213,7.7
5276,18.3
1423,35.45
1441,8.8
3095,35.15
6242,34.0
3593,10.75
00707R,31.62
9960,30.7
8444,4.95
6662,28.5
4183,14.2
00870B,27.45
2035,26.2
5016,24.8
1813,11.45
00643K,3.83
3115,8.76
00636K,8.74
3523,15.0
4609,4.25
0054,28.25
0058,43.71
0059,42.85
00625K,8.77
00649,19.12
00658L,37.0
00659R,11.21
00667,20.79
00672L,0.75
00677U,1.48
00684R,15.19
00691R,10.46
00704L,18.84
00705R,19.03
00716R,13.96
00718B,19.05
00721B,48.06
00729R,20.56
00732,40.74
00742,22.2
00743,24.2
00744B,42.35
00745B,42.04
00747B,51.85
00748B,42.52
00765B,38.72
00766L,11.92
00767,17.4
00769B,60.3
00774B,40.85
00774C,9.12
00776,20.78
00784B,39.32
00790B,53.2
00794B,39.82
00796B,41.84
00797B,41.36
00798B,42.65
008201,101.2
00831B,41.42
00832B,42.92
00833B,43.87
00835B,45.16
00837B,37.64
00838B,40.38
00839B,41.85
00843B,40.37
00854B,41.86
00855B,38.6
00866,21.84
00868B,36.17
00869B,36.69
00872B,37.13
00873B,37.28
00874B,38.04
00883B,30.98
00906,11.95
00925,16.1
020001,28.77
020002,11.12
020003,15.89
020004,33.28
020005,19.35
020006,32.05
020007,41.23
020008,13.31
020009,26.67
020010,13.56
020011,16.4
020012,23.0
020013,14.84
020014,6.3
020015,18.69
020016,28.32
020018,24.94
020019,21.59
02001B,8.75
020021,4.42
020022,7.62
020023,7.2
020024,5.94
020026,6.37
020027,10.65
02002L,7.38
02003L,4.34
1258,26.85
1262,34.9
1312A,23.0
1333,1.44
1507,64.8
1522A,51.0
1538,8.96
1563,66.0
1566,19.65
1589,5.54
1592,2.57
1701,21.15
1724,15.6
1787,26.15
1902,20.65
2358,4.56
2443,3.57
2448,41.4
2456,94.6
2499,4.12
2724,10.4
2809,56.6
2823,30.55
2841,2.68
2867,9.7
2888,11.8
2888A,36.5
2888B,36.8
2928,31.85
2936,40.35
2949,61.1
3036A,52.0
3064,18.95
3067,17.15
3089,81.0
3144,38.2
3202,3.96
3383,1.7
3426,47.8
3452,1.47
3454,99.4
3536,2.92
3562,14.8
3632,7.35
3642,3.87
3682,7.47
3698,22.25
4130,26.7
4141,26.1
4144,26.9
4152,99.6
4154,12.5
4180,70.9
4406,9.9
4429,40.8
4550,24.0
4712,2.85
4725,17.9
4803,3.6
4804,3.27
4944,11.6
4945,76.1
4947,228.5
4987,81.6
5102,24.65
5205,20.6
5259,7.86
5264,87.1
5281,15.8
5304,3.32
5305,42.3
5310,24.25
5349,25.4
5371,83.5
5383,41.5
5520,82.8
5703,13.85
5820,11.7
5906,38.0
6129,13.1
6131,5.18
6172,20.1
6228,17.3
6236,19.05
6238,179.5
6247,15.45
6251,20.3
6287,8.89
6288,20.95
6289,1.35
6404,4.64
6452,56.6
6457,62.1
6461,16.65
6496,24.45
6497,5.66
6514,50.8
6594,31.3
6615,34.1
6747,199.0
6762,165.0
6767,25.5
6806,3.51
6904,124.5
6949,1490.0
6950,23.9
6997,68.0
7782,26.55
8077,43.8
8287,0.73
8342,88.0
8349A,45.55
8406,278.5
8416,169.0
8418,8.95
8420,40.6
8427,74.9
8480,84.6
8497,65.5
8913,13.3
8923,18.75
8929,13.1
8934,36.1
910482,0.25
911616,0.48
911619,0.11
911622,3.6
912398,5.15
9157,0.86
9188,3.47
```

