# 收盤價 MD
# T:2026-08-24 07:32

## [CLOSE]
```csv
代號,收盤價
2330,2410.0
2408,528.0
3037,1085.0
2454,3790.0
2344,181.0
6213,513.0
8039,282.0
3008,5610.0
3443,5600.0
3081,2920.0
3189,811.0
1815,112.0
8358,436.0
8046,1135.0
2609,64.0
2383,5680.0
4958,441.0
2327,554.0
4979,577.0
2615,124.5
1303,192.0
3260,422.5
2603,251.5
3026,639.0
3105,373.0
2059,13385.0
6770,68.4
6274,1495.0
3665,2275.0
3450,551.0
3711,587.0
3042,190.0
2308,1750.0
6488,941.0
2303,116.5
2301,261.0
2368,965.0
3017,2865.0
8299,2075.0
3653,5395.0
2492,266.0
2317,245.5
3481,46.05
2455,406.0
2451,312.5
6187,1195.0
2345,2035.0
3441,107.0
2313,213.5
3167,725.0
2881,134.0
3231,175.5
3661,3700.0
5289,1560.0
5483,176.0
6669,6255.0
6173,212.0
6223,5465.0
3374,306.5
4991,481.0
2634,69.3
2486,243.5
3044,459.0
6182,106.0
0050,104.65
00631L,34.84
00981A,28.72
2337,122.5
6531,883.0
2891,65.0
2360,2100.0
6442,1525.0
6278,187.0
4971,588.0
2382,321.5
3293,732.0
2395,649.0
5351,123.0
2449,232.0
3006,256.5
5274,15350.0
2426,82.2
6147,156.5
2882,100.5
3532,342.5
2484,76.5
00991A,17.52
6446,1400.0
3163,783.0
2481,133.0
4967,276.0
2887,37.25
00919,30.8
8996,1090.0
7769,6405.0
6830,462.0
3491,1280.0
6451,418.0
6672,267.5
2637,102.0
00685L,11.37
2049,349.0
3211,350.5
3362,194.5
00406A,9.43
3533,1595.0
3529,2155.0
5425,88.2
4939,66.5
8271,232.5
2324,38.95
3090,165.0
2883,31.55
6505,75.8
2359,150.0
3045,115.0
2357,921.0
6805,1765.0
00632R,10.15
2885,64.0
6239,267.5
1802,57.6
2605,37.8
6515,6400.0
2409,25.6
6472,455.0
3406,652.0
2379,714.0
8021,397.0
2886,46.95
6919,113.5
3702,111.0
2489,35.65
7750,2215.0
1590,1435.0
1402,30.35
2912,223.5
1301,59.4
1216,77.5
8111,65.0
1326,60.1
3363,600.0
2606,72.6
2618,42.6
2376,339.5
2851,47.1
2892,33.65
5871,115.5
3324,969.0
5608,18.75
6426,241.0
7610,1685.0
2464,179.0
00403A,9.92
8210,944.0
4977,150.5
6683,1070.0
1101,24.85
8150,86.7
6715,448.0
6415,445.5
2478,123.5
8112,93.5
2404,1060.0
6257,198.5
00881,48.59
2356,65.7
2884,38.0
6538,196.5
8069,160.5
6510,2650.0
1519,723.0
3034,530.0
7711,461.5
2412,136.5
3624,87.8
2377,141.5
009816,15.25
4938,88.6
2880,39.6
0056,52.4
3036,206.0
5536,880.0
00405A,8.34
8103,94.0
7734,2855.0
5284,334.5
6139,762.0
5347,151.5
4931,280.0
5439,239.5
2002,19.45
00687B,27.19
5904,74.5
1102,34.95
2610,20.4
2542,48.8
2428,253.5
6691,593.0
4973,159.0
6831,574.0
6196,490.5
1504,72.1
3605,108.5
3234,151.0
3264,203.0
00878,32.38
00400A,14.46
0052,60.85
3135,170.5
6214,179.5
6285,235.5
1727,90.2
1709,33.3
1560,679.0
9921,107.5
6207,103.5
6588,107.5
1708,51.4
1605,37.3
1717,71.6
3131,2310.0
2027,50.3
2467,560.0
2351,183.0
2834,16.55
00708L,86.75
2890,39.6
4904,102.5
00663L,99.5
8086,110.5
3673,63.3
8261,177.5
3706,90.0
00715L,53.15
6727,443.0
6456,68.0
6265,59.5
00673R,12.03
00982A,21.39
4764,219.0
00929,28.33
3714,57.3
6409,995.0
00738U,55.0
6271,192.5
1314,8.23
3583,704.0
00937B,14.3
8932,106.0
00992A,17.51
8043,139.0
00679B,25.84
9904,25.0
3680,471.0
2466,104.0
6414,395.0
6664,364.5
7751,1730.0
6640,1045.0
6547,55.7
3221,48.85
5880,25.05
00918,33.87
3016,98.4
2474,203.5
1795,196.5
5386,236.0
00988A,16.39
6781,1050.0
4768,337.0
2801,24.1
1513,166.0
5434,513.0
5269,1415.0
3617,259.5
00675L,301.5
4576,202.5
8028,242.5
3498,192.0
3376,183.0
6907,191.5
4919,114.0
3413,284.5
3265,167.5
2465,85.9
2458,140.5
7822,918.0
4763,49.65
2493,176.5
6949,1155.0
1477,203.0
1785,101.0
6224,75.4
00407A,9.41
5876,44.15
5328,61.4
2374,68.5
3149,65.0
1808,37.0
2641,18.95
2375,122.5
2332,20.2
2316,158.5
8042,99.6
00984D,10.04
2645,177.0
4966,566.0
2472,218.0
2353,30.7
9945,29.4
00637L,20.25
00735,103.4
00713,61.55
5475,174.5
2441,112.5
00830,83.85
6290,211.5
00953B,9.68
2399,45.7
7788,248.5
2915,61.1
6141,45.4
1503,202.0
6526,572.0
00891,33.65
3035,169.5
3005,117.0
6282,44.25
6209,69.5
6206,138.5
2476,116.5
6121,388.0
1714,17.0
2103,28.4
9939,134.0
5498,50.4
7795,565.0
00635U,46.96
1476,318.0
00662,119.9
3019,135.5
8096,105.5
2312,31.05
2636,73.3
006208,239.3
3388,91.3
3455,235.5
2354,60.2
3152,256.5
6789,424.0
6217,150.0
1409,24.5
6834,89.7
9914,87.8
3715,107.0
5340,78.6
6584,588.0
3490,53.9
5388,77.6
1711,40.1
1515,33.55
8155,316.5
4989,61.9
3485,235.5
3693,515.0
3229,61.8
6617,107.5
2233,177.0
5371,83.5
8926,57.3
2845,13.65
6291,388.5
3504,79.7
3022,90.2
6116,13.8
6197,290.5
009826,10.13
00646,76.75
5009,35.2
4743,50.0
2371,27.6
00757,137.3
8110,45.2
4772,256.0
2439,82.5
6525,138.0
3357,210.5
7714,179.0
3227,195.0
8027,168.5
8016,296.0
6226,21.2
00990A,15.38
00935,55.85
7777,40.9
8033,185.5
2812,18.85
6174,45.15
00940,12.48
2548,97.5
8422,26.85
3033,45.45
2385,106.0
2498,40.95
6125,54.7
4916,98.7
4541,68.8
2347,87.5
1597,133.0
6177,47.5
00980A,23.89
4749,761.0
6108,25.95
6138,282.5
8070,48.8
4956,33.45
3030,285.0
2612,60.2
5534,80.4
6944,708.0
7792,295.0
1722,46.55
00927,35.45
1718,10.7
00633L,49.01
00865B,48.91
00947,36.27
7805,678.0
2105,31.55
2617,31.8
7799,358.5
00961,13.14
3675,260.0
9958,102.0
1723,88.3
2201,29.3
3576,17.3
2630,51.3
8436,125.5
8064,97.7
00892,39.04
2421,142.5
4908,153.0
4566,67.0
8182,40.45
6191,82.0
00981B,9.18
1316,11.2
1710,15.85
6753,141.5
00859B,41.17
2388,73.9
8454,250.5
2723,73.2
00670L,197.7
2611,17.2
6761,187.0
00923,38.66
1319,82.8
8081,257.0
3707,61.3
2340,31.2
4722,206.0
00724B,32.87
6005,30.65
1229,42.4
3596,161.0
2436,62.9
3023,318.5
6416,101.0
6166,118.5
8464,371.5
3055,108.5
2393,64.7
1215,112.0
6693,163.5
6533,250.0
3049,11.55
3563,677.0
2392,41.6
1904,25.7
5607,55.9
8227,156.0
4976,38.0
1810,25.55
00909,46.27
6719,193.5
1514,102.5
2520,36.8
4542,252.5
2855,47.1
4906,34.6
3147,217.0
2889,15.75
5292,218.0
3704,41.65
2367,42.1
6829,210.0
6706,116.5
7828,1610.0
2613,24.9
4766,352.5
1563,63.5
00900,18.69
9105,8.42
9941,85.4
2207,518.0
4585,295.5
00764B,27.06
2601,7.39
2363,50.7
2707,183.0
6716,133.0
7744,494.0
2006,81.6
2204,55.1
2061,50.1
00642U,28.75
6269,62.4
5321,72.9
3543,44.0
2352,28.8
5469,70.7
00939,22.54
6861,187.0
5471,56.5
3540,23.8
6491,372.0
6922,202.5
00877,38.11
2369,30.75
2646,21.3
2030,22.3
00722B,34.23
2108,31.4
00751B,30.39
00712,8.89
2365,30.6
2425,37.55
00720B,31.84
3236,44.0
3209,51.4
2302,42.45
1210,53.1
8383,65.3
5392,46.05
2633,26.15
00985B,10.25
4147,63.1
6449,214.0
6739,967.0
00922,40.26
4739,84.0
4707,32.9
3014,130.0
6190,66.2
6492,34.8
1608,35.85
6903,307.0
1907,31.2
00933B,15.65
3305,108.0
6757,55.8
009805,15.53
6104,95.3
2211,84.4
2727,237.5
3587,244.0
6215,97.3
3176,37.2
00888,32.18
6199,93.9
4540,57.8
2903,22.8
2731,146.5
7768,310.0
00664R,1.65
2402,54.8
6277,81.1
4551,157.5
2816,37.9
6548,69.1
2328,44.9
1736,131.5
9925,39.7
4169,163.0
4736,142.5
00887,16.52
5864,34.3
5263,90.6
1536,49.25
4915,60.6
6651,143.5
9933,42.15
2072,155.0
3230,43.25
2515,12.0
7827,161.0
4927,33.05
4303,51.2
1773,159.5
00999A,11.12
8131,62.4
3716,36.7
1712,39.55
5515,55.7
4746,53.9
3048,56.0
9910,70.4
6435,251.0
2305,26.0
4952,51.0
6477,37.0
6890,159.0
00731,91.7
2539,36.1
2485,40.9
9917,111.0
1434,18.1
4760,255.0
6530,82.1
8114,198.5
3217,137.0
009821,15.09
6127,48.7
2031,46.35
00725B,33.94
00665L,9.69
7749,347.5
3479,127.5
3430,116.5
00960,21.33
00772B,32.47
2491,39.0
1309,13.4
4123,32.95
6962,31.2
3088,124.0
2323,10.85
6023,82.8
00997A,11.24
00850,88.6
00955,15.36
2406,28.45
7717,396.0
6202,56.1
6579,148.0
2607,52.4
6937,260.0
2206,64.3
4583,471.0
00680L,6.41
6168,25.35
4912,91.1
6279,128.0
6933,185.5
00795B,25.93
1609,37.05
3289,134.5
5314,26.0
00643,18.63
2442,19.9
2614,18.8
4105,78.4
4167,20.95
5443,105.0
2342,38.65
00753L,9.79
3031,23.75
2850,168.5
00993A,13.1
8109,128.5
1304,12.2
6155,56.7
3416,177.0
6643,416.0
2753,188.0
00998A,17.73
2329,43.15
00994A,16.77
6179,27.2
3029,111.0
1312,12.0
6146,191.5
3013,82.9
6469,70.6
1308,14.15
1909,11.2
2546,114.5
6913,139.0
3645,65.0
2504,31.3
2101,33.25
3515,218.5
6024,63.0
1707,90.1
6419,163.0
00410A,11.17
00995A,16.67
8050,56.9
2501,23.15
3213,128.0
8234,66.6
4114,30.55
6443,25.95
2009,39.8
4128,15.6
5234,302.5
3059,39.2
9938,42.55
00913,45.65
2014,17.5
1313,11.95
2838,20.35
6438,144.0
3526,282.5
6712,151.5
6188,68.0
2355,41.7
00752,23.62
5243,87.3
6592,61.5
5285,75.5
8255,143.5
1232,158.0
8091,219.5
3078,54.5
8289,46.45
00676R,5.62
4510,43.8
3592,223.5
00401A,13.34
3010,127.0
6243,42.05
6589,51.2
2104,10.65
00984A,15.15
2364,80.8
2362,47.35
2852,29.2
4142,18.15
3689,106.5
6284,76.0
8390,99.0
2348,72.4
1305,12.25
00964,14.74
3703,19.85
6605,141.5
5521,10.95
6901,17.3
6462,100.0
6175,74.1
8936,51.1
00882,15.06
6667,219.5
2401,25.5
8374,80.8
6670,268.5
6517,65.7
1440,14.0
6016,19.6
6245,81.4
6509,46.1
6679,198.0
4960,20.9
00931B,13.06
6244,24.55
2236,122.0
00934,28.55
00965,25.67
3028,67.1
6499,63.5
4536,172.0
00985A,22.34
009802,18.7
6532,85.9
3708,103.5
5309,52.4
5609,79.4
3339,38.15
6613,252.5
7855,43.55
4961,166.0
00981T,11.75
00719B,31.23
00910,59.6
3535,86.8
7810,212.0
2540,47.55
00864B,46.13
2106,17.65
00693U,22.4
2420,57.5
2208,19.3
3581,103.5
3709,67.8
4416,13.75
8473,46.35
00740B,37.29
3312,51.3
2905,17.65
7402,106.5
2221,57.6
2417,43.6
00987A,15.74
00950B,13.68
1623,201.0
00853B,26.76
6840,83.2
5464,68.7
2241,35.1
00996A,13.56
009819,9.96
3402,120.0
00896,27.01
00897,13.17
8054,79.7
00692,89.75
6658,161.0
4770,212.0
8284,67.5
00402A,9.59
2331,19.8
9802,71.5
9907,15.3
3317,65.5
6153,16.7
2897,10.25
1310,8.21
5490,29.35
3545,50.1
6914,147.5
3556,63.3
4949,69.8
6782,202.0
5474,153.5
6788,350.5
00924,32.93
2535,91.6
00650L,17.73
1809,38.35
00915,31.41
3577,113.0
4560,33.0
4571,158.0
2070,68.8
1218,14.7
1737,32.5
00951,17.15
00988B,19.63
2107,26.75
2338,38.25
4590,87.4
2010,22.95
3483,70.6
5522,64.2
00655L,34.14
8088,45.85
00907,17.5
3056,14.4
6869,67.1
3032,80.0
00404A,9.43
6412,78.0
6603,27.0
3701,40.75
00981D,10.35
3004,121.0
009820,9.78
1227,29.4
6741,54.5
8222,39.5
4561,44.6
6231,214.5
1307,31.15
6204,87.6
00894,45.41
2527,44.4
2495,37.15
6432,66.1
3508,23.2
7780,17.1
2231,93.3
2483,36.1
6945,101.5
1455,10.1
3691,100.0
00954,18.25
6768,65.2
3003,64.9
00694B,41.98
009823,10.43
4968,90.8
3356,63.2
5432,151.0
6218,37.85
6143,90.0
6227,118.5
3717,22.25
00701,37.34
00938,24.88
00911,53.15
00678,44.08
8040,69.6
1905,13.65
009824,9.99
3550,23.05
00697B,35.46
3594,50.7
3537,54.6
6803,271.5
00945B,14.47
2397,62.8
6596,95.4
1558,100.0
2597,169.5
00875,53.7
00657,77.65
00936,21.49
3130,213.5
3551,174.0
2739,38.05
00941,25.85
6785,100.0
3218,137.0
00983A,12.32
3380,27.55
2537,11.7
1104,26.85
00989B,10.07
3444,79.8
4162,60.0
6550,12.25
006205,40.5
2887I,9.52
3694,50.9
3141,70.5
1231,82.4
1612,34.65
6983,292.0
00968B,8.98
2457,23.0
6261,77.0
5291,57.2
00991B,14.83
4721,73.2
3162,61.4
0055,44.17
2543,38.95
2745,89.7
00858,35.74
6186,32.9
1537,120.5
6208,81.5
5222,107.0
2545,34.7
3094,35.75
3712,20.65
6620,75.0
00639,16.94
2034,20.45
7712,141.5
00688L,6.4
3484,49.9
6115,44.35
4556,74.2
00746B,34.48
6535,80.9
4526,29.75
5299,98.5
00885,17.79
2913,11.3
4771,199.0
8071,24.05
6725,229.0
6863,113.5
6895,134.0
3219,71.6
1447,7.18
6585,116.5
6021,38.45
00905,25.81
00733,64.7
2820,16.4
7722,285.0
6235,38.2
00904,39.39
6160,16.0
6015,15.9
4953,122.5
00928,31.7
4577,75.8
00948B,9.13
2480,160.0
6150,60.8
6854,91.3
6811,226.0
8074,54.3
6163,42.15
8084,49.1
4534,29.8
2832,61.5
5508,53.8
5225,59.6
3228,141.0
1444,7.52
6796,65.3
7740,139.5
6957,216.0
1569,44.85
6411,78.1
2413,43.8
3093,45.9
4442,51.0
4137,90.3
4532,24.1
2536,20.85
6996,179.5
6668,36.4
8121,27.5
3303,53.7
1720,57.2
009803,21.02
2530,19.9
00696B,28.13
6862,137.0
00636,28.01
6263,163.0
2023,13.95
00958B,9.08
00408A,10.23
6259,29.65
1583,51.7
4903,34.7
6947,70.3
4923,51.6
5530,50.5
1582,74.0
5511,72.9
00989A,16.78
6969,35.25
3046,58.1
3558,128.5
3060,27.55
6994,35.5
1419,66.9
2608,28.8
9911,83.0
8478,143.0
6732,151.5
1789,19.45
7786,122.0
5603,15.4
4306,15.3
4755,116.0
5706,45.6
3625,11.1
00985D,9.81
009811,13.19
6873,69.0
8431,46.6
00990B,9.99
6120,12.55
4582,23.7
1903,49.05
8442,46.85
3290,50.5
8942,42.25
6695,47.45
2836,12.1
5410,36.25
00984B,15.82
5258,47.6
00917,23.95
2349,11.0
00690,75.05
3024,13.85
00674R,27.0
1618,39.1
009822,9.67
3622,49.8
00946,15.19
5426,27.35
00768B,48.07
5236,135.5
8163,31.0
4164,26.7
3025,56.1
6185,12.8
00898,10.94
6425,57.6
3705,55.7
3685,36.7
3611,188.0
4533,25.55
00763U,34.75
2029,22.2
2468,35.05
3588,52.0
2069,20.35
2405,15.45
8097,49.4
3437,17.6
9934,11.45
8415,38.2
7842,103.0
2414,52.3
6894,326.0
6541,36.95
6574,118.5
9942,114.0
3528,83.6
9940,21.05
8215,23.95
6152,14.1
3580,78.2
2434,48.65
1442,30.55
4714,10.75
3631,39.7
1528,18.6
1414,20.5
3287,37.75
1532,23.1
6165,48.1
1259,65.0
00987B,15.97
00857B,22.57
00963,13.14
2115,24.25
009815,11.38
4129,88.1
2461,18.15
2228,75.4
6026,14.8
6598,28.55
8083,159.5
6570,52.6
1436,38.75
7631,147.5
2025,12.9
3062,20.55
1522,28.05
00966B,13.48
2547,10.25
1524,27.45
3591,20.7
6205,60.7
8044,25.4
8938,52.2
4163,142.0
3338,61.0
6405,39.0
3663,61.3
3669,38.2
00779B,27.37
3015,53.1
2423,75.6
4127,88.5
1466,16.2
00970B,9.03
6225,64.7
5484,40.0
4555,46.4
3066,23.7
00727B,39.38
6642,78.9
00959B,9.14
6192,116.5
8341,76.6
1342,103.0
5481,20.5
3138,93.5
5306,95.7
8213,32.95
00849B,37.46
00709,41.08
2237,27.45
4974,69.6
2883B,8.19
2497,45.6
6234,34.95
5209,162.5
5512,7.85
4909,38.1
6101,39.1
4564,16.85
6546,62.9
00695B,34.91
2906,13.95
2020,21.8
6129,13.7
00926,26.18
00942B,13.74
00647L,138.1
6666,44.3
3630,25.5
009812,12.74
009814,11.35
1217,10.05
2015,64.8
3609,21.9
006207,32.6
3546,71.9
009825,10.08
1762,36.3
3548,75.1
2258,32.0
7689,172.0
6126,29.3
6902,126.5
9935,20.25
6742,44.5
3489,22.2
00962,14.8
00848B,33.54
3169,101.5
2033,22.0
6156,21.15
1721,19.65
6292,61.6
5452,27.05
8404,16.5
6189,48.1
4174,26.9
1325,26.65
6180,41.5
4951,76.6
2704,46.5
5287,155.0
9946,19.2
00862B,30.65
2748,38.9
8462,175.5
6799,79.1
3615,36.5
00884B,28.67
6951,71.8
6924,117.0
3687,63.0
2032,17.3
00949,21.56
5244,34.05
8162,59.1
6576,80.0
7556,249.5
00863B,30.8
00847B,24.68
00952,17.57
1416,12.0
9924,38.45
00846B,35.32
1264,255.0
6117,61.1
00980D,20.15
2743,58.7
6841,53.0
3051,22.6
8249,40.2
00876,86.55
5228,41.2
009817,9.05
4104,71.7
8076,23.25
2248,66.9
5213,21.45
5381,24.45
2887E,48.7
4111,30.15
1256,179.5
5288,191.0
2066,54.3
2453,52.1
3178,61.2
6275,43.8
2387,36.4
8147,122.0
1786,50.4
8104,30.7
9955,24.9
2390,10.35
3518,27.85
1604,23.3
6918,74.4
6112,44.4
5227,31.1
7728,571.0
00791B,57.05
1586,18.1
1734,32.5
00756B,30.45
2429,31.95
5457,27.25
3555,163.0
6756,98.4
2528,20.55
009800,12.98
3520,18.6
3041,22.4
00648R,3.94
1595,62.8
6170,47.5
2908,21.95
4439,98.5
00760B,52.5
4108,11.35
8093,24.85
4119,52.3
00759B,52.7
0053,238.95
2419,24.65
00781B,27.15
00852L,34.96
4720,18.0
00789B,46.08
00783,28.3
6133,22.2
6464,79.0
4157,9.05
2038,12.75
2722,22.45
00944,20.63
00706L,19.01
00758B,50.0
6909,40.0
6498,76.3
4441,182.0
8438,66.3
00986D,14.44
00932,17.54
2505,17.5
00782B,29.4
9930,64.1
3346,20.5
00916,26.67
00728,66.45
7730,167.0
2736,11.9
00749B,30.82
1733,32.25
8099,58.9
1529,17.2
2459,67.1
8927,20.4
6184,41.6
2013,41.8
00700,17.64
00761B,33.03
6485,60.1
1568,29.1
4934,14.4
1465,12.15
2488,48.85
00671R,2.44
6270,29.85
00799B,28.5
2882B,58.8
7713,73.0
2838A,51.9
1234,33.4
1110,16.1
00860B,38.08
00723B,29.32
1591,36.3
1584,18.2
4562,31.15
1731,21.2
2243,40.1
4907,47.7
1580,107.0
00726B,32.39
3114,32.75
4503,24.0
6953,228.0
00770,67.15
4735,39.4
2923,25.25
5206,22.35
1517,11.6
8112A,45.0
6561,324.5
9103,5.25
4905,89.6
3207,41.45
2729,161.0
2415,30.3
00893,42.66
2511,8.36
00780B,36.62
5525,22.55
009804,21.93
009813,11.21
009801,11.17
4716,16.95
3054,53.2
2471,48.9
3628,67.1
2427,22.3
2247,226.5
3679,110.0
6573,17.1
2881A,61.9
1336,16.9
6821,42.1
00669R,5.23
6164,12.0
6625,76.3
00902,13.39
6728,110.0
00641R,3.71
00741B,37.32
7703,178.0
6568,126.0
6494,54.8
4433,19.25
6122,47.9
6794,71.8
1702,33.05
00969B,7.96
00640L,106.6
3360,15.7
009808,29.85
3390,21.65
3349,24.2
00661,85.55
00792B,30.75
6881,220.0
6674,16.3
5488,12.4
00686R,1.01
3011,10.8
4133,20.75
5531,7.56
00845B,32.64
6142,8.99
1611,12.3
3188,24.15
5312,91.7
3438,56.7
1533,31.7
2881C,51.5
8446,85.2
5519,27.95
00754B,31.32
9908,29.2
8937,26.55
8183,29.2
5203,59.1
5283,57.9
4933,54.2
00967B,8.93
00778B,33.27
00982D,9.73
6461,15.6
3257,49.85
00736,31.53
4513,16.65
3684,53.5
2516,14.35
7715,31.85
8279,85.0
00983D,9.93
00834B,33.26
5468,27.95
1201,12.45
6967,73.7
4706,34.0
5538,37.3
00755B,31.55
6198,19.4
00930,23.75
3652,34.1
8916,40.4
2640,155.5
2534,17.35
2460,28.8
00777B,31.22
00890B,31.12
3372,15.1
6220,26.0
00750B,31.72
4946,94.0
6203,60.2
3052,11.15
1760,59.0
5478,99.0
6931,41.9
7772,87.1
6609,39.1
1449,12.3
6689,61.1
6928,47.55
1219,11.25
6763,42.1
5493,78.5
8085,12.35
6136,25.15
00710B,19.11
6237,33.75
6612,73.2
6657,30.6
6877,115.0
7760,33.2
6859,110.5
3047,13.85
1526,16.8
6591,42.85
6272,23.6
9905,21.5
2440,14.05
4994,83.2
6161,50.2
6870,264.5
2017,9.19
8038,30.8
00702,25.21
00840B,28.72
3294,30.5
1603,30.8
00773B,34.9
5704,23.3
3323,29.9
3171,63.0
1321,32.3
6771,43.0
8433,55.9
5487,29.7
6790,38.35
00841B,27.38
6698,31.4
6486,73.8
1780,25.1
1522A,51.0
4569,159.0
00645,57.45
2887Z1,19.15
7736,70.9
1103,13.3
7767,44.55
6823,62.8
00652,33.27
6690,164.0
4107,114.0
2022,7.77
6569,93.5
6130,27.45
6504,38.3
00634R,3.1
8045,51.9
8011,16.0
3321,18.15
4430,18.2
3050,11.6
7821,39.4
6151,36.0
1446,13.7
6283,20.35
2643,63.0
3501,40.0
009806,13.57
6233,20.9
00775B,30.9
1339,45.5
00901,44.61
020025,38.37
1817,40.05
4188,11.0
3092,24.0
00844B,30.43
5302,10.25
3530,55.6
8403,19.7
7818,62.5
9943,51.6
2538,9.13
0051,142.0
8240,42.2
6534,92.3
1725,31.15
6140,17.35
1437,32.35
4572,140.5
5529,21.45
3552,45.7
1777,74.1
2230,23.0
6230,107.5
4155,14.75
009807,16.72
2755,102.5
1587,24.3
1615,44.45
6028,98.1
6582,32.7
00714,22.18
2849,14.5
4549,102.0
1268,180.0
4737,57.0
6735,62.3
00739,28.02
00903,21.19
006206,37.5
5014,10.25
8049,24.45
00687C,9.08
9951,53.9
7721,61.1
4161,23.0
3058,8.26
3040,38.5
1108,11.8
8924,50.6
2450,28.25
6248,18.35
6148,27.5
5278,24.4
1713,44.7
8476,20.05
1565,95.0
7823,84.0
6606,25.65
6431,20.3
6637,62.0
6558,24.65
1535,46.0
2596,33.75
2762,83.0
1471,9.67
1616,19.4
6183,93.6
9927,69.3
2062,19.15
3071,24.65
1732,26.3
1460,6.74
2250,60.7
3311,31.95
5324,12.3
4807,30.85
4506,123.0
9136,11.25
6474,38.95
5903,186.0
4741,40.9
4304,25.7
3038,20.6
00651R,5.09
8367,40.85
6109,10.75
1337,4.68
2012,15.0
4417,46.85
1617,17.55
2754,70.2
1295,45.55
1467,8.65
00983B,15.18
00653L,47.24
00912,33.95
1598,20.3
6923,77.1
4543,32.65
2705,16.05
6418,33.15
2524,35.4
6684,46.4
4935,34.45
4580,78.7
6523,89.8
5011,17.7
6221,22.85
1506,10.3
6417,109.5
6577,80.7
00842B,29.4
1459,14.7
8059,13.5
9919,14.0
00668,61.5
6266,25.15
7820,121.5
4554,32.5
6776,53.5
7738,165.0
3322,11.2
5315,19.3
9906,39.4
4744,28.2
1531,13.05
6592B,94.7
3570,163.0
00793B,29.85
1315,66.3
5905,8.01
3205,48.2
3492,20.25
1784,61.4
4557,52.3
1742,17.8
00785B,34.06
2430,17.7
1452,11.55
6128,20.5
1799,30.2
1417,8.31
1464,10.3
6986,43.0
4126,77.8
6752,100.5
8068,17.05
6506,17.75
2509,14.8
2724,10.7
5215,40.45
1735,20.45
2506,8.61
2718,49.75
3564,45.7
6113,22.8
6703,103.5
6649,35.2
9912,12.9
1730,51.2
0061,24.41
1445,10.55
00787B,31.77
2227,49.05
2314,10.85
3379,28.85
6743,25.2
5701,4.12
4168,22.6
1806,8.06
00711B,15.65
6961,51.4
00895,49.68
2477,20.85
6423,79.1
5398,14.1
8349,39.4
4711,16.7
2706,12.55
7765,224.0
7704,62.6
2887H,42.05
1220,10.95
3021,20.15
00861,86.05
1540,19.1
006201,42.6
3043,21.0
6134,27.8
00972,21.8
3086,26.7
8048,52.0
2114,88.6
00956,13.32
8935,17.9
4552,17.75
00886,46.58
1235,37.7
00921,24.05
3018,13.95
5210,28.6
4438,60.7
2431,10.3
1410,25.3
6167,10.65
3306,44.75
2462,19.6
3527,50.9
5533,14.0
4414,8.48
6804,18.4
8072,26.35
2109,14.85
4563,39.55
4545,32.15
6465,46.0
1236,25.55
8421,13.7
3226,52.6
8440,20.25
00986A,14.35
00737,40.81
3646,23.95
6733,25.75
4109,11.25
3434,31.1
4116,39.3
4942,33.4
6982,47.65
2616,13.55
1439,29.65
4207,20.8
5489,42.25
2482,16.15
3027,18.1
0057,312.0
2642,20.75
4726,24.8
7835,20.65
00762,112.6
00980B,9.16
6792,58.8
2028,15.9
2102,18.9
5202,11.9
8102,70.2
1233,28.35
6216,22.35
2719,20.75
1527,32.8
3128,22.25
1456,13.95
7723,19.2
9902,13.85
1338,14.7
4178,17.55
3354,20.3
6111,36.15
3325,11.3
4527,41.05
3276,14.35
1457,14.5
8410,32.7
1783,40.4
9928,18.45
6527,75.0
3607,14.05
4995,48.85
4139,36.0
2438,17.9
5403,92.3
6516,57.9
5871A,100.0
6229,23.4
3252,16.3
3284,20.75
1109,13.55
1796,29.7
6885,20.7
2887F,45.8
00771,15.44
6592A,95.4
3623,21.7
3313,10.3
6171,23.55
6281,51.8
6123,43.1
6843,39.1
5272,16.9
4911,28.9
6158,16.55
2756,62.0
7709,70.8
4160,39.5
4588,51.8
2065,36.1
6968,44.0
1225,24.75
6958A,20.1
4440,17.5
3710,5.25
5007,56.4
2734,14.95
8034,18.35
4550,24.45
2911,6.72
2701,10.7
6597,72.4
6578,18.45
2836A,24.0
4195,14.25
3259,9.81
1451,17.35
5516,12.05
3168,41.6
7791,57.0
1788,130.0
2373,53.4
5450,15.25
6552,24.85
6482,28.75
6887,37.1
2496,55.1
5907,4.96
4999,18.95
6581,108.5
5465,24.1
2380,19.6
1432,15.05
3557,24.5
6899,50.0
910322,27.35
2007,7.1
1468,13.25
7708,92.3
3666,25.15
6614,35.95
8032,35.8
6936,32.9
3419,12.2
8101,13.15
2947,62.3
8354,17.4
8499,265.0
5230,17.65
6934,72.0
6874,79.0
6838,23.2
00788B,29.1
3686,14.55
5353,28.0
1473,19.95
00957B,12.95
8489,22.85
6875,32.2
4166,24.05
3122,25.5
6219,12.3
006203,190.3
4729,19.0
00656R,5.83
2887G,44.1
00920,24.08
8176,9.95
3511,19.5
8171,19.45
6114,25.4
4106,24.5
8291,34.95
2881B,60.9
6560,31.6
2444,11.0
2882A,60.5
5013,27.7
6844,60.0
3057,17.1
8089,17.95
2752,179.0
3002,17.0
8487,70.9
6118,15.4
8435,53.9
5356,25.9
6708,38.85
8917,53.5
5438,16.85
9926,49.3
7747,114.5
2514,12.05
7803,19.6
8930,29.8
8463,21.4
6593,32.35
5276,19.95
006204,225.0
1438,22.45
4171,17.25
6144,13.7
6908,30.35
7718,47.35
3285,36.8
009809,17.42
3288,21.35
9937,55.1
3272,14.0
2063,24.35
8277,8.1
2732,64.5
912000,2.6
8080,27.75
1593,31.9
1474,10.1
6624,42.3
009818,19.73
3447,27.45
6508,26.2
4502,15.7
6201,44.8
3268,17.85
6971,26.0
7757,89.1
1726,77.8
5604,30.8
4754,38.3
4154,12.2
5546,14.0
3150,17.15
6955,119.5
1776,17.0
1805,10.2
1530,29.5
3465,29.4
5201,26.7
3597,26.65
3083,23.4
8941,44.6
3158,82.8
5344,13.4
8411,12.8
1539,15.9
6721,52.0
6855,114.0
6154,13.9
4175,51.5
020020,26.72
4523,24.35
1435,23.3
6720,138.5
6276,19.7
5251,25.0
2433,41.85
1752,32.0
7839,45.2
6641,17.85
4121,13.05
00943,21.22
2702,12.55
7705,30.95
2239,20.15
2726,8.45
00730,28.7
8928,23.4
3466,24.5
7814,30.2
6671,23.05
8416,168.0
3332,62.0
6654,165.0
1203,44.95
5345,22.3
6921,69.7
6722,32.45
1599,23.05
6615,34.45
3073,22.8
7547,53.1
9931,34.05
4426,7.81
7642,79.3
3567,25.0
2067,5.46
3467,46.35
8423,17.8
4138,51.1
7819,35.3
6240,20.75
8432,50.5
3499,12.6
7753,37.7
6590,64.3
6697,40.8
5364,8.58
4113,14.8
3224,34.1
1614,30.8
3191,17.9
9962,10.2
8905,35.0
5460,16.15
6470,41.95
4148,31.9
3521,12.15
2035,27.5
6441,21.6
4198,40.95
1340,5.16
8472,67.6
6835,31.1
1525,67.3
9944,17.5
1570,33.45
1512,6.58
2929,5.75
6910,24.5
6692,24.35
8467,96.9
6194,29.45
6222,20.15
6856,42.45
8107,12.3
3297,27.05
6965,75.1
5355,5.98
2910,24.45
5523,30.35
8908,40.0
00899,23.47
8429,6.06
3164,15.9
8401,23.1
6846,57.3
6988,11.8
1240,57.0
00703,19.82
2904,12.9
4120,47.9
6228,17.5
3432,15.1
7743,20.5
8940,15.3
8024,13.3
8426,21.15
911868,1.17
3308,19.75
4401,14.25
7716,24.0
1906,11.5
4702,9.62
1101B,43.3
9918,43.3
6791,101.0
6958,17.75
6952,37.6
2926,30.0
5220,19.9
4173,17.55
009810,21.31
6754,42.4
6767,24.6
6556,59.0
3266,14.0
5211,19.55
6103,29.3
00638R,6.65
6496,24.2
7811,72.5
00786B,31.87
00982T,14.99
3516,25.7
1626,9.6
5212,46.4
4205,69.3
3512,19.7
8349A,45.6
8455,24.65
00980T,11.72
4432,15.85
4924,9.59
3373,16.75
8477,15.65
00717,14.76
8450,14.7
1463,17.6
00971,17.47
5514,14.55
4192,20.0
5245,23.45
4420,36.6
9941A,51.2
6925,50.8
3494,7.1
00908,15.53
5520,82.8
2008,31.0
3522,11.6
3523,15.2
3541,22.0
2937,48.25
1541,21.8
8488,9.93
5015,21.6
4558,16.95
1453,11.3
2348A,38.1
2948,38.0
6807,38.0
6020,20.7
1294,56.0
6195,27.95
3713,14.8
6629,110.5
9950,10.35
3296,24.0
6616,8.6
1423,35.8
6884,30.5
6906,70.9
00851,70.05
4538,17.5
9949,23.3
5205,20.55
8481,41.1
2712,14.65
4972,16.6
1454,12.4
4413,19.65
4930,16.15
4767,27.55
1324,10.05
8933,4.53
7770,37.6
8047,46.75
4419,46.25
4528,15.15
2254,60.3
5310,25.65
2949,59.2
4402,14.8
1472,87.6
4950,15.9
6294,29.0
8342,86.7
1323,21.6
8077,43.05
6730,34.0
8201,11.95
4806,9.27
4153,33.3
2916,40.25
4568,39.5
3067,17.3
6212,31.1
2321,15.4
6865,25.5
1781,10.9
2897B,11.55
6246,12.45
6929,24.2
4745,11.9
7794,28.55
4406,10.05
00660,46.6
3310,69.3
1813,11.5
8906,27.45
5703,15.15
8087,27.2
8437,9.05
6264,6.03
3085,12.0
8929,13.2
1521,25.55
8466,15.8
8272,62.7
5548,20.85
6904,125.0
1418,17.75
3672,12.3
2891C,61.4
8066,14.7
6655,116.0
1441,8.9
5878,38.55
910861,3.85
00666R,8.87
4102,19.1
8092,12.7
6916,18.85
00870B,27.51
3095,36.55
2432,27.35
2751,54.3
6124,27.0
1475,26.5
2073,26.3
4530,26.1
6210,17.4
7732,34.8
1443,25.15
8482,49.35
2901,24.0
5543,24.0
4131,31.5
2024,13.4
3664,5.79
9960,30.35
4529,3.21
8067,12.75
6542,44.45
5455,29.35
4535,29.05
4943,8.55
6512,20.5
2945,40.3
3232,19.9
6872,15.7
6645,13.05
4584,38.8
1413,9.37
5016,24.65
911622,3.69
3115,9.09
1470,23.7
5902,34.7
8424,69.2
3206,34.2
8443,11.4
6997,68.2
6242,34.0
3632,7.18
00683L,21.06
6169,12.5
2891B,62.4
2740,30.6
020000,30.59
00982B,9.46
8923,18.6
8409,18.3
2235,27.05
7584,25.8
8921,17.1
00657K,24.5
4581,48.25
00654R,6.67
9929,11.3
3531,21.7
6751,40.95
8931,40.95
5547,19.9
2939,19.55
00668K,19.3
2002A,37.25
911608,2.74
6661,17.15
2424,8.1
3118,31.5
00684R,15.27
1516,15.2
6236,15.1
2941,29.8
00867B,29.37
3629,13.95
7782,25.9
5223,23.65
3593,11.35
00681R,21.81
00643K,3.92
00636K,8.82
2924,17.35
5348,16.4
00734B,15.44
2064,12.5
8444,5.28
4609,4.57
0054,28.25
0058,43.71
0059,42.85
00625K,8.77
00649,19.12
00658L,37.0
00659R,11.21
00667,20.79
00672L,0.75
00677U,1.48
00682U,20.29
00689R,22.6
00691R,10.46
00704L,18.84
00705R,19.03
00707R,32.18
00716R,13.96
00718B,19.05
00721B,48.06
00729R,20.56
00732,40.74
00742,22.2
00743,24.2
00744B,42.35
00745B,42.04
00747B,51.85
00748B,42.52
00765B,38.72
00766L,11.92
00767,17.4
00769B,60.3
00774B,40.85
00774C,9.12
00776,20.78
00784B,39.32
00790B,53.2
00794B,39.82
00796B,41.84
00797B,41.36
00798B,42.65
008201,101.2
00831B,41.42
00832B,42.92
00833B,43.87
00835B,45.16
00836B,28.07
00837B,37.64
00838B,40.38
00839B,41.85
00843B,40.37
00854B,41.86
00855B,38.6
00856B,37.88
00866,21.84
00868B,36.17
00869B,36.69
00872B,37.13
00873B,37.28
00874B,38.04
00883B,30.98
00906,11.95
00925,16.1
00986B,9.8
020001,26.35
020002,11.12
020003,15.89
020004,33.28
020005,19.35
020006,32.05
020007,41.23
020008,13.31
020009,26.67
020010,13.56
020011,16.4
020012,22.88
020013,14.84
020014,6.3
020015,18.69
020016,28.32
020018,24.94
020019,21.59
02001B,8.75
020021,4.42
020022,7.62
020023,7.2
020024,5.94
020026,6.37
020027,10.65
02002L,7.38
02003L,4.34
1213,7.25
1258,26.85
1262,34.9
1312A,20.85
1333,1.44
1341,59.6
1507,64.8
1538,9.16
1566,19.65
1589,5.54
1592,2.57
1701,21.15
1724,15.6
1787,26.15
1902,20.65
2358,4.56
2443,3.57
2448,41.4
2456,94.6
2499,4.12
2809,56.6
2823,30.55
2841,2.68
2867,9.7
2888,11.8
2888A,36.5
2888B,36.8
2928,31.85
2936,40.35
3036A,52.0
3064,19.6
3089,81.0
3144,38.2
3202,3.96
3383,1.7
3426,47.8
3452,1.47
3454,99.4
3536,2.92
3562,14.8
3642,3.87
3682,7.47
3698,22.25
4130,26.7
4141,26.1
4144,26.9
4152,99.6
4180,70.9
4183,14.0
4190,25.2
4305,43.2
4429,40.8
4712,2.85
4725,17.9
4728,395.5
4747,56.5
4803,3.6
4804,3.27
4944,11.6
4945,76.1
4947,228.5
4987,81.6
5102,24.65
5259,7.86
5264,87.1
5281,15.8
5301,5.5
5304,3.32
5305,42.3
5349,25.4
5383,41.5
5601,30.5
5820,11.7
5906,38.0
6131,5.18
6172,20.1
6176,81.3
6238,179.5
6241,13.85
6247,15.45
6251,20.3
6287,8.89
6288,20.95
6289,1.35
6404,4.64
6452,56.6
6457,62.1
6497,5.66
6514,50.8
6594,31.3
6662,29.45
6680,51.9
6747,199.0
6762,170.0
6806,3.51
8105,13.8
8287,0.73
8406,278.5
8418,8.95
8420,40.6
8427,74.9
8480,84.6
8497,65.5
8913,13.3
8934,36.1
910482,0.25
9110,3.11
911616,0.48
911619,0.11
912398,5.15
9157,0.86
9188,3.47
```

