# 收盤價 MD
# T:2026-08-27 08:47

## [CLOSE]
```csv
代號,收盤價
00400A,14.71
00401A,13.5
00402A,9.51
00403A,10.16
00404A,9.63
00405A,8.63
00406A,9.66
00407A,9.68
00408A,10.44
00410A,11.73
0050,105.9
0051,144.5
0052,61.95
0053,241.15
0054,28.25
0055,44.52
0056,53.25
0057,317.0
0058,43.71
0059,42.85
0061,24.38
006201,43.49
006203,193.2
006204,228.1
006205,40.62
006206,37.73
006207,32.49
006208,242.85
00625K,8.77
00631L,35.71
00632R,9.99
00633L,48.63
00634R,3.12
00635U,48.1
00636,27.89
00636K,8.76
00637L,20.12
00638R,6.66
00639,16.65
00640L,108.75
00641R,3.65
00642U,26.86
00643,18.52
00643K,3.89
00645,58.05
00646,76.95
00647L,138.5
00648R,3.92
00649,19.12
00650L,17.45
00651R,5.12
00652,33.44
00653L,47.5
00654R,6.68
00655L,33.83
00656R,5.86
00657,78.0
00657K,24.51
00658L,37.0
00659R,11.21
00660,46.6
00661,85.9
00662,119.4
00663L,102.9
00664R,1.61
00665L,9.61
00666R,8.93
00667,20.79
00668,62.35
00668K,19.6
00669R,5.16
00670L,196.25
00671R,2.45
00672L,0.75
00673R,12.8
00674R,26.37
00675L,311.85
00676R,5.53
00677U,1.48
00678,45.04
00679B,26.11
00680L,6.54
00681R,21.52
00682U,20.36
00683L,21.2
00684R,15.25
00685L,11.75
00686R,0.99
00687B,27.43
00687C,9.18
00688L,6.54
00689R,22.57
00690,76.85
00691R,10.46
00692,91.0
00693U,22.52
00694B,41.95
00695B,35.02
00696B,28.41
00697B,35.6
00700,17.56
00701,37.79
00702,25.34
00703,19.71
00704L,18.84
00705R,19.03
00706L,18.98
00707R,32.18
00708L,90.85
00709,41.29
00710B,19.14
00711B,15.7
00712,8.84
00713,61.65
00714,22.34
00715L,46.36
00716R,13.96
00717,14.82
00718B,19.05
00719B,31.22
00720B,32.13
00721B,48.06
00722B,34.56
00723B,29.56
00724B,33.07
00725B,34.19
00726B,32.39
00727B,39.44
00728,68.25
00729R,20.56
00730,29.13
00731,92.95
00732,40.74
00733,67.15
00734B,15.56
00735,102.65
00736,31.78
00737,40.67
00738U,55.2
00739,27.84
00740B,37.57
00741B,37.37
00742,22.2
00743,24.2
00744B,42.35
00745B,42.04
00746B,34.75
00747B,51.85
00748B,42.52
00749B,30.99
00750B,31.93
00751B,30.63
00752,23.4
00753L,9.68
00754B,31.67
00755B,31.88
00756B,30.63
00757,137.2
00758B,50.5
00759B,53.25
00760B,52.65
00761B,33.31
00762,111.05
00763U,35.88
00764B,27.33
00765B,38.72
00766L,11.92
00767,17.4
00768B,48.59
00769B,60.3
00770,66.75
00771,15.45
00772B,32.78
00773B,35.15
00774B,40.85
00774C,9.12
00775B,31.1
00776,20.78
00777B,31.45
00778B,33.57
00779B,27.67
00780B,36.71
00781B,27.38
00782B,29.7
00783,28.14
00784B,39.32
00785B,34.29
00786B,32.05
00787B,32.07
00788B,29.38
00789B,46.55
00790B,53.2
00791B,56.95
00792B,31.13
00793B,30.17
00794B,39.82
00795B,26.2
00796B,41.84
00797B,41.36
00798B,42.65
00799B,28.79
008201,101.2
00830,82.2
00831B,41.42
00832B,42.92
00833B,43.87
00834B,33.42
00835B,45.16
00836B,28.13
00837B,37.64
00838B,40.38
00839B,41.85
00840B,28.97
00841B,27.61
00842B,29.61
00843B,40.37
00844B,30.8
00845B,32.73
00846B,35.45
00847B,24.9
00848B,33.67
00849B,37.42
00850,90.4
00851,69.95
00852L,35.89
00853B,27.03
00854B,41.86
00855B,38.6
00856B,37.91
00857B,22.8
00858,35.82
00859B,41.14
00860B,38.03
00861,85.35
00862B,30.99
00863B,31.01
00864B,46.15
00865B,48.86
00866,21.84
00867B,29.61
00868B,36.17
00869B,36.69
00870B,27.67
00872B,37.13
00873B,37.28
00874B,38.04
00875,52.5
00876,86.7
00877,36.81
00878,32.82
00881,49.53
00882,15.11
00883B,30.98
00884B,28.95
00885,18.41
00886,46.73
00887,16.16
00888,32.97
00890B,31.4
00891,34.36
00892,39.73
00893,42.66
00894,46.2
00895,49.87
00896,27.6
00897,13.88
00898,11.29
00899,23.61
00900,18.94
00901,45.45
00902,13.45
00903,21.14
00904,40.22
00905,26.21
00906,11.95
00907,17.18
00908,15.69
00909,47.69
00910,58.65
00911,52.15
00912,34.38
00913,46.44
00915,31.68
00916,26.91
00917,24.32
00918,34.18
00919,31.21
00920,24.24
00921,24.37
00922,41.01
00923,39.27
00924,33.03
00925,16.1
00926,26.06
00927,36.36
00928,32.37
00929,28.98
00930,23.92
00931B,13.2
00932,17.6
00933B,15.72
00934,29.3
00935,57.0
00936,21.41
00937B,14.41
00938,25.05
00939,22.69
00940,12.65
00941,25.55
00942B,13.88
00943,21.35
00944,20.88
00945B,14.48
00946,15.55
00947,37.45
00948B,9.21
00949,21.87
00950B,13.78
00951,17.2
00952,18.09
00953B,9.7
00954,18.31
00955,15.58
00956,13.44
00957B,13.07
00958B,9.1
00959B,9.19
00960,21.19
00961,13.16
00962,15.21
00963,13.23
00964,14.82
00965,25.67
00966B,13.6
00967B,9.01
00968B,9.05
00969B,8.1
00970B,9.12
00971,17.53
00972,22.02
009800,12.93
009801,11.08
009802,19.18
009803,21.55
009804,22.35
009805,15.18
009806,13.59
009807,16.5
009808,30.37
009809,17.7
00980A,24.52
00980B,9.26
00980D,20.19
00980T,11.72
009810,21.28
009811,13.21
009812,12.89
009813,11.21
009814,11.37
009815,11.35
009816,15.43
009817,9.15
009818,19.56
009819,9.81
00981A,29.44
00981B,9.2
00981D,10.35
00981T,11.86
009820,9.68
009821,16.09
009822,10.0
009823,10.44
009824,9.88
009825,10.28
009826,10.16
009829,10.42
00982A,22.19
00982B,9.45
00982D,9.75
00982T,15.29
00983A,12.71
00983B,15.34
00983D,9.98
00984A,15.55
00984B,15.95
00984D,10.07
00985A,23.02
00985B,10.26
00985D,9.88
00986A,14.25
00986B,9.67
00986D,14.48
00987A,16.27
00987B,16.08
00988A,16.23
00988B,19.64
00989A,16.65
00989B,10.11
00990A,15.24
00990B,9.99
00991A,18.02
00991B,14.96
00992A,18.16
00993A,13.39
00994A,17.2
00995A,17.03
00996A,13.93
00997A,11.07
00998A,17.93
00999A,11.29
020000,31.12
020001,26.35
020002,11.12
020003,15.89
020004,33.28
020005,19.35
020006,32.05
020007,41.23
020008,13.31
020009,26.67
020010,13.56
020011,16.4
020012,22.88
020013,14.84
020014,6.3
020015,18.69
020016,28.32
020018,24.94
020019,21.59
02001B,8.75
020020,27.27
020021,4.42
020022,7.62
020023,7.2
020024,5.94
020025,37.89
020026,6.37
020027,10.65
02002L,7.38
02003L,4.34
1101,24.3
1101B,43.2
1102,35.2
1103,13.3
1104,26.8
1108,11.8
1109,13.75
1110,16.0
1201,12.25
1203,46.9
1210,52.7
1213,7.18
1215,109.0
1216,77.7
1217,9.99
1218,14.65
1219,11.9
1220,10.9
1225,26.0
1227,28.95
1229,41.95
1231,81.2
1232,157.5
1233,28.5
1234,33.35
1235,38.35
1236,25.6
1240,57.3
1256,186.0
1258,26.85
1259,63.7
1262,34.9
1264,252.0
1268,181.0
1294,55.3
1295,46.5
1301,60.1
1303,207.0
1304,12.3
1305,12.2
1307,30.85
1308,14.1
1309,13.45
1310,8.2
1312,13.0
1312A,22.2
1313,11.9
1314,7.99
1315,66.3
1316,11.6
1319,82.3
1321,33.75
1323,21.55
1324,10.15
1325,26.0
1326,60.3
1333,1.44
1336,16.5
1337,4.68
1338,14.45
1339,46.3
1340,5.33
1341,59.9
1342,103.5
1402,28.55
1409,24.85
1410,24.75
1413,9.41
1414,19.0
1416,11.9
1417,8.28
1418,17.95
1419,66.7
1423,35.5
1432,15.05
1434,17.9
1435,23.55
1436,38.8
1437,32.15
1438,22.4
1439,29.55
1440,13.75
1441,8.98
1442,30.25
1443,25.15
1444,7.21
1445,10.35
1446,13.55
1447,6.94
1449,12.55
1451,17.35
1452,11.45
1453,11.45
1454,12.5
1455,9.99
1456,14.15
1457,14.5
1459,15.6
1460,6.7
1463,17.6
1464,10.3
1465,12.1
1466,15.9
1467,8.26
1468,13.25
1470,24.5
1471,9.88
1472,88.2
1473,20.05
1474,10.05
1475,26.6
1476,316.0
1477,197.0
1503,202.0
1504,71.4
1506,10.2
1507,64.8
1512,6.56
1513,166.0
1514,102.0
1515,36.3
1516,15.0
1517,11.4
1519,717.0
1521,25.8
1522,28.35
1522A,51.0
1524,27.5
1525,66.9
1526,16.3
1527,32.8
1528,19.1
1529,16.9
1530,29.35
1531,13.15
1532,23.0
1533,31.8
1535,46.2
1536,50.1
1537,119.5
1538,8.96
1539,15.65
1540,19.25
1541,21.9
1558,102.5
1560,682.0
1563,66.0
1565,96.3
1566,19.65
1568,29.25
1569,44.65
1570,33.4
1580,107.0
1582,75.0
1583,48.9
1584,18.15
1586,18.1
1587,24.25
1589,5.54
1590,1470.0
1591,35.55
1592,2.57
1593,32.0
1595,66.0
1597,134.5
1598,20.6
1599,23.05
1603,31.0
1604,23.35
1605,39.4
1608,37.6
1609,38.0
1611,11.95
1612,35.0
1614,30.95
1615,44.7
1616,19.6
1617,17.8
1618,39.6
1623,201.0
1626,9.72
1701,21.15
1702,32.95
1707,90.2
1708,50.1
1709,37.1
1710,15.8
1711,44.2
1712,39.9
1713,43.85
1714,16.55
1717,71.9
1718,10.7
1720,57.1
1721,20.1
1722,44.6
1723,88.0
1724,15.6
1725,31.5
1726,78.2
1727,94.4
1730,51.7
1731,20.95
1732,26.6
1733,32.3
1734,32.5
1735,20.45
1736,128.5
1737,30.9
1742,17.85
1752,31.6
1760,58.4
1762,35.95
1773,160.5
1776,17.0
1777,74.0
1780,24.85
1781,10.75
1783,40.55
1784,62.6
1785,103.0
1786,49.55
1787,26.15
1788,130.0
1789,19.05
1795,195.5
1796,29.05
1799,30.0
1802,59.7
1805,10.3
1806,8.05
1808,35.6
1809,40.1
1810,25.55
1813,11.7
1815,118.0
1817,40.25
1902,20.65
1903,48.7
1904,25.35
1905,13.55
1906,11.65
1907,30.4
1909,11.0
2002,19.35
2002A,37.25
2006,82.2
2007,7.09
2008,31.1
2009,43.2
2010,22.8
2012,14.9
2013,42.1
2014,17.25
2015,64.9
2017,9.05
2020,21.85
2022,7.66
2023,13.85
2024,13.55
2025,13.45
2027,50.0
2028,15.85
2029,22.45
2030,23.5
2031,46.55
2032,17.3
2033,23.0
2034,20.35
2035,27.5
2038,13.0
2049,353.0
2059,14510.0
2061,49.45
2062,19.35
2063,24.1
2064,12.75
2065,36.75
2066,53.9
2067,5.0
2069,21.8
2070,67.4
2072,149.0
2073,26.4
2101,33.0
2102,18.6
2103,28.2
2104,10.65
2105,31.4
2106,17.25
2107,26.95
2108,30.65
2109,14.85
2114,89.8
2115,24.05
2201,28.8
2204,54.2
2206,63.6
2207,523.0
2208,19.2
2211,83.7
2221,71.4
2227,48.35
2228,73.7
2230,24.15
2231,92.4
2233,177.0
2235,26.75
2236,119.5
2237,27.75
2239,20.15
2241,34.45
2243,41.4
2247,226.0
2248,64.0
2250,62.1
2254,60.6
2258,31.55
2301,307.0
2302,44.9
2303,123.5
2305,31.0
2308,1750.0
2312,31.9
2313,222.0
2314,11.9
2316,161.0
2317,246.5
2321,14.75
2323,10.85
2324,40.95
2327,537.0
2328,45.35
2329,44.15
2330,2415.0
2331,19.75
2332,20.0
2337,125.5
2338,39.65
2340,34.75
2342,41.35
2344,181.5
2345,2055.0
2347,87.1
2348,71.1
2348A,38.25
2349,11.15
2351,219.0
2352,28.1
2353,31.4
2354,61.5
2355,42.65
2356,66.8
2357,971.0
2358,4.56
2359,146.5
2360,1980.0
2362,49.2
2363,51.3
2364,75.0
2365,30.35
2367,44.8
2368,1040.0
2369,31.8
2371,27.65
2373,53.6
2374,70.1
2375,124.0
2376,351.5
2377,146.0
2379,734.0
2380,19.0
2382,332.5
2383,5895.0
2385,107.0
2387,36.55
2388,74.0
2390,10.65
2392,45.15
2393,66.8
2395,688.0
2397,62.9
2399,47.9
2401,25.65
2402,56.1
2404,1080.0
2405,15.5
2406,28.85
2408,517.0
2409,25.5
2412,136.0
2413,44.05
2414,52.2
2415,30.8
2417,43.9
2419,25.0
2420,53.6
2421,151.5
2423,74.4
2424,8.15
2425,38.0
2426,99.8
2427,22.7
2428,252.0
2429,33.95
2430,17.7
2431,10.4
2432,27.75
2433,41.75
2434,52.8
2436,64.3
2438,18.05
2439,82.1
2440,14.0
2441,118.0
2442,19.7
2443,3.57
2444,11.15
2448,41.4
2449,244.0
2450,28.3
2451,301.0
2453,52.1
2454,3945.0
2455,428.0
2456,94.6
2457,23.2
2458,139.5
2459,67.3
2460,29.2
2461,18.25
2462,20.35
2464,192.0
2465,93.6
2466,105.0
2467,570.0
2468,34.35
2471,49.55
2472,218.5
2474,206.5
2476,125.5
2477,20.9
2478,122.0
2480,156.0
2481,150.5
2482,16.05
2483,35.7
2484,76.7
2485,43.05
2486,262.5
2488,48.45
2489,41.5
2491,46.65
2492,269.5
2493,181.5
2495,38.6
2496,55.1
2497,45.65
2498,40.7
2499,4.12
2501,23.0
2504,32.1
2505,17.4
2506,8.64
2509,15.5
2511,8.38
2514,12.05
2515,12.0
2516,14.35
2520,35.8
2524,35.8
2527,42.7
2528,20.8
2530,19.6
2534,17.35
2535,90.4
2536,21.0
2537,11.65
2538,9.14
2539,34.9
2540,47.2
2542,48.0
2543,38.6
2545,34.9
2546,107.0
2547,10.2
2548,96.0
2596,34.85
2597,171.5
2601,6.9
2603,231.0
2605,34.85
2606,72.0
2607,52.4
2608,28.8
2609,57.6
2610,20.8
2611,15.2
2612,61.5
2613,23.0
2614,18.55
2615,115.0
2616,13.5
2617,30.85
2618,43.0
2630,51.4
2633,26.35
2634,69.0
2636,69.9
2637,91.2
2640,157.0
2641,18.2
2642,20.65
2643,62.8
2645,179.0
2646,21.2
2701,10.75
2702,12.8
2704,46.35
2705,15.85
2706,12.6
2707,181.0
2712,14.55
2718,49.35
2719,20.5
2722,22.3
2723,79.9
2724,10.9
2726,8.29
2727,235.0
2729,155.0
2731,145.0
2732,65.0
2734,14.95
2736,12.3
2739,38.15
2740,31.4
2743,60.8
2745,89.3
2748,38.65
2751,55.0
2752,179.0
2753,179.0
2754,69.5
2755,102.5
2756,63.0
2762,85.0
2801,23.9
2809,56.6
2812,19.0
2816,38.85
2820,16.7
2823,30.55
2832,60.3
2834,16.45
2836,12.05
2836A,24.1
2838,20.3
2838A,51.9
2841,2.68
2845,13.45
2849,14.6
2850,163.5
2851,46.0
2852,30.05
2855,47.4
2867,9.7
2880,39.6
2881,138.5
2881A,61.9
2881B,60.9
2881C,51.5
2882,102.5
2882A,60.3
2882B,58.9
2883,32.25
2883B,8.19
2884,38.7
2885,62.8
2886,46.6
2887,37.5
2887E,48.7
2887F,45.85
2887G,44.1
2887H,42.05
2887I,9.52
2887Z1,19.25
2888,11.8
2888A,36.5
2888B,36.8
2889,15.75
2890,39.15
2891,64.6
2891B,62.4
2891C,61.9
2892,33.4
2897,10.3
2897B,11.5
2901,23.55
2903,22.6
2904,13.0
2905,17.55
2906,14.1
2908,22.05
2910,24.6
2911,6.55
2912,223.0
2913,11.25
2915,59.3
2916,40.15
2923,27.1
2924,15.9
2926,29.9
2928,31.85
2929,5.61
2936,40.35
2937,48.25
2939,19.55
2941,29.8
2945,40.1
2947,61.5
2948,38.3
2949,61.6
3002,17.1
3003,65.1
3004,119.5
3005,116.0
3006,273.5
3008,6290.0
3010,129.5
3011,10.6
3013,87.2
3014,132.5
3015,53.7
3016,102.0
3017,3155.0
3018,12.9
3019,136.0
3021,20.3
3022,92.5
3023,314.5
3024,14.65
3025,57.2
3026,614.0
3027,18.3
3028,66.3
3029,110.0
3030,288.5
3031,24.8
3032,79.7
3033,45.4
3034,557.0
3035,180.5
3036,196.5
3036A,52.0
3037,1160.0
3038,20.35
3040,38.05
3041,23.0
3042,185.5
3043,21.9
3044,481.0
3045,115.5
3046,57.5
3047,13.85
3048,56.2
3049,13.35
3050,11.75
3051,23.45
3052,11.25
3054,54.5
3055,127.0
3056,14.2
3057,16.85
3058,8.14
3059,39.7
3060,27.35
3062,20.85
3064,18.95
3066,24.3
3067,17.3
3071,24.4
3073,22.5
3078,52.9
3081,3255.0
3083,23.3
3085,12.0
3086,26.6
3088,125.0
3089,81.0
3090,165.5
3092,24.65
3093,49.2
3094,38.15
3095,35.0
3105,405.0
3114,34.1
3115,9.02
3118,31.75
3122,25.55
3128,20.9
3130,212.0
3131,2485.0
3135,185.5
3138,96.8
3141,77.7
3144,38.2
3147,221.5
3149,68.0
3150,17.2
3152,260.0
3158,83.8
3162,73.4
3163,777.0
3164,16.1
3167,716.0
3168,42.1
3169,100.5
3171,63.7
3176,39.8
3178,60.5
3188,24.3
3189,881.0
3191,17.85
3202,3.96
3205,47.65
3206,34.45
3207,40.2
3209,51.8
3211,364.0
3213,127.0
3217,136.5
3218,137.5
3219,76.9
3221,50.0
3224,35.0
3226,52.9
3227,197.5
3228,156.0
3229,58.1
3230,43.05
3231,182.0
3232,19.75
3234,180.5
3236,43.9
3252,15.9
3257,50.2
3259,12.95
3260,416.0
3264,217.5
3265,173.5
3266,14.15
3268,17.95
3272,14.0
3276,14.3
3284,21.3
3285,38.3
3287,37.0
3288,21.6
3289,140.5
3290,49.55
3293,702.0
3294,30.7
3296,24.3
3297,27.25
3303,52.4
3305,108.0
3306,44.8
3308,22.95
3310,68.8
3311,32.8
3312,51.8
3313,11.55
3317,66.8
3321,18.45
3322,11.2
3323,29.95
3324,1075.0
3325,11.25
3332,62.3
3338,62.3
3339,43.1
3346,20.6
3349,23.35
3354,22.4
3356,62.0
3357,209.5
3360,15.55
3362,202.0
3363,650.0
3372,14.95
3373,16.6
3374,333.5
3376,194.0
3379,29.5
3380,27.75
3383,1.7
3388,96.5
3390,21.6
3402,122.0
3406,759.0
3413,287.5
3416,180.5
3419,11.95
3426,47.8
3430,116.0
3432,14.5
3434,30.05
3437,18.35
3438,63.2
3441,125.0
3443,6125.0
3444,89.7
3447,27.45
3450,574.0
3452,1.47
3454,99.4
3455,239.5
3465,29.35
3466,24.75
3467,48.25
3479,131.0
3481,46.4
3483,72.5
3484,50.3
3485,241.0
3489,22.8
3490,53.6
3491,1345.0
3492,20.1
3494,7.1
3498,203.5
3499,12.4
3501,40.3
3504,85.6
3508,21.95
3511,19.9
3512,19.5
3515,219.0
3516,26.25
3518,27.7
3520,17.85
3521,12.15
3522,11.55
3523,14.9
3526,280.0
3527,51.1
3528,83.4
3529,2410.0
3530,61.3
3531,22.0
3532,382.0
3533,1625.0
3535,88.3
3536,2.92
3537,54.6
3540,24.4
3541,21.55
3543,45.1
3545,50.0
3546,71.9
3548,80.4
3550,23.75
3551,176.0
3552,44.85
3555,175.0
3556,62.3
3557,24.65
3558,130.0
3562,14.8
3563,685.0
3564,45.3
3567,25.4
3570,162.5
3576,17.05
3577,113.5
3580,79.5
3581,111.0
3583,741.0
3587,255.5
3588,53.6
3591,22.2
3592,227.0
3593,11.0
3594,50.9
3596,159.5
3597,26.05
3605,112.0
3607,14.15
3609,19.35
3611,185.5
3615,38.6
3617,251.5
3622,53.1
3623,21.8
3624,91.2
3625,12.45
3628,68.0
3629,16.35
3630,26.4
3631,39.95
3632,7.16
3642,3.87
3645,66.5
3646,23.5
3652,33.8
3653,5725.0
3661,3960.0
3663,62.8
3664,5.79
3665,2005.0
3666,25.4
3669,36.3
3672,12.45
3673,68.1
3675,283.0
3679,109.0
3680,488.0
3682,7.47
3684,54.0
3685,36.5
3686,14.45
3687,63.2
3689,108.0
3691,98.8
3693,558.0
3694,51.5
3698,22.25
3701,41.45
3702,108.0
3703,19.65
3704,42.0
3705,55.8
3706,91.5
3707,63.6
3708,102.5
3709,68.0
3710,5.2
3711,592.0
3712,21.2
3713,14.7
3714,62.7
3715,114.0
3716,35.8
3717,22.85
4102,19.15
4104,71.5
4105,78.2
4106,24.85
4107,114.0
4108,11.35
4109,11.3
4111,28.9
4113,14.95
4114,29.9
4116,39.3
4119,52.2
4120,47.7
4121,13.15
4123,32.1
4126,77.7
4127,86.5
4128,15.3
4129,82.7
4130,26.7
4131,33.0
4133,20.8
4137,87.2
4138,52.0
4139,37.35
4141,26.1
4142,18.0
4144,26.9
4147,65.6
4148,32.9
4152,99.6
4153,33.55
4154,12.0
4155,14.55
4157,9.1
4160,39.6
4161,23.1
4162,60.1
4163,140.5
4164,26.55
4166,24.5
4167,20.25
4168,22.75
4169,156.0
4171,17.35
4173,17.45
4174,26.7
4175,50.9
4178,17.45
4180,70.9
4183,13.7
4188,14.6
4190,25.95
4192,19.95
4195,14.4
4198,41.2
4205,69.8
4207,20.6
4303,54.6
4304,26.3
4305,43.15
4306,15.1
4401,13.9
4402,14.8
4406,10.15
4413,19.7
4414,8.42
4416,14.95
4417,46.9
4419,46.3
4420,36.85
4426,7.75
4429,40.8
4430,17.65
4432,15.7
4433,19.0
4438,60.5
4439,97.4
4440,17.65
4441,176.5
4442,52.0
4502,15.7
4503,24.6
4506,123.0
4510,45.9
4513,16.65
4523,24.05
4526,30.6
4527,41.25
4528,15.15
4529,3.12
4530,28.2
4532,24.15
4533,25.95
4534,30.2
4535,28.6
4536,169.5
4538,17.8
4540,57.3
4541,67.5
4542,275.5
4543,30.5
4545,32.1
4549,100.5
4550,24.3
4551,160.0
4552,17.1
4554,28.3
4555,46.1
4556,75.2
4557,52.8
4558,16.9
4560,31.05
4561,45.1
4562,31.55
4563,41.05
4564,17.2
4566,66.8
4568,39.6
4569,168.5
4571,158.5
4572,140.0
4576,203.0
4577,80.0
4580,78.8
4581,48.55
4582,23.2
4583,463.0
4584,39.6
4585,301.0
4588,52.3
4590,87.6
4609,4.62
4702,9.59
4706,32.6
4707,34.65
4711,16.7
4712,2.85
4714,11.35
4716,17.05
4720,18.25
4721,74.8
4722,211.0
4725,17.9
4726,24.5
4728,400.0
4729,19.0
4735,38.3
4736,139.0
4737,57.6
4739,88.8
4741,42.65
4743,47.8
4744,27.8
4745,11.9
4746,49.35
4747,56.5
4749,755.0
4754,38.2
4755,118.0
4760,255.5
4763,46.6
4764,233.0
4766,344.5
4767,28.7
4768,324.5
4770,209.0
4771,207.5
4772,261.0
4803,3.6
4804,3.27
4806,9.28
4807,27.45
4903,36.8
4904,101.0
4905,90.9
4906,37.3
4907,47.5
4908,178.0
4909,39.0
4911,29.05
4912,89.3
4915,60.2
4916,102.5
4919,121.0
4923,52.3
4924,9.93
4927,37.0
4930,16.15
4931,255.5
4933,55.1
4934,14.5
4935,33.75
4938,89.3
4939,78.8
4942,33.25
4943,8.19
4944,11.6
4945,76.1
4946,91.9
4947,228.5
4949,73.2
4950,15.45
4951,78.9
4952,51.7
4953,122.5
4956,37.2
4958,453.0
4960,22.2
4961,165.5
4966,576.0
4967,272.5
4968,93.2
4971,552.0
4972,16.7
4973,155.0
4974,68.4
4976,39.6
4977,170.5
4979,598.0
4987,81.6
4989,66.9
4991,489.5
4994,85.6
4995,50.2
4999,19.1
5007,56.5
5009,33.55
5011,19.15
5013,28.0
5014,10.15
5015,21.85
5016,25.1
5102,24.65
5201,26.7
5202,12.05
5203,58.9
5205,20.35
5206,23.9
5209,158.0
5210,29.7
5211,19.5
5212,46.6
5213,21.45
5215,39.2
5220,19.9
5222,105.5
5223,23.5
5225,60.9
5227,31.55
5228,40.6
5230,18.25
5234,300.0
5236,138.5
5243,91.5
5244,35.15
5245,23.3
5251,25.5
5258,47.95
5259,7.86
5263,91.4
5264,87.1
5269,1455.0
5272,17.2
5274,15690.0
5276,18.4
5278,24.9
5281,15.8
5283,59.4
5284,328.0
5285,82.6
5287,154.0
5288,189.5
5289,1500.0
5291,60.9
5292,216.0
5299,101.0
5301,5.89
5302,10.45
5304,3.32
5305,42.3
5306,95.2
5309,53.2
5310,24.4
5312,92.5
5314,34.55
5315,19.3
5321,81.1
5324,12.3
5328,61.9
5340,80.8
5344,13.45
5345,22.95
5347,152.0
5348,16.3
5349,25.4
5351,117.0
5353,28.15
5355,5.92
5356,26.1
5364,8.52
5371,83.5
5381,25.3
5383,41.5
5386,234.0
5388,77.4
5392,47.3
5398,14.55
5403,93.2
5410,36.95
5425,96.6
5426,28.55
5432,142.5
5434,536.0
5438,16.8
5439,248.0
5443,105.5
5450,15.1
5452,27.9
5455,29.65
5457,27.1
5460,16.5
5464,74.0
5465,24.35
5468,25.8
5469,72.1
5471,60.6
5474,152.0
5475,181.0
5478,98.7
5481,21.55
5483,180.0
5484,40.4
5487,29.3
5488,12.3
5489,41.25
5490,28.95
5493,81.0
5498,54.6
5508,52.6
5511,71.7
5512,7.77
5514,14.55
5515,53.2
5516,11.95
5519,28.0
5520,83.4
5521,10.85
5522,64.0
5523,30.35
5525,22.1
5529,21.35
5530,50.6
5531,7.4
5533,14.0
5534,76.9
5536,854.0
5538,37.75
5543,26.0
5546,14.9
5547,19.75
5548,20.5
5601,30.5
5603,14.45
5604,30.7
5607,54.3
5608,17.05
5609,78.2
5701,4.17
5703,15.3
5704,23.6
5706,45.5
5820,11.7
5864,34.0
5871,117.0
5871A,100.0
5876,43.3
5878,38.6
5880,25.0
5902,34.7
5903,185.5
5904,74.8
5905,7.9
5906,40.45
5907,5.01
6005,30.7
6015,15.95
6016,19.8
6020,20.6
6021,39.3
6023,83.0
6024,62.7
6026,14.85
6028,94.0
6101,37.7
6103,38.9
6104,100.0
6108,22.75
6109,10.85
6111,36.15
6112,45.3
6113,23.25
6114,25.45
6115,44.05
6116,14.4
6117,62.4
6118,15.25
6120,12.6
6121,399.5
6122,48.7
6123,43.4
6124,27.05
6125,51.3
6126,30.1
6127,49.45
6128,20.45
6129,13.45
6130,27.2
6131,5.18
6133,22.45
6134,28.65
6136,25.1
6138,290.0
6139,800.0
6140,17.3
6141,50.4
6142,8.74
6143,90.4
6144,13.1
6146,192.5
6147,185.5
6148,28.25
6150,61.3
6151,36.5
6152,14.0
6153,17.0
6154,13.85
6155,56.0
6156,21.0
6158,16.5
6160,15.4
6161,50.5
6163,42.45
6164,12.2
6165,47.8
6166,120.0
6167,10.7
6168,28.5
6169,12.5
6170,48.65
6171,25.15
6172,20.1
6173,198.0
6174,45.1
6175,72.6
6176,98.2
6177,48.35
6179,27.95
6180,42.6
6182,107.0
6183,94.1
6184,41.6
6185,12.8
6186,33.0
6187,1300.0
6188,68.6
6189,48.55
6190,68.6
6191,82.1
6192,116.5
6194,29.7
6195,27.8
6196,500.0
6197,307.0
6198,19.8
6199,92.3
6201,45.0
6202,58.6
6203,59.7
6204,82.0
6205,64.3
6206,142.5
6207,110.5
6208,82.1
6209,74.7
6210,17.75
6212,31.6
6213,583.0
6214,181.0
6215,98.2
6216,21.1
6217,161.5
6218,39.6
6219,12.35
6220,25.5
6221,23.05
6222,20.45
6223,5040.0
6224,79.1
6225,68.5
6226,28.15
6227,118.5
6228,17.4
6229,23.6
6230,109.0
6231,216.0
6233,21.7
6234,36.35
6235,38.55
6236,15.9
6237,34.3
6238,179.5
6239,286.0
6240,22.45
6241,17.1
6242,34.0
6243,42.2
6244,24.4
6245,83.7
6246,12.45
6247,15.45
6248,17.0
6251,20.3
6257,204.0
6259,30.2
6261,82.4
6263,165.0
6264,6.02
6265,58.6
6266,25.2
6269,66.3
6270,29.6
6271,208.0
6272,23.3
6274,1530.0
6275,44.7
6276,20.25
6277,81.2
6278,199.5
6279,127.0
6281,51.5
6282,45.3
6283,20.05
6284,78.2
6285,242.0
6287,8.89
6288,20.95
6289,1.35
6290,241.0
6291,400.0
6292,62.3
6294,28.7
6404,4.64
6405,41.65
6409,1030.0
6411,80.1
6412,78.0
6414,398.0
6415,469.0
6416,100.5
6417,107.0
6418,33.8
6419,154.0
6423,81.2
6425,62.9
6426,268.0
6431,20.3
6432,63.3
6435,263.0
6438,147.0
6441,21.35
6442,1610.0
6443,26.3
6446,1585.0
6449,212.0
6451,454.5
6452,56.6
6456,69.0
6457,62.1
6461,16.2
6462,100.0
6464,78.9
6465,45.2
6469,68.9
6470,41.85
6472,457.0
6474,39.3
6477,36.75
6482,25.0
6485,62.0
6486,75.5
6488,949.0
6491,379.0
6492,35.7
6494,55.0
6496,24.9
6497,5.66
6498,75.2
6499,71.5
6504,38.0
6505,70.4
6506,17.6
6508,26.1
6509,45.4
6510,2620.0
6512,20.5
6514,50.8
6515,6025.0
6516,57.5
6517,71.3
6523,89.9
6525,141.5
6526,595.0
6527,75.5
6530,85.6
6531,916.0
6532,89.4
6533,269.0
6534,92.0
6535,82.5
6538,212.0
6541,36.8
6542,45.4
6546,63.3
6547,61.9
6548,74.1
6550,11.55
6552,25.6
6556,61.9
6558,25.5
6560,31.15
6561,320.0
6568,131.5
6569,91.8
6570,52.7
6573,18.2
6574,121.0
6576,80.2
6577,80.8
6578,18.0
6579,146.5
6581,108.5
6582,32.7
6584,604.0
6585,115.0
6588,114.5
6589,50.5
6590,64.5
6591,42.8
6592,62.1
6592A,95.2
6592B,94.5
6593,32.4
6594,31.3
6596,96.1
6597,74.5
6598,27.85
6603,25.8
6605,139.5
6606,26.2
6609,39.75
6612,70.6
6613,260.5
6614,36.05
6615,34.4
6616,8.26
6617,127.0
6620,75.8
6624,42.0
6625,78.3
6629,112.0
6637,62.7
6640,1005.0
6641,18.0
6642,78.0
6643,433.0
6645,12.95
6649,34.95
6651,151.0
6654,163.0
6655,117.0
6657,30.55
6658,160.0
6661,16.5
6662,29.35
6664,355.5
6666,44.3
6667,221.0
6668,39.05
6669,6785.0
6670,264.5
6671,23.4
6672,276.5
6674,16.2
6679,200.0
6680,51.6
6683,1135.0
6684,47.0
6689,63.0
6690,164.0
6691,625.0
6692,24.15
6693,168.0
6695,48.45
6697,41.3
6698,32.55
6703,103.5
6706,123.0
6708,37.55
6712,158.0
6715,363.0
6716,126.5
6719,195.0
6720,135.5
6721,52.5
6722,33.2
6725,226.0
6727,483.0
6728,108.5
6730,32.9
6732,155.0
6733,26.15
6735,63.0
6739,999.0
6741,58.1
6742,44.15
6743,27.1
6747,199.0
6751,41.75
6752,96.5
6753,144.0
6754,42.45
6756,102.0
6757,56.3
6761,187.0
6762,164.0
6763,41.85
6767,25.1
6768,65.6
6770,70.2
6771,42.5
6776,53.5
6781,1040.0
6782,246.0
6785,99.3
6788,359.0
6789,458.5
6790,38.15
6791,101.5
6792,59.8
6794,79.5
6796,61.7
6799,81.4
6803,268.5
6804,18.55
6805,2025.0
6806,3.51
6807,33.7
6811,228.5
6821,42.1
6823,61.8
6829,239.0
6830,526.0
6831,576.0
6834,90.2
6835,31.1
6838,23.05
6840,91.7
6841,53.2
6843,38.9
6844,60.4
6846,57.7
6854,92.9
6855,118.5
6856,42.0
6859,109.0
6861,193.5
6862,139.5
6863,112.0
6865,25.5
6869,68.1
6870,260.5
6872,15.05
6873,69.0
6874,80.5
6875,33.0
6877,118.0
6881,218.0
6884,30.5
6885,22.95
6887,38.4
6890,175.0
6894,330.0
6895,141.0
6899,50.2
6901,16.7
6902,126.0
6903,313.5
6904,124.0
6906,72.4
6907,189.5
6908,31.0
6909,40.55
6910,24.6
6913,144.0
6914,121.5
6916,18.5
6918,74.5
6919,106.0
6921,66.3
6922,207.5
6923,76.9
6924,110.0
6925,50.2
6928,48.0
6929,23.45
6931,41.65
6933,215.0
6934,74.7
6936,32.4
6937,274.0
6944,727.0
6945,101.5
6947,70.1
6949,1490.0
6951,71.8
6952,37.7
6953,238.0
6955,107.0
6957,218.5
6958,18.0
6958A,20.1
6961,51.2
6962,31.7
6965,74.7
6967,72.5
6968,41.6
6969,33.65
6971,26.35
6982,48.25
6983,319.5
6986,41.75
6988,11.7
6994,36.4
6996,180.5
6997,68.6
7402,110.0
7547,51.1
7556,257.0
7584,27.55
7610,1610.0
7631,146.0
7642,79.2
7689,180.0
7703,183.0
7704,62.9
7705,30.9
7708,92.3
7709,69.2
7711,493.0
7712,160.5
7713,73.5
7714,182.0
7715,30.5
7716,24.0
7717,417.5
7718,47.35
7721,62.1
7722,289.0
7723,18.95
7728,633.0
7730,179.0
7732,34.8
7734,3100.0
7736,68.9
7738,171.0
7740,135.0
7743,20.5
7744,490.0
7747,114.0
7749,376.5
7750,2370.0
7751,1805.0
7753,37.25
7757,88.8
7760,33.0
7765,224.5
7767,45.45
7768,291.5
7769,6335.0
7770,36.5
7772,89.9
7777,41.5
7780,16.9
7782,25.65
7786,120.0
7788,273.5
7791,56.8
7792,305.0
7794,28.5
7795,580.0
7799,366.0
7803,19.6
7805,514.0
7810,218.5
7811,72.7
7814,30.0
7818,61.1
7819,34.35
7820,123.0
7821,39.15
7822,928.0
7823,83.4
7827,164.0
7828,1580.0
7835,21.0
7839,45.0
7842,106.5
7855,43.5
8011,16.05
8016,296.0
8021,418.5
8024,13.1
8027,178.0
8028,246.5
8032,36.45
8033,192.5
8034,19.95
8038,31.4
8039,320.5
8040,72.0
8042,99.0
8043,134.0
8044,24.8
8045,51.6
8046,1180.0
8047,43.8
8048,52.1
8049,24.4
8050,57.9
8054,83.7
8059,14.65
8064,103.5
8066,14.75
8067,12.6
8068,17.0
8069,160.0
8070,51.3
8071,24.4
8072,26.2
8074,56.9
8076,23.4
8077,44.0
8080,28.0
8081,262.0
8083,159.0
8084,46.8
8085,15.25
8086,117.0
8087,26.35
8088,46.3
8089,17.95
8091,216.5
8092,13.8
8093,27.35
8096,108.0
8097,49.0
8099,61.5
8101,12.7
8102,67.2
8103,113.5
8104,31.55
8105,13.8
8107,12.45
8109,134.0
8110,45.8
8111,64.2
8112,93.1
8112A,45.0
8114,198.0
8121,27.7
8131,62.8
8147,123.5
8150,91.1
8155,350.5
8162,66.2
8163,31.3
8171,20.2
8176,9.85
8182,40.95
8183,29.0
8201,11.8
8210,974.0
8213,32.8
8215,24.35
8222,40.5
8227,168.5
8234,68.5
8240,45.9
8249,41.15
8255,149.0
8261,186.0
8271,231.0
8272,62.8
8277,8.15
8279,81.0
8284,67.1
8287,0.73
8289,47.1
8291,36.55
8299,2125.0
8341,76.8
8342,87.0
8349,39.15
8349A,45.55
8354,17.5
8358,449.5
8367,40.75
8374,81.7
8383,68.7
8390,102.0
8401,22.9
8403,19.2
8404,16.45
8406,278.5
8409,18.35
8410,30.5
8411,12.8
8415,37.7
8416,167.5
8418,8.95
8420,40.6
8421,13.6
8422,27.25
8423,18.0
8424,69.1
8426,21.1
8427,74.9
8429,6.05
8431,46.05
8432,50.6
8433,56.1
8435,53.6
8436,126.5
8437,9.18
8438,70.3
8440,20.55
8442,45.85
8443,11.4
8444,4.96
8446,85.3
8450,14.6
8454,255.0
8455,23.7
8462,175.5
8463,21.4
8464,373.5
8466,15.85
8467,94.7
8472,66.9
8473,45.5
8476,20.1
8477,15.55
8478,144.0
8480,84.6
8481,41.0
8482,49.85
8487,71.6
8488,9.86
8489,22.8
8497,65.5
8499,268.0
8905,34.85
8906,28.25
8908,40.15
8913,13.3
8916,40.85
8917,53.5
8921,17.0
8923,18.6
8924,50.2
8926,57.1
8927,20.1
8928,24.95
8929,13.4
8930,30.1
8931,41.0
8932,115.0
8933,4.48
8934,36.1
8935,18.1
8936,51.1
8937,28.6
8938,52.0
8940,15.35
8941,44.5
8942,43.75
8996,1195.0
9103,5.15
910322,26.0
910482,0.25
9105,8.32
910861,3.85
9110,3.05
911608,2.62
911616,0.48
911619,0.11
911622,3.61
911868,1.17
912000,2.51
912398,5.15
9136,11.0
9157,0.86
9188,3.47
9802,72.6
9902,13.75
9904,25.05
9905,21.45
9906,40.65
9907,15.35
9908,29.15
9910,67.9
9911,83.2
9912,12.95
9914,84.9
9917,111.0
9918,43.2
9919,14.0
9921,104.5
9924,38.9
9925,39.95
9926,49.7
9927,69.3
9928,18.1
9929,11.35
9930,63.7
9931,34.35
9933,42.0
9934,11.25
9935,20.2
9937,55.3
9938,42.75
9939,133.0
9940,20.55
9941,85.8
9941A,51.2
9942,114.5
9943,51.7
9944,17.5
9945,28.9
9946,19.1
9949,24.2
9950,10.3
9951,54.4
9955,24.95
9958,95.3
9960,30.35
9962,10.15
```

