# 收盤價 MD
# T:2026-08-27 12:29

## [CLOSE]
```csv
代號,收盤價
2408,546.0
1303,227.5
2330,2425.0
3189,910.0
3037,1170.0
2344,186.0
2327,551.0
2303,119.5
3081,3290.0
3008,6915.0
6213,560.0
3105,445.5
4979,615.0
3017,3305.0
3443,5985.0
2313,244.0
2454,3880.0
2383,5530.0
2308,1780.0
6223,5075.0
4958,472.0
6147,189.0
6274,1440.0
8358,452.0
8046,1295.0
3653,5645.0
6805,2200.0
2317,251.5
3450,576.0
8039,352.5
8996,1310.0
2426,95.6
3231,180.5
6669,6840.0
1815,116.0
2492,281.0
6239,277.0
3374,351.0
6488,959.0
2634,70.3
3363,703.0
3406,834.0
6187,1430.0
3211,396.0
6770,70.1
8299,2160.0
2301,302.5
0050,106.4
00631L,36.17
2368,1030.0
8033,199.0
3665,2055.0
3481,46.35
3026,675.0
6446,1605.0
3441,137.5
3163,774.0
2481,147.0
2337,127.5
4991,538.0
6451,453.5
2351,236.5
3661,3895.0
2615,112.5
6442,1595.0
6182,109.5
2345,2085.0
3711,604.0
2603,229.0
2059,14200.0
3324,1065.0
5274,15400.0
6278,205.5
5425,96.7
3376,212.0
3532,394.0
00981A,29.52
3006,276.5
1519,760.0
3491,1430.0
2382,334.0
2360,1985.0
1301,63.1
3042,190.5
2609,57.6
2464,211.0
6531,924.0
00685L,11.9
3167,740.0
6515,6095.0
4931,262.0
1717,76.2
6173,217.5
2449,247.0
00403A,10.24
2324,39.7
2881,142.0
4908,195.5
5475,199.0
6415,469.0
7769,6400.0
1326,62.6
3131,2470.0
2354,64.4
3260,416.0
2421,160.5
6285,246.5
3702,101.5
6209,76.4
0056,53.85
2489,40.15
5483,182.0
4939,86.6
6139,793.0
2455,431.0
4977,173.0
8021,416.5
00632R,9.91
1802,59.0
6290,251.0
6830,521.0
00406A,9.71
1605,39.1
00919,31.35
5289,1480.0
3293,704.0
3605,118.0
2484,77.3
5347,151.0
3529,2650.0
2645,181.0
6789,463.5
6547,61.3
2882,103.5
2404,1075.0
6269,72.9
6781,1140.0
6727,520.0
8210,967.0
5439,261.0
2357,971.0
00991A,18.17
6505,72.7
3090,168.5
009816,15.54
1590,1480.0
3034,553.0
4967,276.5
3264,219.0
2395,679.0
2409,25.45
3036,194.5
8150,90.4
7751,1985.0
6271,209.5
5351,116.5
8103,113.0
7750,2405.0
1504,73.5
2049,360.5
2377,144.5
7788,290.0
3504,94.1
2379,738.0
2887,37.3
2371,29.15
2359,148.5
2376,346.0
6426,259.0
2486,256.0
00992A,18.4
1513,170.5
2891,63.9
8932,104.5
6226,30.95
2618,42.65
6510,2755.0
7795,542.0
6672,280.5
1711,43.55
3714,63.2
1709,34.3
6257,205.0
7734,2935.0
6217,177.5
2883,32.25
3019,139.0
8271,235.0
00881,49.77
3533,1635.0
2886,46.2
3044,482.5
8261,186.0
6683,1245.0
2451,300.0
2375,130.0
0052,62.15
8155,361.0
2356,65.8
2606,73.3
2892,33.35
2801,24.8
3045,115.0
3455,247.5
6207,110.0
8069,160.0
7402,118.0
2885,63.5
00878,32.82
2478,126.5
1503,209.0
00663L,104.35
1727,95.1
3583,748.0
2027,48.8
6831,603.0
8043,143.0
2467,578.0
4989,66.2
6753,145.5
2367,45.55
2610,20.75
3624,91.8
6116,14.8
00929,29.11
8086,117.5
2637,93.9
2630,53.1
2884,38.4
2889,16.15
1101,24.15
00712,8.75
6291,418.5
3055,125.0
00405A,8.68
6829,243.0
2412,136.0
00407A,9.78
4576,216.5
2441,115.0
00830,83.7
2385,107.5
8027,181.0
3234,181.0
00937B,14.42
6472,446.5
2890,39.55
5269,1470.0
3715,116.5
6449,230.5
8111,64.9
00400A,14.84
3706,91.9
4927,40.7
2436,66.7
4749,777.0
6538,218.5
00982A,22.36
8112,92.4
7610,1610.0
6214,182.0
00922,41.25
3362,203.0
8042,104.5
2472,228.5
5871,114.5
6456,71.6
6640,1070.0
4906,37.15
8028,247.5
1608,38.05
6141,54.4
2392,46.9
1216,76.7
3693,555.0
5328,62.3
2465,95.7
00708L,89.85
3680,489.0
8096,110.0
7777,41.85
6533,268.0
5904,74.3
7828,1640.0
6409,1050.0
5471,61.3
00988A,16.58
00953B,9.66
3135,183.5
4916,104.0
3265,177.0
006208,244.0
4764,228.5
00935,57.35
7711,486.5
4966,590.0
2474,207.0
4541,68.5
009829,10.57
2428,250.0
6691,626.0
6196,494.0
1609,38.1
6919,104.5
3388,94.4
6197,308.0
2009,41.95
4540,61.6
6706,124.0
4976,39.2
4971,556.0
5340,80.9
3490,54.5
1785,103.0
00927,36.36
6138,296.0
4551,167.0
2493,185.5
3149,67.3
00918,34.14
6168,29.75
2485,44.6
3689,116.0
1409,24.65
3673,67.9
00679B,26.03
2834,16.45
1514,105.0
00637L,20.05
1314,8.16
1560,689.0
3035,177.0
1810,26.05
2491,51.3
2880,39.5
2476,126.5
3016,100.0
2439,78.4
4938,89.3
1597,147.5
5291,66.0
5536,854.0
2002,19.1
1515,35.7
4904,101.0
00411A,9.85
2605,34.55
00713,61.7
00675L,316.0
00984D,10.04
6548,74.3
6414,396.0
00891,34.38
3543,49.6
6739,1095.0
6617,127.0
4919,121.5
2316,161.5
6588,110.0
3162,71.3
3357,216.5
00715L,47.12
4772,266.0
6526,612.0
9904,24.85
6530,88.8
2353,31.25
8383,68.4
6715,356.0
6584,607.0
5880,25.0
2305,29.8
6176,95.8
00687B,27.37
6913,158.0
3030,296.0
3563,693.0
1402,28.2
1476,314.0
6834,92.1
3305,112.5
4739,88.9
2355,44.45
1795,194.5
4763,46.0
7799,388.0
6282,45.3
00947,37.86
7822,959.0
2340,34.35
6670,279.0
5309,55.0
6227,125.0
8064,103.5
2466,106.5
2103,27.75
4912,97.6
6613,267.0
6782,243.0
6477,38.3
00751B,30.65
9941,87.0
5392,47.45
2374,69.4
5608,16.65
2328,46.85
00410A,12.01
6265,58.5
00990A,15.61
1316,11.75
7714,181.0
6121,410.5
1714,16.7
2399,47.0
3675,280.0
2332,20.35
00735,103.8
5434,532.0
3023,322.5
00865B,48.7
2812,18.95
00720B,32.09
2312,31.85
2458,139.5
6435,263.5
1102,35.0
6907,187.5
4510,46.15
2845,13.45
00635U,47.82
4973,155.0
1477,199.5
00980A,24.7
00662,120.1
3152,254.0
6005,31.2
3413,288.0
3596,161.5
3005,116.0
2347,86.9
8227,160.5
00940,12.69
00900,19.08
00961,13.17
9914,84.4
00892,40.18
3049,12.75
6643,445.5
6933,236.5
2855,48.0
6525,142.0
4303,42.1
2612,61.4
5388,78.0
6517,74.1
2302,44.0
6190,69.4
2542,47.75
00646,77.05
8016,298.5
9958,94.4
00725B,34.16
4956,36.05
5285,82.5
2915,58.5
3339,41.7
8110,46.05
4722,214.0
4707,32.75
4768,332.0
6205,66.7
5314,38.0
00877,37.96
009821,15.94
6104,102.0
9945,28.65
3219,84.5
00722B,34.5
2912,221.5
4129,81.6
2388,72.9
2369,31.55
6668,42.95
1718,10.7
8436,127.0
00673R,12.6
1312,14.3
9921,104.0
4542,269.0
5876,43.05
6191,83.1
2221,73.0
2851,45.45
6761,188.0
3707,63.5
6890,174.0
00923,39.52
2233,173.0
6166,117.5
8131,63.6
00859B,41.01
6719,195.5
3033,45.35
5498,53.1
5443,106.5
6944,719.0
6443,26.6
7792,302.5
6840,96.4
8222,41.1
5386,234.0
6127,50.7
4915,60.0
3230,47.35
00738U,54.9
3576,17.05
3229,55.4
00888,33.01
3617,247.0
8422,27.0
2363,50.9
3645,69.1
009826,10.18
4566,67.0
00999A,11.31
6175,74.0
1582,76.2
6664,356.0
3022,91.3
4949,76.3
3003,68.9
1319,81.8
00985A,23.3
00960,20.47
6712,162.5
00985B,10.22
1708,50.5
2208,19.45
2006,80.8
3587,254.5
5263,100.0
2105,31.1
8070,50.9
00981B,9.17
00728,68.55
2352,28.05
3221,49.65
6937,280.0
6243,42.55
00864B,45.97
8081,260.5
6155,58.2
9939,131.5
4760,262.0
9105,8.38
3013,87.5
4771,212.5
9907,15.5
2402,56.6
6215,99.7
3209,51.7
3004,121.5
2342,40.2
2207,531.0
7744,504.0
3228,156.0
6491,376.5
6693,168.0
4714,11.9
6788,363.5
00719B,31.11
7717,433.0
3227,197.5
7712,155.5
4736,124.0
3236,44.2
00997A,11.4
8926,57.4
4147,67.2
00670L,200.0
3548,85.5
6716,125.0
5864,34.3
2498,40.75
3176,37.75
6108,23.65
6206,140.5
2816,38.65
4590,90.3
4770,213.0
2329,44.0
2852,28.4
00887,16.38
6016,20.4
5243,92.9
00665L,9.46
2540,47.65
1710,15.9
3289,141.0
00731,93.65
4720,19.4
3059,39.9
6945,106.5
00724B,32.98
00984A,15.72
2364,77.0
00885,18.58
5469,73.0
8464,369.0
1229,42.25
2017,9.22
00882,14.97
00934,29.54
3498,204.0
00696B,28.36
3029,111.5
5321,83.9
1313,12.15
00850,91.0
2406,28.9
4960,22.15
6153,17.35
3317,66.8
8454,253.0
5534,75.8
1536,51.1
1434,18.0
2897,10.4
2515,12.0
6202,59.3
009805,15.42
1773,161.5
1612,35.65
00795B,26.14
3515,219.0
1310,8.65
6983,339.0
6658,168.5
00993A,13.46
4585,304.0
00643,18.64
00913,46.8
00996A,14.09
5464,70.9
1618,40.75
00401A,13.66
00764B,27.26
2723,77.2
2393,66.2
4123,31.7
8109,131.5
6188,70.0
6224,76.8
8240,45.3
6125,51.5
7749,378.0
5607,52.5
00693U,23.06
3147,219.0
1215,109.0
6499,69.0
00989A,16.92
3217,137.5
2030,23.0
00753L,9.56
00933B,15.67
7827,161.5
6742,45.8
2072,148.5
5234,303.5
1722,44.6
2633,26.3
1904,25.55
2201,28.75
2646,21.05
4743,47.2
2323,10.9
00995A,17.19
6412,79.4
6405,40.5
3444,84.3
3712,21.8
00987A,16.53
3048,56.5
2636,69.3
00757,138.15
5284,322.5
6885,22.6
6962,31.45
5287,137.0
3010,129.5
4909,42.9
6861,193.0
8114,198.0
3093,48.35
3380,28.15
6261,78.8
6903,314.0
009824,9.98
6438,149.5
6279,127.5
3094,38.35
3526,282.5
5292,219.0
1565,98.8
3028,65.8
3581,113.0
6579,148.5
3088,125.0
00896,27.91
8390,101.5
1304,12.45
6862,140.0
8085,15.2
2417,44.6
00945B,14.44
9933,41.7
3416,183.0
2331,19.9
2504,31.6
2548,95.6
2401,25.8
1809,39.45
009802,19.32
8936,51.3
6218,40.1
8091,220.0
6284,78.1
3014,132.5
3708,104.0
8105,15.15
6462,100.0
6244,24.4
00676R,5.5
2820,16.7
00939,22.76
8054,83.3
8234,69.5
00642U,27.2
6651,150.5
3630,26.95
00994A,17.22
3141,76.5
3078,53.0
3704,42.0
1210,52.3
00740B,37.55
2362,48.6
1808,35.75
6603,26.75
8050,57.6
6177,47.95
00680L,6.54
00988B,19.57
6757,56.1
00989B,10.07
2236,121.0
7855,43.45
9925,39.85
6146,193.0
2495,38.65
5299,100.0
9910,68.2
1305,12.35
6532,90.3
6605,139.5
8374,83.6
009819,9.93
2231,94.8
6922,207.0
4721,75.6
1309,13.4
00876,87.5
00664R,1.61
2101,32.9
3479,130.5
3031,25.25
6509,45.4
1723,86.7
4923,55.9
6535,79.5
3592,228.5
6245,83.7
2903,22.35
4766,345.5
3312,51.5
6174,44.95
2061,49.9
2108,30.55
6432,64.4
2031,45.7
00894,46.6
009820,9.81
6416,101.0
2617,31.05
00998A,17.98
3354,24.6
009814,11.4
9917,110.5
00910,58.6
3701,42.05
5222,106.5
2104,10.5
00931B,13.16
5258,47.55
6179,27.75
6914,124.5
00924,33.07
2520,35.7
3438,62.0
3550,23.75
5515,52.7
00911,52.9
1707,90.2
2641,18.1
2539,34.7
00692,91.5
3717,23.0
00951,17.34
4755,118.5
6204,88.1
4961,164.5
4526,30.5
5009,33.7
3551,177.5
6725,240.0
4105,77.7
00946,15.62
00950B,13.75
00954,18.48
3015,54.6
3338,64.2
8438,72.2
6199,92.6
2204,53.9
00633L,48.75
00402A,9.66
3545,50.4
2425,37.7
6026,14.95
00981D,10.33
3218,138.5
2365,30.4
3430,116.0
2731,144.5
00987D,10.08
6418,37.15
00915,31.62
4903,36.65
00404A,9.64
6275,46.25
2483,36.55
1712,40.0
2457,23.25
6133,23.2
6667,223.0
3691,98.6
3663,63.3
5432,154.5
2338,39.25
4416,14.6
6550,11.4
00909,47.09
6143,90.1
3577,114.5
8099,63.0
00904,40.5
2838,20.45
8182,40.8
1909,10.9
3485,232.5
00762,113.1
00893,42.84
3535,89.2
4952,52.5
4968,93.2
6679,202.0
00772B,32.7
8074,57.0
8473,46.3
3537,55.7
4571,161.5
6642,82.7
4746,49.65
2613,22.9
1308,14.2
3622,53.3
00948B,9.2
009803,21.7
00965,26.11
3555,170.5
00983A,12.63
5426,28.65
2348,71.9
3694,51.5
3356,61.9
8083,159.0
00849B,37.29
00941,25.78
2070,68.7
6741,60.3
2420,54.6
6163,43.2
2254,60.0
2069,21.7
00678,44.71
9938,42.7
1342,104.0
7730,184.0
5283,60.7
00905,26.45
1218,14.65
2413,44.05
5381,26.55
8255,150.0
1440,13.8
00733,68.15
2597,171.5
3062,21.2
1905,13.7
6620,76.4
00955,15.45
6231,217.0
2247,230.0
3213,128.5
7728,628.0
2206,63.3
6425,62.2
8499,284.5
2905,17.45
3615,38.7
3066,24.9
6180,43.3
6492,34.7
4534,29.45
2434,51.7
3709,67.7
2850,163.5
4583,469.0
2727,234.0
2887Z1,20.2
3024,14.55
2607,52.2
2913,11.3
6592,62.0
2106,17.15
4577,79.2
3290,49.55
9942,116.0
8213,33.3
00697B,35.42
4953,123.0
1256,181.5
6023,82.7
2887I,9.51
2010,22.8
00863B,31.05
2241,35.55
8415,37.2
6120,12.85
3402,122.0
00862B,30.92
7805,515.0
00848B,33.56
6015,16.15
3528,83.7
8071,24.45
00768B,48.45
2033,23.25
4716,17.6
6568,135.5
4556,73.9
3483,74.2
7556,272.5
1721,20.3
6235,39.2
1307,31.0
2211,83.4
8289,46.9
3580,80.9
00981T,11.84
5493,85.0
3685,36.7
6947,69.7
1339,43.1
1623,206.0
009823,10.46
00952,18.16
2429,33.95
00650L,17.24
2015,65.3
00964,14.81
6901,16.6
8088,46.25
4142,17.9
5521,10.75
6156,21.2
6589,50.3
2543,38.65
00763U,35.08
3594,50.8
00853B,26.97
4114,29.9
7780,17.1
009825,10.23
3540,23.95
1907,30.8
2349,11.2
2442,19.6
6419,155.0
7722,289.5
2461,18.6
1528,19.5
6277,80.0
00917,24.19
3060,27.4
6411,79.6
4564,17.1
3294,31.55
1537,119.5
2501,22.95
6192,116.5
6957,224.5
5457,27.8
5225,61.9
009813,11.2
3032,79.6
8163,31.55
4560,30.75
00884B,28.88
2014,17.2
4127,82.9
2753,179.5
5236,138.0
2601,6.82
8431,47.2
8104,32.15
00847B,24.81
2614,18.55
8215,24.85
3558,127.5
7810,218.5
6263,165.0
1584,18.55
5474,154.5
3530,61.2
009804,22.55
8040,72.3
2527,42.95
7740,136.0
6768,64.9
00695B,34.86
8044,24.5
1104,26.7
5522,63.9
009815,11.4
6164,12.65
9946,17.85
00752,23.2
00895,50.05
7786,119.5
7768,291.0
6485,61.5
8147,125.5
2419,25.4
6208,81.9
2480,156.5
6732,154.0
3313,11.75
6873,69.5
2397,63.7
2114,90.2
6854,94.1
00907,17.19
3716,35.25
2611,15.2
3138,98.5
8121,28.25
6474,40.2
3631,40.8
1227,28.9
00970B,9.11
2534,17.65
1558,102.5
8084,46.65
5490,28.55
3287,36.6
3303,53.0
6695,48.4
009811,13.2
00963,13.16
6869,68.0
6894,329.5
3703,19.65
3552,44.65
2405,15.6
6546,64.2
6799,81.5
3047,14.05
00926,26.14
00770,67.7
6486,77.5
1736,128.0
5410,36.6
4167,20.2
8076,23.25
9935,19.95
00666R,9.02
2243,42.45
6585,115.5
8162,63.1
1615,45.15
4128,15.15
5481,21.2
1524,27.35
3046,57.4
3588,54.6
2107,27.15
1231,81.0
4532,24.15
00655L,33.86
3130,210.0
3323,30.6
4561,45.25
3669,36.45
3437,18.4
1617,18.25
9802,72.5
6811,226.5
8942,43.05
00897,13.55
6165,48.2
2497,46.05
009818,19.78
4555,48.15
009800,13.02
00990B,9.97
6234,36.8
4557,51.6
1734,30.8
3041,22.85
3051,23.45
1232,156.5
6469,69.2
3257,50.2
6909,41.55
4533,25.9
6561,321.5
6186,33.05
1616,20.05
3591,22.25
00779B,27.58
1595,65.6
4162,59.7
3705,56.0
00987B,15.94
3025,54.2
00688L,6.53
5452,28.0
5508,53.4
1611,12.0
7842,102.5
00690,77.0
6803,269.5
6743,27.4
6498,76.5
6870,259.0
2034,20.3
00408A,10.52
6112,45.4
3556,62.8
00645,58.1
9911,83.0
00903,21.18
2881A,61.6
2546,105.5
3321,18.6
6821,43.0
8478,144.0
5011,19.1
1720,56.7
00908,15.62
5228,42.0
1529,17.4
6996,180.0
5530,50.6
6756,100.5
1522,28.25
2453,52.5
2536,21.05
4137,87.9
00652,33.13
1472,89.8
2547,10.1
9136,12.0
1788,130.0
00944,20.95
8341,76.6
2415,27.55
2511,8.4
2535,91.0
6126,29.9
8937,26.55
00932,17.64
5244,35.85
4536,169.0
2718,43.5
6953,238.5
1726,77.9
6115,44.1
6637,58.4
00714,22.14
6928,48.6
4157,8.96
6117,62.9
6122,48.4
00928,32.53
6918,77.6
020025,38.11
00861,86.25
7631,146.0
9955,25.05
1444,7.19
3508,20.95
4974,68.6
00686R,0.97
4306,15.15
5203,58.5
4104,71.1
1264,251.5
3056,14.4
6596,96.3
6220,25.9
6863,111.0
00668,62.3
1455,9.98
4562,32.45
00701,37.77
00968B,9.03
1569,44.4
5609,78.0
00671R,2.43
3546,71.9
5288,190.5
6189,48.25
00723B,29.51
6598,29.05
0053,242.8
00857B,22.73
2891C,61.2
6581,110.0
6129,13.55
6895,143.0
6629,109.5
6024,62.4
00936,21.55
2460,29.6
1471,10.05
3169,101.0
009801,11.19
6994,36.75
00674R,26.44
2462,20.2
4934,14.5
6225,66.0
3390,22.5
3188,24.55
3050,11.75
1586,18.1
8183,29.25
6735,64.1
2258,31.8
2228,73.9
00791B,56.85
00760B,52.6
3308,22.9
6763,42.05
4119,52.9
2023,13.85
3484,51.0
6823,60.9
3611,185.5
2887H,42.05
5484,40.8
1336,17.05
6237,34.8
6887,39.2
2537,11.65
2608,28.6
6924,111.0
5315,19.55
5227,32.0
1603,31.15
3040,37.9
2237,27.8
6101,37.85
5478,98.7
1447,6.93
8249,41.85
00759B,53.1
2390,10.5
4148,33.8
4188,16.05
1414,19.15
2029,22.2
6906,75.0
8038,31.85
6170,48.85
6902,126.5
00898,11.16
0055,44.61
00636,27.82
00758B,50.35
3518,27.6
8442,45.75
8279,80.0
8476,20.0
4503,25.8
4907,46.8
00875,53.45
2530,19.45
8011,16.2
8112A,45.0
4549,101.0
6558,25.95
6516,58.4
00860B,37.9
6859,108.5
8938,51.8
6230,110.5
6259,30.25
6841,53.2
4163,139.0
4164,26.4
006201,44.15
6541,36.9
4169,157.0
2468,34.0
2887E,48.65
5206,23.95
00789B,46.44
2832,59.9
5871A,100.0
2025,13.3
00983D,9.94
00916,26.89
9930,63.0
1219,11.75
8059,14.2
2923,28.2
6494,54.8
4951,78.3
1591,35.7
3570,164.0
9927,69.1
7760,33.0
1730,51.5
6203,59.9
00920,24.7
1532,23.0
6167,11.0
1217,10.0
00984B,15.92
3501,40.15
6152,14.1
1760,58.2
2739,38.2
6790,38.2
2427,22.75
00710B,19.08
00694B,41.73
6570,52.7
00648R,3.91
009810,21.25
6609,40.2
3092,24.85
00962,15.27
00756B,30.56
6720,135.0
7765,225.0
6573,17.75
3360,15.7
9934,11.25
4935,34.2
2596,34.6
00938,25.12
5903,185.0
1436,39.2
00792B,31.0
00726B,32.28
2064,12.6
8045,52.6
3114,33.95
6185,12.75
4113,15.15
4933,55.3
00780B,36.58
4569,169.5
2020,21.9
1568,29.05
00858,35.87
0051,146.5
6969,34.15
6574,121.5
00641R,3.64
5209,158.0
2908,21.9
6465,46.8
2545,34.95
1784,62.4
6292,62.1
00755B,31.83
1321,33.8
5306,94.8
00706L,18.9
009812,12.83
8349,38.85
6150,61.6
4413,19.9
00782B,29.62
6134,28.8
6967,73.7
4441,178.0
2704,45.55
00778B,33.5
3372,15.0
00834B,33.34
2743,60.4
2836,12.05
3379,30.1
2387,36.65
6569,94.0
00930,23.98
3207,40.5
3346,20.15
00754B,31.63
2423,75.5
2707,180.0
7715,30.4
4174,26.35
00736,31.79
3492,20.35
00750B,31.93
1817,40.4
3027,18.4
6625,77.6
1786,49.45
00986D,14.45
2762,85.3
3054,54.4
00777B,31.45
00709,41.35
00890B,31.37
00799B,28.74
00749B,30.99
1702,32.9
6923,77.3
5403,93.3
4552,17.0
2414,52.1
1735,20.85
2883B,8.17
1449,12.45
00656R,5.83
6171,26.5
912000,2.44
6142,8.92
3652,33.35
1325,26.3
5468,25.6
5905,7.84
2440,14.25
00717,14.83
2250,62.2
6183,94.1
00902,13.64
6233,21.8
00840B,28.93
2459,67.2
00912,34.69
1789,19.15
00653L,46.85
6689,61.7
5324,12.2
6161,51.2
2013,42.0
8404,16.4
3607,14.3
3052,11.25
00980T,11.71
1733,32.35
00841B,27.6
3311,32.8
3609,19.35
5543,28.6
4138,52.3
7772,89.7
7820,122.0
5706,45.45
6148,28.2
5519,28.0
7821,39.0
1103,13.25
00639,16.65
4905,90.6
2488,48.55
6796,62.4
6931,41.6
1531,13.3
00959B,9.18
6270,29.8
6021,39.55
7703,182.5
5512,7.75
5213,21.3
1442,30.25
3071,24.35
3057,17.4
7818,61.0
2640,155.5
4442,51.8
3021,20.5
4108,11.4
7721,61.8
6690,164.5
1580,107.0
2509,15.45
5210,29.2
2373,53.3
006205,40.66
4513,16.65
2032,17.1
4726,24.25
6542,44.0
2745,89.5
009808,30.58
3489,22.95
3527,51.7
1465,11.9
2538,9.03
1268,181.0
8034,19.9
3625,12.05
6184,41.5
4530,30.95
4588,52.7
2528,20.8
00793B,29.98
3467,49.1
00687C,9.19
2471,49.7
3284,21.1
00689R,22.48
2496,54.8
9919,13.95
1419,65.9
6221,21.7
4438,60.4
4155,14.5
3522,11.8
1737,30.9
2022,7.62
00773B,35.04
2062,19.25
1110,16.0
4563,41.2
8048,52.1
6874,82.0
7709,71.0
1236,25.6
7689,176.5
9906,41.5
3011,10.55
00986A,14.42
3520,17.8
8462,174.0
4741,42.5
00971,17.49
1598,20.6
00942B,13.86
8097,49.2
4106,24.55
6136,25.1
2505,17.4
2882A,60.3
8446,85.3
1604,23.35
6111,36.2
1337,4.72
8487,71.0
2450,28.25
6698,32.35
00661,85.65
1225,25.9
1315,64.9
00741B,37.3
6417,107.5
4107,113.5
9940,20.65
6776,53.3
6470,41.7
6151,36.5
6591,43.05
5531,7.36
1780,24.25
1234,33.3
2477,20.9
6577,80.4
2722,21.75
3285,40.15
4506,123.0
1459,15.45
1762,35.75
2248,62.6
00967B,8.98
3447,27.85
6657,30.4
1725,32.4
6216,21.2
8924,50.2
4178,17.55
9908,29.1
1533,32.2
1506,10.2
00980D,20.15
1517,11.4
00949,21.75
2838A,51.9
1535,46.25
6792,59.0
6986,41.7
6272,24.05
00956,13.32
00966B,13.58
1777,73.8
5356,26.1
8171,20.1
6130,27.2
4744,28.0
2906,14.15
6771,41.7
8072,26.45
3038,20.55
3043,21.55
4580,78.5
6241,17.5
1466,16.1
6794,78.1
00640L,109.25
5487,29.15
4942,33.1
1526,16.35
1201,12.35
9103,5.13
5533,13.95
0057,319.25
006206,37.72
8424,68.8
6606,26.25
2038,12.9
00711B,15.68
1457,14.5
3564,45.8
2755,103.0
8935,17.9
6423,80.9
1294,54.7
6791,102.0
9905,21.45
4168,22.7
1235,38.0
5230,18.05
4545,32.2
6654,168.0
6968,42.0
1451,17.3
7823,83.5
3628,68.0
6552,25.35
3373,16.6
6464,78.6
6534,92.2
8089,18.1
6785,97.2
1464,10.3
6684,46.7
6612,71.7
2380,18.7
6103,42.75
1108,11.75
6955,108.0
3306,45.05
2881C,51.5
4737,57.6
3325,11.15
8432,50.7
4166,24.75
8927,19.95
1903,48.4
7738,169.0
3128,20.75
1437,32.05
5529,21.3
6281,51.3
3687,63.3
4205,69.4
4207,20.6
5489,41.2
7835,23.1
5525,22.2
4543,30.3
4807,27.7
5488,12.25
9912,13.2
6461,16.1
1109,13.65
00921,24.67
1587,24.2
3018,12.1
6965,75.4
3541,22.05
6576,79.9
8433,55.1
4729,19.2
6113,23.3
2444,11.15
1473,19.95
6028,95.0
6666,44.0
8421,13.6
3206,34.85
4554,28.8
7723,18.9
3666,25.1
5202,12.1
8931,41.25
2007,7.01
7718,47.1
7767,45.25
2882B,58.7
9924,38.8
4111,28.9
8049,24.5
2028,15.9
0061,24.35
1467,8.29
1416,11.85
2102,18.7
1527,32.7
6266,25.1
6283,20.0
6936,33.3
1783,40.5
8930,30.3
8068,17.0
009822,9.87
5278,24.6
3178,60.0
2109,14.9
00980B,9.24
3322,11.25
8291,36.6
4439,96.3
00983B,15.3
00969B,8.09
3086,26.75
00985D,9.87
8472,68.7
1731,20.9
1799,30.0
5302,10.55
1432,15.05
1732,26.5
3710,5.11
4582,23.4
5014,10.15
6123,43.6
5511,71.3
3226,52.5
00737,40.88
3511,20.0
4304,24.5
3259,14.2
7757,88.8
2314,11.75
3122,25.65
2916,40.15
3434,30.05
6844,59.6
5460,16.4
4133,20.6
7819,34.8
00657,78.0
2642,20.65
3073,22.1
2729,154.0
9951,54.0
7814,29.6
2433,41.7
3623,21.8
4523,24.0
3058,8.19
5546,15.4
6248,17.05
00730,29.13
2732,64.5
1796,29.05
00703,19.53
7705,30.75
4754,38.65
2748,38.6
00842B,29.52
1417,8.32
5201,26.6
1805,10.2
1446,13.7
00783,28.28
3679,109.5
2643,62.5
7704,62.3
1525,67.0
00982D,9.74
4414,8.44
1460,6.66
2065,37.05
1516,14.9
3466,24.8
4735,38.3
1713,44.05
4139,38.0
6733,26.05
00669R,5.16
6431,19.65
7736,68.6
2524,35.75
2506,8.56
8916,40.95
8354,17.35
8277,8.15
8093,27.15
4109,11.3
2115,23.9
1438,22.4
5907,4.99
8940,15.15
8403,19.05
1742,17.65
6875,33.0
1626,9.72
4419,46.2
009817,9.1
4999,19.05
4171,17.35
2849,14.45
4126,77.9
2230,23.6
006203,194.1
4195,14.8
8908,40.45
00700,17.39
2482,16.1
8463,21.45
1410,24.95
5007,56.4
1752,31.75
6703,103.5
2752,180.5
6835,31.15
00991B,14.92
1540,19.35
2516,14.3
6582,32.5
6590,65.0
8426,21.0
1463,17.55
6877,116.5
00647L,139.4
4527,41.0
3276,14.45
4994,85.7
2911,6.52
6154,13.95
2734,15.0
4430,18.1
00957B,13.07
1341,60.3
6934,73.5
2239,20.4
00638R,6.64
5450,15.1
6872,15.05
00901,45.93
3268,17.85
5251,25.7
5220,20.0
6708,37.5
1806,8.04
1220,10.95
1570,33.35
6971,26.4
7791,56.9
6160,15.25
1259,62.5
00651R,5.14
2616,13.45
2430,17.65
6614,36.25
5438,17.1
5601,30.5
1468,13.2
5538,37.65
2706,12.5
8440,20.55
3419,11.9
1470,24.35
6752,96.5
4581,48.2
4946,96.0
4121,13.25
9943,51.5
5245,23.6
9950,10.45
3465,29.4
1512,6.57
9937,55.3
6899,50.2
3296,24.0
3297,27.6
5312,92.0
4502,15.65
3494,7.11
2431,10.3
6728,108.5
00634R,3.12
6441,21.45
6982,48.25
1599,22.9
6229,23.85
1445,10.25
2701,10.65
8933,4.65
1340,5.29
1323,21.5
6506,17.7
3557,24.4
4116,39.3
8429,6.08
9949,24.2
3118,31.75
2756,63.0
6804,18.6
6916,18.6
6578,17.8
8928,24.9
2891B,62.0
3516,26.0
7839,44.9
4440,17.6
6671,23.25
6908,30.4
2066,53.9
3002,17.25
3205,48.0
8941,43.5
6118,15.25
1312A,22.5
5398,15.2
1539,15.6
8467,93.6
6128,20.25
1452,11.35
6754,42.3
00781B,27.3
3164,16.0
3266,14.05
8102,66.1
7708,92.2
6109,10.95
4911,28.6
7747,113.0
6523,89.8
00739,27.96
2002A,37.2
3171,63.6
4432,15.85
6641,17.75
2736,12.3
5345,23.1
6674,16.2
5355,5.99
8032,36.35
3567,25.45
00852L,35.88
6556,61.4
00982T,15.32
1776,17.1
4417,46.95
4572,140.5
6504,38.0
4924,10.35
4175,51.5
1474,10.0
3288,21.5
00943,21.47
3531,21.35
6201,44.95
4711,16.75
5704,23.6
4728,400.0
8443,11.4
6722,33.2
5272,17.3
2887G,44.1
8047,43.8
8482,49.0
8201,11.85
1423,35.5
3686,14.45
1583,48.55
5465,24.25
2937,48.45
6194,29.6
1593,31.9
6527,75.5
6140,17.1
6124,26.85
5016,25.05
9902,13.9
8435,53.5
4426,7.79
3349,23.3
5212,46.6
3597,26.6
2929,5.62
8481,41.05
2887F,45.8
6219,12.2
2705,15.85
6158,16.45
9941A,51.3
6276,20.7
5215,39.05
6846,57.4
8024,13.2
4161,22.85
4433,18.95
3191,17.95
4930,16.15
8906,28.25
3168,42.25
6921,67.4
8416,168.5
4173,17.45
7770,36.5
6838,23.05
8401,23.0
2514,12.05
4950,15.6
5353,28.2
6925,51.4
5604,30.8
4702,9.6
2348A,38.3
9928,17.95
1338,14.5
6222,20.15
4153,33.3
7753,37.4
6240,22.9
9944,17.45
4406,10.1
4401,13.9
8450,14.55
5211,19.35
1906,11.5
1521,26.05
8092,13.6
8176,9.84
2904,12.95
2012,14.85
3646,23.5
2945,40.0
2008,30.95
1295,46.25
2754,69.1
00727B,39.29
3684,54.3
2438,17.95
4102,19.1
5548,20.5
2702,12.65
3593,11.0
6952,37.7
6236,17.45
00972,21.7
1101B,43.15
8342,85.8
3083,23.2
7547,51.0
5013,28.3
00958B,9.09
7803,19.4
5701,4.03
4995,49.9
3332,62.0
1813,11.8
2424,7.99
2227,48.5
5902,34.5
6615,34.35
8466,15.7
00899,23.5
1439,29.35
6655,117.0
5603,14.5
006204,230.35
6593,32.85
6114,25.5
7713,73.4
8917,54.0
8107,12.5
4538,17.7
00851,70.0
2926,29.8
1435,23.0
6697,41.4
1530,29.3
6961,51.1
00761B,33.25
4160,39.7
3521,12.25
1453,11.5
3632,7.51
020020,27.5
1203,46.65
00660,46.59
1614,30.9
2897B,11.55
2881B,60.7
6958,18.05
8411,12.8
3432,14.9
3512,19.5
3499,12.4
9918,43.3
2910,24.3
5520,84.0
3158,83.5
4528,15.0
2924,16.4
3252,16.15
1781,10.75
6958A,20.05
911868,1.17
4198,40.0
4568,39.95
7642,78.8
6721,52.5
5906,39.25
8410,30.5
00856B,37.72
1324,10.0
8488,9.87
6910,24.5
6496,24.45
5514,14.6
6662,29.2
009809,17.71
00846B,35.31
6649,35.0
8905,34.9
8477,15.45
7732,34.7
00746B,34.66
3232,19.8
3150,17.3
5547,19.75
009806,13.61
6997,68.0
2726,8.32
6616,8.2
1541,21.65
7782,25.65
6856,42.0
6904,125.5
8067,12.55
8272,62.5
6560,31.2
2947,61.5
8367,40.65
2063,24.15
4584,39.45
6988,11.65
4535,28.8
8101,12.8
7794,28.75
6246,12.45
5301,5.58
2235,27.75
4420,36.7
3523,15.45
5344,13.5
3629,17.95
3224,35.6
4943,7.98
6264,6.02
6169,12.7
2712,14.5
00702,25.34
5205,20.15
4183,14.0
00786B,31.97
2901,23.9
4120,47.4
00886,46.61
00844B,30.61
6884,30.4
6929,22.7
8077,45.0
5703,14.8
4402,14.7
00788B,29.32
5015,21.9
3713,14.45
6751,42.95
1456,13.95
4609,4.62
4972,16.55
6512,20.2
1475,26.6
4190,25.9
8087,25.85
5364,8.55
6482,25.5
1443,25.3
6767,24.5
6692,24.0
7811,72.0
3272,13.9
910861,3.83
3310,68.0
6807,33.95
6144,13.2
5348,16.25
006207,32.44
1441,8.98
6212,31.0
2719,20.6
9962,10.2
2939,19.7
6294,28.8
2432,27.9
8409,18.35
1418,17.95
6228,17.3
6680,51.3
1522A,51.0
009807,16.81
1454,12.5
9926,49.4
00657K,24.66
5516,11.95
3085,11.8
8455,23.6
8349A,45.55
8066,14.7
6624,42.95
00683L,21.22
6198,19.65
00668K,19.57
911608,2.65
2067,5.15
3095,36.0
00785B,34.11
9931,34.1
4706,33.0
00787B,32.06
4131,31.95
00734B,15.5
2740,30.9
2941,29.8
00986B,9.67
00982B,9.49
00836B,28.13
1413,9.36
8437,9.18
2024,13.35
8929,13.3
6645,13.0
6865,25.5
2836A,24.1
5223,23.5
8489,22.85
9929,11.2
2724,10.65
6020,21.0
7743,20.85
00643K,3.91
8423,17.85
00636K,8.78
6661,17.25
4558,17.0
4529,3.38
00771,15.4
2321,14.75
9110,3.14
3672,11.95
911622,3.57
8444,4.65
3115,9.0
0054,28.25
0058,43.71
0059,42.85
00625K,8.77
00649,19.12
00654R,6.68
00658L,37.0
00659R,11.21
00667,20.79
00672L,0.75
00677U,1.48
00681R,21.52
00682U,20.36
00684R,15.25
00691R,10.46
00704L,18.84
00705R,19.03
00707R,32.18
00716R,13.96
00718B,19.05
00721B,48.06
00729R,20.56
00732,40.74
00742,22.2
00743,24.2
00744B,42.35
00745B,42.04
00747B,51.85
00748B,42.52
00765B,38.72
00766L,11.92
00767,17.4
00769B,60.3
00774B,40.85
00774C,9.12
00775B,31.1
00776,20.78
00784B,39.32
00790B,53.2
00794B,39.82
00796B,41.84
00797B,41.36
00798B,42.65
008201,101.2
00831B,41.42
00832B,42.92
00833B,43.87
00835B,45.16
00837B,37.64
00838B,40.38
00839B,41.85
00843B,40.37
00845B,32.73
00854B,41.86
00855B,38.6
00866,21.84
00867B,29.61
00868B,36.17
00869B,36.69
00870B,27.67
00872B,37.13
00873B,37.28
00874B,38.04
00883B,30.98
00906,11.95
00925,16.1
020000,31.12
020001,26.35
020002,11.12
020003,15.89
020004,33.28
020005,19.35
020006,32.05
020007,41.23
020008,13.31
020009,26.67
020010,13.56
020011,16.4
020012,22.88
020013,14.84
020014,6.3
020015,18.69
020016,28.32
020018,24.94
020019,21.59
02001B,8.75
020021,4.42
020022,7.62
020023,7.2
020024,5.94
020026,6.37
020027,10.65
02002L,7.38
02003L,4.34
1213,7.18
1233,28.5
1240,57.3
1258,26.85
1262,34.9
1333,1.44
1507,64.8
1538,8.96
1563,66.0
1566,19.65
1589,5.54
1592,2.57
1701,21.15
1724,15.6
1787,26.15
1902,20.65
2035,27.5
2073,26.4
2358,4.56
2443,3.57
2448,41.4
2456,94.6
2499,4.12
2751,55.0
2809,56.6
2823,30.55
2841,2.68
2867,9.7
2888,11.8
2888A,36.5
2888B,36.8
2928,31.85
2936,40.35
2948,38.3
2949,61.6
3036A,52.0
3064,18.95
3067,17.3
3089,81.0
3144,38.2
3202,3.96
3383,1.7
3426,47.8
3452,1.47
3454,99.4
3536,2.92
3562,14.8
3642,3.87
3664,5.79
3682,7.47
3698,22.25
4130,26.7
4141,26.1
4144,26.9
4152,99.6
4154,12.0
4180,70.9
4192,19.95
4305,43.15
4429,40.8
4550,24.3
4712,2.85
4725,17.9
4745,11.9
4747,56.5
4767,28.7
4803,3.6
4804,3.27
4806,9.28
4944,11.6
4945,76.1
4947,228.5
4987,81.6
5102,24.65
5259,7.86
5264,87.1
5276,18.4
5281,15.8
5304,3.32
5305,42.3
5310,24.4
5349,25.4
5371,83.5
5383,41.5
5455,29.65
5523,30.35
5820,11.7
5878,38.6
6131,5.18
6172,20.1
6195,27.8
6210,17.75
6238,179.5
6242,34.0
6247,15.45
6251,20.3
6287,8.89
6288,20.95
6289,1.35
6404,4.64
6452,56.6
6457,62.1
6497,5.66
6508,26.1
6514,50.8
6592A,95.2
6592B,94.5
6594,31.3
6597,74.5
6730,32.9
6747,199.0
6762,164.0
6806,3.51
6843,38.9
6855,118.5
6881,218.0
6949,1490.0
6951,71.8
7584,27.55
7716,24.0
8080,28.0
8284,67.1
8287,0.73
8406,278.5
8418,8.95
8420,40.6
8427,74.9
8480,84.6
8497,65.5
8913,13.3
8921,17.0
8923,18.6
8934,36.1
910322,26.0
910482,0.25
911616,0.48
911619,0.11
912398,5.15
9157,0.86
9188,3.47
9960,30.35
```

