# 收盤價 MD
# T:2026-10-06 07:59

## [CLOSE]
```csv
代號,收盤價
2330,2575.0
2303,152.5
2409,39.05
2327,626.0
2454,5165.0
3037,1325.0
2492,368.5
3189,1095.0
4958,576.0
2308,2005.0
3105,615.0
1303,286.0
8358,570.0
8046,1495.0
2408,530.0
6488,1180.0
3081,3000.0
6274,1780.0
3481,52.3
2344,181.0
3017,3585.0
3008,6730.0
6213,751.0
8039,303.5
3665,2485.0
3711,742.0
2313,248.5
8150,124.0
2345,2075.0
6182,131.5
2317,254.0
00631L,41.54
0050,115.95
3661,3950.0
2481,180.5
6770,75.8
1815,128.5
3231,189.5
00981A,32.65
2301,298.0
2368,1215.0
3042,222.0
3653,7205.0
3026,817.0
6147,216.0
6239,297.5
5483,214.5
3324,1550.0
6187,1490.0
8021,560.0
2360,2325.0
6442,1705.0
3450,548.0
6805,2450.0
2059,13355.0
6672,451.0
6669,2150.0
2383,5700.0
3443,8600.0
3406,1055.0
2449,294.0
4991,524.0
6257,260.0
6531,1055.0
00403A,11.44
8299,2100.0
4919,155.5
3707,85.3
3264,241.5
2382,331.0
2464,191.0
2376,388.5
8210,890.0
6223,5520.0
3006,282.0
00406A,10.31
7769,5815.0
00685L,13.76
8111,94.3
00991A,19.47
5425,105.5
3163,709.0
6173,292.0
3491,1630.0
6515,6205.0
8261,205.0
2426,114.0
6139,790.0
3529,3155.0
2337,121.5
2484,86.4
6510,3105.0
5347,184.0
3532,469.5
3533,1875.0
6278,220.0
6207,152.0
2357,995.0
1727,117.5
0056,57.85
3455,283.5
5536,954.0
00927,40.82
8996,1595.0
8086,129.0
2404,1310.0
4908,234.5
3441,232.0
3673,76.8
3624,145.5
6285,249.5
00919,31.63
7610,1800.0
2603,234.5
6116,15.9
6505,98.6
4971,584.0
6196,679.0
6533,336.0
5274,19520.0
009816,16.99
1326,71.6
00405A,9.86
3363,664.0
00881,54.45
2395,740.0
6446,1190.0
00632R,9.16
3715,133.0
3605,168.0
1301,68.5
0052,67.65
3374,498.5
8028,281.5
2881,152.0
3094,69.0
6683,1440.0
6456,90.6
2049,345.5
3260,378.0
6209,87.9
3044,557.0
6226,43.0
7856,4280.0
2367,49.65
2882,111.5
2324,35.8
2379,755.0
5351,114.0
6168,47.1
6691,794.0
2887,40.85
3362,191.0
3211,399.0
3714,68.2
4722,224.0
3035,216.0
1802,59.3
2455,606.0
4989,70.2
6834,125.5
00985A,24.58
3236,53.5
2351,222.0
3167,996.0
3034,543.0
3149,79.5
3036,213.5
5289,1295.0
6715,480.5
2883,37.3
00918,33.89
1709,64.3
00992A,20.21
2412,145.5
6426,357.5
3131,2530.0
1560,1040.0
2486,247.0
6271,238.5
5475,184.0
3090,173.0
7711,634.0
4749,806.0
6526,841.0
3498,236.5
3675,349.0
3680,561.0
2891,67.4
006208,265.35
6415,442.0
8069,146.5
6451,432.0
2340,50.3
9933,46.35
2377,155.0
3563,767.0
00712,7.06
3030,305.5
6199,133.5
4551,186.0
3693,689.0
7788,332.5
8064,136.5
5314,28.7
00878,35.11
3293,794.0
00929,30.05
1711,44.2
6727,531.0
2354,64.4
2885,68.2
6197,345.0
00663L,120.05
4931,250.0
6830,550.0
3016,181.5
00982A,24.67
5434,620.0
1714,18.5
5309,67.1
00937B,13.62
1605,38.4
1101,25.0
3045,122.5
2884,44.8
2356,58.3
3583,744.0
1717,74.6
2615,110.5
00947,41.3
009828,11.17
8042,118.5
6290,281.5
00407A,10.71
2302,49.85
00400A,16.52
2485,44.6
6933,384.0
8027,209.5
00961,13.14
00662,125.8
2609,58.7
4906,42.15
4977,175.0
3014,146.5
2890,44.05
6548,78.0
00935,63.55
3234,180.0
6538,335.5
00675L,364.45
2472,227.0
00830,92.9
4772,278.0
2305,57.8
4979,598.0
7795,559.0
1216,72.7
00988A,17.47
6435,276.5
2467,577.0
2466,155.0
7717,592.0
5439,261.0
1519,691.0
6190,77.4
2493,208.0
4967,269.5
00891,38.81
2886,48.55
2489,40.4
3019,141.5
2634,64.6
1590,1180.0
6127,57.8
4904,105.5
00679B,24.5
1409,25.3
1785,102.5
3311,49.5
6620,146.0
2421,169.5
2478,126.5
2363,59.6
4764,196.5
4956,45.55
6861,295.5
2834,17.3
00896,28.59
2371,30.15
2812,18.55
6584,541.0
2342,49.4
6789,488.0
3645,76.0
2436,73.2
2451,289.5
7750,2070.0
5340,85.5
3706,80.4
1569,68.5
2027,47.9
2002,18.9
3357,218.0
00953B,9.49
6640,1165.0
6217,178.0
00922,45.11
2892,38.05
4939,78.6
3023,322.5
3317,71.8
1718,11.15
6414,407.5
2801,27.2
2399,48.6
3702,119.0
5285,100.0
1476,278.5
3221,55.7
6005,33.0
2375,126.0
2413,55.3
8103,121.5
6693,215.5
6781,1050.0
8289,57.2
00980A,26.96
2542,38.05
4927,52.9
3717,27.75
8112,84.1
1708,56.8
2316,171.5
7734,2790.0
00923,42.97
1773,180.5
4576,235.0
2385,105.0
6944,814.0
8091,240.0
3576,18.85
3518,48.75
00994A,18.36
00687B,25.46
00708L,70.8
00865B,48.94
2441,124.0
2458,134.0
5871,105.5
6227,142.5
5269,1475.0
5498,54.8
2033,51.0
4916,105.0
3147,275.0
1477,197.5
1314,8.67
5328,58.1
2618,41.9
3376,171.5
4938,88.7
6907,193.5
2030,36.9
3490,46.15
6449,227.0
4556,125.5
2353,31.4
2880,44.6
6957,410.0
6155,71.0
00404A,10.11
6282,44.45
2338,48.2
8043,140.5
8110,49.2
9904,24.3
00888,36.96
2061,65.2
00409A,10.42
6831,489.0
5880,25.9
6525,140.0
7799,537.0
6664,385.0
6643,508.0
6706,151.5
4566,77.5
6138,287.5
3587,257.5
8033,173.0
4768,365.0
6291,488.0
2428,262.0
00764B,25.42
6788,376.5
1504,69.0
6658,200.0
6739,1125.0
3551,199.0
3141,88.0
3265,188.0
1513,166.5
00892,44.4
2355,44.65
00996A,15.35
2474,207.0
6668,48.25
5469,78.4
2347,97.0
00713,62.85
7828,1840.0
2359,127.0
4763,46.35
2406,31.45
00999A,11.76
3543,54.0
8155,329.5
4542,358.0
2498,42.05
2610,20.1
6284,80.2
7772,167.5
6919,78.8
6491,403.0
00990A,16.59
1595,73.5
3701,60.9
6202,60.8
8096,90.0
3013,93.0
6419,171.5
3031,32.9
3413,295.0
5443,114.5
2393,67.0
4770,274.5
8070,51.7
4949,82.5
3162,86.9
00646,77.25
1597,145.5
00673R,10.8
2912,211.0
6191,85.9
6443,28.2
5876,48.65
2476,128.5
4720,23.0
00934,30.08
4966,574.0
00993A,14.75
3504,84.7
1809,46.6
8271,200.5
2101,28.7
00998A,16.15
8227,366.0
6120,14.35
6175,75.2
2254,94.8
6133,29.25
2645,172.0
2605,35.15
7822,990.0
7751,1605.0
009802,20.3
8074,57.3
6269,65.1
2388,71.8
4903,43.8
00753L,8.36
3055,216.5
5904,68.8
2468,41.5
00940,13.26
6949,47.6
2241,46.05
8182,44.8
2329,45.0
2855,58.2
00984D,9.62
5243,95.7
1102,35.15
8040,94.0
5386,290.5
2889,16.0
00735,112.2
6122,61.8
3691,105.5
6409,891.0
6532,112.0
00933B,14.86
1402,27.75
3227,188.5
4912,109.5
6742,60.2
7792,438.5
00904,44.99
2312,30.7
00751B,28.68
2606,74.3
00635U,42.62
6438,167.5
6163,43.4
00795B,24.64
2401,26.65
6166,129.5
00985B,10.07
9910,66.7
4961,184.0
6903,328.0
1503,196.0
5228,47.75
00997A,11.98
9945,28.65
00913,54.55
6121,382.0
009803,22.35
6719,191.5
1617,24.1
2483,40.7
1710,17.5
009829,11.15
00995A,18.83
00962,15.29
00984A,16.1
3289,141.0
5534,71.8
009826,10.04
6126,33.4
3592,239.0
00720B,30.61
8081,259.0
4743,47.1
00724B,31.37
6716,133.0
4760,348.5
00411A,10.94
6152,17.25
2332,20.15
6179,35.75
00670L,215.45
2352,28.95
5234,307.0
00981B,8.92
3005,117.0
00715L,69.9
00900,19.49
9941,75.9
2845,12.8
8932,91.4
2221,186.0
3354,31.6
2465,90.9
6204,113.0
00859B,40.64
1609,38.2
7712,176.0
3219,128.0
5464,93.9
009805,15.26
00722B,32.9
00738U,48.22
6603,28.3
8422,25.3
3596,156.0
6877,145.5
2369,31.6
2480,166.5
3048,53.6
00725B,32.63
9105,8.32
6218,61.4
5864,39.8
3010,130.0
9921,89.1
2207,510.0
8016,293.5
6112,44.9
00939,23.87
2328,48.3
3029,117.5
6485,79.0
00719B,30.98
2548,91.5
3718,65.0
4960,24.0
8131,63.5
5432,178.0
2402,59.0
4915,63.7
9914,66.4
2105,30.15
00954,21.05
6016,24.35
1722,40.85
6901,18.0
4707,30.25
00987A,18.34
6205,72.6
3580,108.0
009821,13.03
6472,420.5
2020,25.25
6953,257.5
00401A,14.66
2637,97.7
2439,75.3
2374,66.5
4923,64.1
1312,14.5
6667,264.5
3305,109.0
9939,126.5
8454,234.5
2034,23.5
8926,59.1
5388,71.7
6416,119.5
8436,104.5
9958,89.8
4739,87.4
6530,98.5
00402A,10.25
4716,19.05
2103,28.6
3138,105.0
6937,302.5
1514,102.0
00768B,45.58
1795,177.5
7556,300.0
3615,44.45
2208,18.45
3402,140.0
3088,134.5
6994,31.95
4976,37.4
8255,151.5
009820,10.63
6547,60.4
00692,99.55
6962,33.9
2236,98.0
6265,49.05
6141,51.2
00894,52.75
00637L,18.01
6588,111.5
6811,246.5
00410A,13.24
3535,92.7
3033,42.4
7749,399.0
2501,20.35
1721,27.55
4540,60.6
1319,77.8
6651,156.0
1736,124.0
2527,51.8
009804,24.82
7810,249.0
5452,30.0
6945,129.5
8383,69.3
2614,19.1
6176,92.3
2915,56.9
6613,284.5
2444,16.2
8054,87.3
6244,23.25
00882,14.71
00905,28.59
00915,32.86
4174,46.2
6829,206.0
2419,27.6
2392,41.55
3135,157.0
3004,120.5
3581,117.5
6214,188.5
7777,38.5
1528,24.15
6405,41.9
3483,81.3
2201,28.35
00909,48.2
6231,236.0
5292,247.0
3114,43.6
00772B,30.96
2204,51.1
8240,58.0
3028,63.4
3339,45.9
6432,67.1
6617,127.5
00665L,8.46
6174,60.5
3380,31.3
5284,301.0
3515,217.5
6425,76.6
6177,45.3
3049,12.25
2633,25.65
00893,47.23
3689,113.0
1229,39.65
00864B,46.18
8936,53.1
6206,137.5
8050,62.0
6245,89.1
3416,168.5
00680L,5.7
6592,55.4
3479,136.0
3229,56.8
5009,32.45
3022,92.0
00981D,10.05
1215,104.0
8438,81.0
4526,33.5
00950B,13.0
3338,70.1
00945B,14.18
2233,169.0
8109,139.0
3685,36.1
4973,138.0
00694B,41.66
2504,30.95
00885,17.75
4968,99.1
6292,71.2
4147,60.0
6712,160.0
6902,147.5
2851,45.6
6023,84.3
1210,51.6
8121,32.5
6462,103.5
8390,89.0
2006,85.8
3437,21.9
00757,143.6
8215,28.6
2646,20.05
00696B,26.7
00952,18.7
6215,97.8
3591,27.8
8147,141.5
6188,61.6
00930,23.99
00731,98.05
6224,79.7
3228,172.0
2597,163.5
2539,33.5
8105,15.3
1608,35.85
00951,19.67
6266,27.0
2104,11.25
009819,9.79
2515,11.8
3060,28.5
3564,61.7
3467,71.1
6509,49.9
8431,63.6
6015,18.1
7765,229.0
3704,40.05
5299,105.0
2897,10.6
0053,263.0
3617,241.5
6753,131.0
5291,64.5
2601,6.45
6412,75.1
00408A,11.03
00850,99.2
1536,46.1
1231,78.5
00877,34.87
3708,96.3
4583,419.0
00664R,1.48
6983,359.5
00912,37.41
6782,229.0
6925,69.2
009823,10.49
5471,52.6
00740B,35.69
6279,116.5
009824,10.74
00887,15.03
2009,39.2
2838,20.2
6153,17.85
4585,291.0
3388,84.6
00943,21.36
3663,63.2
4766,346.5
2072,129.0
3059,38.25
6143,80.1
3062,22.7
00989B,9.82
7827,167.5
2032,19.0
00895,53.3
2820,16.6
00910,58.1
4721,80.9
5522,60.1
00773B,33.14
6150,66.3
4905,97.1
2491,40.05
2887I,9.52
00955,15.87
1713,44.8
2617,32.1
1313,12.5
3066,28.05
6469,63.3
5608,16.8
2731,144.5
00676R,5.07
7768,306.5
3209,46.1
6104,90.7
4541,60.8
6708,68.6
00924,34.04
00697B,33.91
1440,13.4
6679,206.5
00941,27.01
2211,79.0
00931B,12.4
6761,169.5
00643,17.01
8464,362.5
3312,51.7
00901,50.2
6579,158.0
00946,15.56
6148,36.3
4771,207.5
3526,276.0
00948B,8.74
2727,233.5
3213,125.5
00642U,30.94
4123,30.85
3540,24.6
5288,187.0
00876,96.2
1582,72.4
6108,25.65
0055,48.95
4577,92.5
3548,75.6
7689,164.0
2495,38.45
1227,27.75
3550,25.1
4114,29.05
00928,35.61
6125,50.3
2014,16.85
9917,106.5
6134,29.1
00733,76.35
6164,13.85
3597,30.45
4128,15.45
6486,78.0
1434,17.85
2206,62.6
4746,47.35
6821,45.5
3577,112.0
3032,79.3
7825,80.6
5392,39.2
4303,32.0
2397,64.4
2069,24.8
1563,77.0
3537,56.0
00965,25.54
2611,15.2
2630,46.15
6743,35.6
00917,21.92
00633L,43.66
6535,85.0
1307,30.85
00907,17.57
1904,24.0
6261,78.1
1810,23.7
9925,39.4
6885,29.3
3430,113.0
00690,85.8
3545,50.4
3003,59.8
3152,240.0
1310,9.53
3444,77.0
6922,215.0
6869,68.6
6894,358.0
2543,38.05
00963,12.26
2348,69.9
00938,26.9
3217,129.0
6499,79.6
4510,42.65
00964,14.78
6221,30.1
00763U,34.36
00650L,15.2
6605,135.5
7744,528.0
6873,65.9
3025,55.9
5607,51.8
00981T,11.67
4755,121.0
00770,66.5
9938,37.9
2903,21.75
2520,36.65
2365,28.0
009827,10.54
1707,84.6
4536,160.5
7780,15.8
5203,60.2
4105,78.3
00762,122.35
5474,159.5
5521,10.75
2362,46.25
9911,81.3
6695,52.7
00942B,13.09
6840,97.0
6690,177.0
6234,38.85
3588,57.0
00983A,13.35
00988B,19.02
3290,49.95
5426,29.15
2641,17.25
6803,265.5
00728,72.75
6517,66.4
7786,120.5
00987D,9.43
2031,45.8
00853B,25.36
3356,67.4
00987B,15.17
3485,217.0
6263,167.0
3323,30.6
6799,91.8
00693U,23.32
2434,61.2
1808,31.35
3694,51.2
3218,133.5
2231,92.2
00861,91.95
1723,80.1
4953,116.5
2243,54.5
1515,28.7
6589,50.7
2535,88.3
00701,41.02
8473,40.35
2537,10.9
6146,181.0
6541,31.45
3630,27.3
4714,11.95
3268,23.1
5227,28.95
1907,27.6
1909,10.0
8114,179.0
2420,57.7
2850,159.5
3230,40.75
3294,32.35
00752,21.94
2540,47.45
8163,30.7
6875,27.55
3169,113.5
5011,22.45
6670,270.0
00857B,21.18
2025,13.9
3528,86.9
6757,53.0
00990B,9.81
7730,188.0
1905,12.7
6909,43.95
6870,320.0
2457,22.2
6477,34.05
6411,78.7
00681R,23.05
3078,46.0
6189,49.4
6235,38.35
1304,12.6
9907,14.8
1735,24.35
8162,66.9
3051,22.9
4127,43.3
009815,12.15
4534,30.3
6913,130.0
1309,14.05
4545,39.8
7805,498.5
6996,165.5
3021,27.75
3552,44.4
2349,10.35
00648R,3.9
8341,73.8
2010,22.35
3287,40.55
00911,59.15
3178,69.8
3709,64.4
2547,9.66
1316,10.3
3558,130.5
6732,153.5
1532,21.65
4951,90.1
7728,636.0
2417,38.5
009800,13.63
2462,20.7
2836,11.95
5515,51.2
6225,69.2
1459,20.55
4169,149.0
009817,8.48
2425,37.25
2427,22.8
6568,137.5
6725,223.0
7740,102.5
2258,30.5
6862,140.5
9802,64.2
4532,24.55
2405,15.15
8234,62.8
6947,68.7
009813,11.57
8088,44.0
00653L,40.66
6208,79.9
00980D,19.38
5236,134.0
2442,14.0
4590,88.3
3284,21.6
5213,20.15
3703,19.4
00989A,18.06
8201,16.35
8076,21.4
3024,13.75
5465,32.7
3594,46.2
3257,50.7
5222,105.5
2331,18.8
7714,169.5
7402,99.5
4533,25.55
2883B,8.61
2530,19.85
3176,38.25
00636,26.11
00688L,5.68
2636,70.2
5508,53.0
6259,33.15
6854,93.0
1591,41.85
009814,11.44
6689,63.1
1720,55.8
6243,40.2
2612,61.6
8415,35.1
3484,49.15
5321,67.1
3015,53.8
2913,10.9
4571,154.0
7709,87.6
5263,90.6
2108,28.1
4569,157.0
4736,128.5
1712,39.65
6192,110.5
6561,314.0
3520,18.05
1308,14.3
6914,118.5
00852L,32.41
009822,9.31
2753,183.5
1305,12.35
4162,55.0
2707,174.5
3346,23.85
00926,26.58
1342,99.8
3041,24.15
6895,156.5
6550,16.2
6186,28.65
006201,48.96
00970B,8.62
6423,92.0
0057,343.65
00959B,8.64
6576,78.5
3530,58.9
006205,38.96
5381,22.9
00782B,28.17
4934,14.8
4564,15.95
8374,76.9
7812,65.5
6136,25.2
6026,16.0
5225,54.4
5490,25.25
1612,35.0
5209,174.5
8045,55.5
1725,34.15
7631,141.5
009811,13.6
2723,76.3
5530,48.25
3093,46.7
6130,22.55
3372,16.35
1623,198.0
4952,50.3
00984B,14.99
7736,71.0
3625,10.4
5244,37.45
2546,106.0
2228,74.1
6417,102.5
00985D,9.42
1537,113.5
2536,18.35
6642,82.1
8249,40.5
6156,22.25
5609,77.7
6841,55.6
4129,82.2
4164,26.95
5484,38.7
2887G,44.15
3622,46.2
8222,35.4
2106,16.5
00902,12.86
9927,62.1
5457,24.0
4113,14.8
00936,21.8
6890,147.0
6165,48.6
1565,96.7
1529,15.65
4306,14.3
5230,22.35
0051,152.45
1584,18.1
1618,38.9
7855,41.3
5871A,99.9
2528,19.05
6574,120.0
1568,31.45
00695B,33.63
00921,23.87
2453,53.2
8038,35.4
2505,17.0
2429,30.05
2364,64.8
2607,53.2
00897,13.87
2471,50.7
4142,17.9
00746B,33.08
8071,22.0
5013,51.5
3054,60.1
00657,82.6
2387,36.15
3611,182.5
00858,36.3
6534,93.0
1522,25.75
5519,24.8
00678,42.48
3716,33.7
3508,24.9
009810,21.34
1442,26.1
6756,98.2
1104,26.5
4506,117.5
8942,39.85
6237,35.6
4563,54.0
8044,23.65
4104,71.9
7703,205.5
6117,62.5
00700,16.42
00875,58.45
3705,56.6
6024,59.7
6596,96.3
4909,37.3
3556,58.5
6741,54.9
5016,27.0
5258,41.5
5210,29.8
00949,22.26
2497,44.05
3047,14.4
3712,20.6
5512,7.51
9942,113.0
2905,17.65
6546,60.8
5287,137.5
6768,63.1
1786,41.5
2852,27.5
00916,26.74
1444,6.8
4555,41.4
00779B,25.63
6270,30.25
6585,103.5
8104,31.35
3046,53.8
4807,31.1
1580,95.8
00986D,13.83
020025,41.82
2023,13.8
00991B,14.21
4729,19.8
8213,33.85
3631,40.85
9934,9.69
2461,16.95
1524,25.8
2816,39.7
4157,8.52
1201,11.4
00645,58.75
6441,24.9
4441,169.5
3188,22.65
5493,90.3
8404,13.0
6180,41.35
2029,21.8
6129,14.55
4974,71.1
6794,76.0
4167,19.45
00966B,12.85
6275,47.65
7722,262.0
00842B,27.97
3207,40.0
2640,154.0
3056,13.6
3303,48.9
1232,153.5
2015,63.8
1455,9.87
3546,72.2
00655L,30.3
00968B,8.59
4935,33.75
6277,77.1
5511,68.5
00671R,2.32
1760,53.9
4942,31.35
4163,136.0
00849B,37.12
8478,139.5
6465,40.85
3130,209.0
8499,256.0
00960,22.72
4907,42.8
4728,395.0
2832,56.3
6573,16.55
5903,186.5
4561,42.8
00652,30.9
2414,53.1
3297,32.1
6649,37.15
00669R,5.43
6965,59.8
00741B,36.52
00982T,15.7
6461,26.7
6967,70.9
1558,110.0
6101,37.35
1611,11.25
6021,42.75
1586,17.8
00986A,15.13
2887E,48.35
6170,48.65
3040,33.9
006207,30.55
2460,30.5
2511,8.25
00756B,28.6
7738,155.0
6418,34.15
1447,6.41
00730,30.16
00932,17.58
5283,52.1
2887H,42.75
3092,24.1
2107,27.1
6934,74.4
00983B,14.3
2459,64.9
2908,22.2
00862B,29.01
3628,72.2
5410,32.9
00848B,32.07
00647L,138.75
6763,41.1
1903,47.05
6498,69.8
3652,35.7
5306,87.6
1789,18.5
009801,11.8
00983D,9.57
00982D,9.29
00706L,19.1
7823,79.9
8476,20.2
5403,92.5
00761B,31.69
3050,11.65
5531,6.69
4416,12.75
5202,13.7
9930,59.4
2613,21.85
6859,123.0
4549,98.8
2423,72.6
00863B,29.32
6969,31.3
3511,20.25
5538,37.2
00799B,27.31
4205,67.8
6492,33.85
6923,73.5
1734,32.1
3555,166.5
00967B,8.47
7547,63.7
4741,40.5
00884B,27.19
6790,37.25
1436,35.6
00760B,49.76
6654,219.0
00944,22.28
00980T,12.14
1472,86.9
4107,110.5
1315,68.7
8097,48.85
009808,33.0
00791B,56.05
6625,73.7
5487,29.1
1799,28.6
2070,62.6
1234,32.4
3002,19.2
7818,60.0
00723B,28.11
2538,8.67
6233,23.6
00639,14.98
00668,59.4
8047,51.0
4933,54.0
1616,18.3
00686R,0.9
00661,90.45
2743,51.3
8072,27.1
8011,16.1
4119,54.3
00727B,38.84
9940,19.9
1603,30.35
2545,34.0
006204,247.8
6115,44.1
8048,51.3
2762,78.5
7715,26.95
6220,25.3
5488,12.05
1416,11.85
6698,31.35
1218,14.4
6609,39.05
6558,25.4
00759B,50.5
3623,30.05
6113,24.2
2608,28.7
2390,10.05
5015,23.45
2102,16.4
2534,16.55
1784,59.5
3501,37.8
2704,44.6
1336,18.0
1467,8.22
00860B,37.68
00758B,48.08
9946,16.7
8049,24.55
4580,82.4
00726B,30.91
00956,13.24
00969B,7.36
1737,30.0
6111,37.0
2415,27.9
6142,9.06
1325,25.7
4137,75.8
6838,25.3
4560,29.85
8938,51.6
8083,158.0
6735,66.3
009812,13.13
2247,226.0
6494,52.9
4995,47.3
1587,23.4
00640L,111.05
00754B,30.2
8924,49.2
00789B,44.15
4711,16.8
3360,15.3
6598,26.8
1437,31.25
2064,11.95
3038,20.4
6928,45.7
2440,14.5
1527,32.8
4503,23.9
6591,42.9
3071,22.7
1217,9.87
006203,208.85
6684,49.05
009818,21.45
6140,19.7
00957B,12.37
7743,25.9
2755,99.5
3438,61.8
6785,94.4
4924,15.0
6863,96.1
1256,168.0
4562,30.0
9103,4.89
00792B,28.92
6796,57.0
3322,11.2
4417,49.2
1517,10.25
2038,12.65
8085,14.85
5220,22.7
5478,97.1
00780B,35.22
4588,55.8
1702,32.8
00781B,25.57
4168,22.8
00683L,22.73
9924,37.9
2882A,60.1
6986,44.0
8462,157.5
2754,67.2
1615,42.25
1339,42.7
8927,18.85
3058,8.12
1474,9.98
6924,132.5
1264,246.5
3669,32.8
00851,73.95
5902,34.1
1466,14.35
9906,38.85
8349,40.15
9955,22.9
8171,20.7
00846B,33.88
8446,85.1
2250,55.2
6028,99.3
1604,23.25
0061,22.9
3390,22.2
7821,35.15
6184,40.1
3011,9.8
2524,33.65
00736,31.76
4195,15.55
8463,21.0
6272,25.25
1733,30.15
2752,176.0
912000,2.48
5312,89.7
00777B,29.86
3466,24.3
00920,25.42
5460,17.55
00755B,30.22
1240,53.9
00971,17.92
009825,9.64
6722,33.05
1533,30.2
1598,20.35
00778B,31.57
6776,52.4
5450,14.45
2745,84.9
6906,82.7
8937,25.2
00980B,8.76
6612,74.2
6167,10.25
00834B,31.87
5706,44.0
00845B,31.22
2237,26.95
6657,33.0
4582,22.1
00890B,29.83
5353,29.5
1540,18.95
4148,31.75
00750B,30.47
9951,46.5
3296,28.55
6230,113.0
3306,47.5
00737,41.63
8089,19.35
1103,13.05
2450,28.15
00687C,8.65
1225,24.35
3321,18.2
00749B,29.28
4543,30.15
1449,12.35
3679,108.5
6728,108.5
5355,7.87
6171,24.0
6161,49.15
5468,24.7
3027,18.8
2923,24.25
4207,19.45
9919,13.9
4139,43.0
7642,67.5
4155,14.75
4438,56.4
6887,37.55
2516,14.85
4178,17.65
00840B,27.43
2230,21.8
6872,22.5
4171,16.85
6606,24.85
1219,11.2
3527,50.9
6754,41.0
8084,19.65
6733,24.6
7704,60.4
3086,27.4
6158,17.8
3168,42.4
4557,50.4
00841B,26.09
1471,9.45
5014,10.0
00674R,29.55
2729,154.5
1295,49.05
00710B,18.52
6201,44.05
1451,17.0
5278,23.6
5206,22.6
1110,14.35
9935,18.3
2596,34.3
3043,20.85
4726,22.95
6151,35.1
1414,17.3
2748,38.6
6792,58.5
00775B,29.57
5251,29.4
4106,24.15
4737,55.3
2114,90.0
2849,15.55
5302,9.88
00689R,24.11
00898,11.84
3666,25.3
1730,51.1
2939,23.45
8099,59.6
8931,42.4
6570,47.45
00702,23.12
2488,48.95
7803,17.65
1101B,43.35
00844B,29.1
00714,20.16
2705,15.05
2065,35.55
8432,51.0
1464,9.93
9908,28.95
1419,65.3
1726,76.1
3434,31.0
3687,60.8
6281,50.7
6216,19.9
2887F,45.4
6614,35.3
00684R,14.72
6203,60.0
5533,13.85
4513,16.1
3609,23.65
2062,17.9
3447,27.6
6527,74.3
2509,13.95
6118,16.05
9943,50.5
6703,100.5
6968,41.3
00958B,8.56
1321,32.3
3332,64.9
00786B,30.42
6823,60.8
6185,12.45
2017,8.93
1460,6.12
6835,32.0
2739,36.25
8435,53.2
3489,22.95
2438,20.1
3224,31.45
8068,17.5
5245,20.55
6523,89.0
1614,30.85
3516,26.25
00903,22.26
5315,18.85
6918,73.8
2881C,51.7
2881A,61.4
6931,38.05
2616,13.15
1473,19.1
00711B,14.6
2248,60.7
1731,20.8
1531,11.45
8411,11.7
2722,21.55
3419,12.05
4138,53.5
1338,14.95
4133,20.3
1457,14.3
8935,18.75
6123,42.8
7791,54.3
9902,12.95
00734B,14.76
5525,21.75
7753,35.65
6552,24.95
3557,24.15
8487,70.0
6615,34.0
2066,52.4
6881,215.5
5905,7.29
2109,14.25
4994,81.3
6674,18.3
2916,40.5
3206,34.0
4554,27.85
00785B,32.6
3570,169.5
8059,17.8
3259,13.0
2239,18.5
1109,13.2
7723,18.05
1323,21.55
3349,19.0
6183,91.4
4131,30.85
4126,77.6
1752,31.3
4420,35.2
3686,15.75
3684,55.2
1294,49.8
3499,13.5
1417,8.12
8093,24.85
1268,176.0
00899,21.95
2482,16.3
4116,40.0
1506,9.71
7705,29.85
6752,96.6
5310,29.7
1788,128.0
4572,138.5
6951,69.1
8916,40.95
4735,36.05
7721,63.0
5489,41.7
9905,21.25
1236,25.5
7718,45.95
6569,91.7
3128,20.05
2028,16.8
3308,22.45
8272,60.8
3492,19.7
6666,45.35
8279,80.1
6283,18.9
6916,19.05
6516,56.6
5481,21.7
8410,27.65
4166,24.3
6961,46.9
4109,10.9
6470,42.6
3567,26.0
2947,61.0
8034,19.75
4111,29.0
3057,15.6
2938,18.15
009807,18.23
1203,42.5
6128,19.0
00709,38.46
5007,55.8
3122,23.35
6229,24.15
6908,26.55
2906,13.25
6955,93.5
4440,17.65
3541,24.6
5523,30.2
009809,19.01
00641R,3.62
4433,17.7
4120,46.0
8442,45.95
2433,40.0
6560,31.2
3325,11.6
1337,4.41
1220,10.95
3521,11.55
1780,25.15
3607,13.8
7757,89.4
6241,16.25
910322,23.15
6506,18.65
4552,15.6
8437,11.0
8024,12.4
8489,22.05
4160,38.4
3710,8.19
2348A,38.3
8277,15.3
6590,64.2
1108,11.05
6958,16.65
6474,35.65
9136,9.37
2514,11.25
5907,4.75
00870B,25.96
5529,25.95
6578,16.35
7708,91.8
4946,98.8
6504,37.05
1783,36.9
1535,45.3
3205,47.0
5215,37.65
4414,8.09
2506,8.38
6464,77.2
2706,12.05
00908,14.25
2013,41.1
2227,44.2
1456,14.85
9937,54.4
2732,63.3
2063,23.8
2022,7.26
1438,21.5
6431,16.9
00638R,6.99
6843,38.3
3379,27.7
1776,18.4
2373,52.5
5704,22.5
6581,108.0
5324,12.4
6637,53.4
1732,26.0
6248,17.15
020020,31.2
6936,32.0
3285,41.95
1806,7.88
1235,30.8
6874,69.7
3150,15.35
1777,74.4
5201,27.35
2007,6.91
3266,13.9
1452,10.6
7819,33.25
00886,49.75
6791,99.5
4806,12.1
2734,14.35
1446,13.35
1410,24.05
7732,32.7
4192,17.8
7842,97.9
1762,33.7
2901,25.0
1526,14.85
8112A,45.6
4108,11.3
5398,13.65
9928,18.0
1445,9.98
2642,20.15
7770,42.0
8403,18.85
3052,10.45
8032,36.15
2314,11.1
4188,13.85
4304,17.0
6240,26.0
1432,14.95
6655,125.5
8488,9.84
3313,10.3
4175,50.8
1465,11.65
6508,26.1
3158,86.0
5272,17.9
6921,66.0
2430,17.5
6982,45.0
6804,18.55
4153,31.4
8426,20.6
2477,22.65
8284,67.8
2321,25.35
6577,80.5
5356,25.8
4754,37.95
2929,5.81
5345,22.1
1468,13.15
8433,52.6
7794,30.25
4706,35.7
8424,70.3
2496,54.8
00972,21.23
2887Z1,21.7
5344,13.55
3512,18.95
4999,17.9
3310,67.6
1742,17.35
6771,42.5
00783,26.75
3276,14.15
2431,10.0
6103,35.9
6144,13.05
8908,39.85
2380,16.6
8930,28.5
4102,18.0
4972,16.2
2115,23.9
4502,15.75
7767,46.0
3083,23.75
9918,42.8
5438,17.1
00651R,5.46
8429,5.9
8416,169.5
1516,13.75
2891C,60.5
8472,66.3
6582,31.35
4430,17.75
6294,28.05
3522,12.15
1583,45.7
4442,53.2
5878,37.5
8349A,45.2
6219,12.15
3226,62.8
2643,62.6
8467,88.3
8354,16.7
6697,41.1
9931,33.85
4161,21.7
3373,15.9
3018,11.95
1817,39.75
00717,14.51
6971,23.75
00654R,7.18
2882B,58.8
5212,49.0
3713,13.55
6114,23.3
6952,38.75
7811,72.0
3432,14.7
6593,31.8
4523,23.75
9944,17.25
3164,16.55
6109,10.4
8080,28.0
8421,13.0
7760,32.8
7835,19.9
1453,10.9
7820,111.0
6865,27.7
6556,60.9
4568,39.05
1324,9.91
6124,27.2
1418,18.7
6730,31.85
00666R,9.48
2012,14.2
5211,20.9
5548,20.05
4426,7.53
1539,15.65
7839,43.0
6680,51.5
4702,9.3
9912,13.1
1906,10.6
910861,4.68
5603,13.55
5205,25.05
00660,45.3
6720,124.5
1340,5.22
2891B,61.7
6910,25.8
8367,40.75
9926,48.85
1521,25.7
8481,40.65
6210,18.0
4439,96.0
3465,29.85
1593,31.4
5701,4.05
2701,10.2
3118,31.2
2911,6.04
9960,38.05
8401,22.7
6721,50.2
00703,18.5
2432,27.7
4401,13.8
006206,36.52
8906,28.95
8107,11.95
1530,26.7
4744,28.35
1475,26.1
2838A,52.0
3494,7.05
6020,20.6
6629,103.0
8928,22.85
6160,13.95
6844,56.9
6276,19.75
7814,28.2
5348,17.05
3073,20.55
1570,32.5
6597,64.9
4747,22.85
1805,9.96
8482,48.35
8440,20.2
4154,11.85
6641,17.05
00856B,37.14
2751,53.0
8176,9.76
1541,20.6
2424,8.6
8092,12.2
7713,73.0
2836A,23.9
3191,17.0
6751,44.45
6154,14.2
8941,43.95
2702,12.1
3288,21.55
3232,20.25
3171,57.2
1781,9.8
4745,12.15
4402,13.55
9950,10.2
4581,48.0
8933,4.56
3523,14.1
1599,23.1
5604,31.75
1463,17.5
6496,24.2
6762,156.0
4173,17.3
8455,22.1
00787B,30.08
1443,23.05
1341,59.4
4121,12.7
00739,26.29
6592B,95.4
00634R,3.27
5364,8.3
2712,13.4
4528,14.8
6988,11.7
5547,20.05
8101,11.2
8477,14.0
2945,39.95
5455,30.8
2008,30.5
2897B,11.85
4535,26.9
6645,12.75
4190,24.3
9962,10.15
2002A,37.25
6482,23.5
7584,28.5
8291,28.1
8423,17.8
2756,62.0
5543,27.45
00986B,9.15
4530,24.6
3252,15.3
3064,14.3
2718,40.3
2926,30.1
6194,30.05
8102,59.6
00771,14.89
1435,21.5
6846,58.5
5906,38.95
9929,11.05
00682U,21.09
4911,28.25
6195,28.1
6807,32.05
1233,28.0
00788B,27.95
7747,111.5
4943,6.72
2067,4.89
4432,15.3
4538,17.25
1454,12.05
1626,9.65
4558,16.75
6997,66.5
8450,14.25
6929,21.85
9941A,48.6
1525,63.3
2726,8.0
3272,14.15
2881B,60.7
6228,18.0
8940,14.95
8067,11.2
6222,19.9
6958A,21.8
6616,8.45
1470,24.1
1441,9.81
8342,83.0
1413,9.1
2235,27.2
6671,23.3
8409,18.0
4413,19.9
911868,1.15
2948,37.25
8066,14.85
6264,6.05
2910,23.35
00636K,8.2
009806,13.77
1512,6.22
6856,41.75
2740,30.95
6904,123.0
9949,24.4
3664,8.0
4406,10.0
3632,7.05
6542,39.5
3593,10.75
1796,29.5
6198,19.45
5223,23.0
6855,113.5
4930,15.9
5516,12.0
8929,13.0
2904,12.55
6899,49.6
3672,12.3
4198,48.95
2719,19.4
6592A,96.8
8087,24.0
6884,30.6
2736,11.2
4767,28.5
5520,84.0
8466,15.15
00656R,6.17
5546,14.0
6692,23.25
4529,3.3
1423,34.5
3629,13.35
6661,16.6
00707R,31.9
3531,21.15
2949,62.5
1439,29.3
2924,19.3
8443,11.15
911608,2.65
00982B,9.02
8917,53.6
00836B,26.34
2024,13.15
00657K,26.1
2073,25.6
7782,25.2
4419,49.95
4550,24.2
8077,41.5
6512,20.2
6624,39.5
9110,2.95
00668K,18.73
8923,18.0
6242,33.85
1813,11.25
3095,33.5
6212,32.0
2941,30.75
4609,4.31
00867B,28.41
3646,25.2
1312A,22.85
5276,18.15
3115,8.5
4183,14.75
1213,7.2
5703,13.5
6246,12.7
2724,12.45
911622,3.6
1538,8.13
0054,28.25
0058,43.71
0059,42.85
00625K,8.33
00643K,3.74
00649,19.12
00658L,37.0
00659R,11.21
00667,20.79
00672L,0.75
00677U,1.48
00691R,10.46
00704L,18.84
00705R,19.03
00716R,13.96
00718B,19.05
00721B,48.06
00729R,20.56
00732,40.74
00742,22.2
00743,24.2
00744B,42.35
00745B,42.04
00747B,51.85
00748B,42.52
00765B,38.72
00766L,11.92
00767,17.4
00769B,60.3
00774B,40.85
00774C,9.12
00776,20.78
00784B,39.32
00790B,53.2
00793B,29.55
00794B,39.82
00796B,41.84
00797B,41.36
00798B,42.65
008201,101.2
00831B,41.42
00832B,42.92
00833B,43.87
00835B,45.16
00837B,37.64
00838B,40.38
00839B,41.85
00843B,40.37
00847B,23.3
00854B,41.86
00855B,38.6
00866,21.84
00868B,36.17
00869B,36.69
00872B,37.13
00873B,37.28
00874B,38.04
00883B,30.98
00906,11.95
00925,16.1
020000,34.08
020001,28.63
020002,11.12
020003,15.89
020004,33.28
020005,19.35
020006,32.05
020007,41.23
020008,13.31
020009,26.67
020010,13.56
020011,16.4
020012,23.13
020013,14.84
020014,6.3
020015,18.69
020016,28.32
020018,24.94
020019,21.59
02001B,8.75
020021,4.42
020022,7.62
020023,7.2
020024,5.94
020026,6.37
020027,10.65
02002L,7.38
02003L,4.34
1258,26.85
1259,68.0
1262,34.9
1333,1.44
1507,64.8
1522A,51.3
1566,19.65
1589,5.54
1592,2.57
1701,21.15
1724,15.6
1787,26.15
1902,20.65
2035,26.7
2323,11.0
2358,4.56
2443,3.57
2448,41.4
2456,94.6
2499,4.12
2809,56.6
2823,30.55
2841,2.68
2867,9.7
2888,11.8
2888A,36.5
2888B,36.8
2928,31.85
2936,40.35
2937,44.95
3036A,52.0
3067,16.9
3085,12.1
3089,81.0
3144,38.2
3202,3.96
3383,1.7
3426,47.8
3452,1.47
3454,99.4
3536,2.92
3562,14.8
3642,3.87
3682,7.47
3698,22.25
4130,26.7
4141,26.1
4144,26.9
4152,99.6
4180,70.9
4305,41.55
4429,40.8
4527,40.9
4584,38.0
4712,2.85
4725,17.9
4803,3.6
4804,3.27
4944,11.6
4945,76.1
4947,228.5
4950,16.1
4987,81.6
5102,24.65
5259,7.86
5264,87.1
5281,15.8
5301,4.99
5304,3.32
5305,42.3
5349,25.4
5371,83.5
5383,41.5
5514,15.15
5601,30.55
5820,11.7
6131,5.18
6169,12.0
6172,20.1
6236,16.9
6238,179.5
6247,15.45
6251,20.3
6287,8.89
6288,20.95
6289,1.35
6404,4.64
6452,56.6
6457,62.1
6497,5.66
6514,50.8
6594,31.3
6662,28.6
6747,199.0
6767,24.45
6806,3.51
6950,29.6
7716,24.45
8183,28.2
8287,0.73
8406,278.5
8418,8.95
8420,40.6
8427,74.9
8444,4.35
8480,84.6
8497,65.5
8905,34.5
8913,13.3
8921,16.45
8934,36.1
910482,0.25
911616,0.48
911619,0.11
912398,5.15
9157,0.86
9188,3.47
```

