# 收盤價 MD
# T:2026-10-06 10:55

## [CLOSE]
```csv
代號,收盤價
2303,147.0
2454,4920.0
2330,2570.0
2368,1255.0
2383,5940.0
6274,1715.0
2317,254.5
2313,251.0
2308,2025.0
6213,794.0
4958,576.0
1303,286.5
6488,1210.0
2409,37.45
2492,372.5
2327,619.0
3661,4140.0
2408,529.0
3443,8480.0
8358,553.0
3037,1300.0
3374,489.5
6669,2250.0
3105,590.0
8046,1495.0
3008,6720.0
3665,2270.0
2455,567.0
6182,130.0
1815,127.0
3189,1065.0
2344,179.0
8150,125.5
3017,3630.0
3406,1030.0
6257,272.5
3491,1680.0
3441,255.0
5347,191.5
2059,12910.0
0050,115.9
2345,2045.0
2449,297.5
6187,1455.0
4979,568.0
3481,50.9
6239,302.5
8039,297.5
3231,188.5
6683,1515.0
3081,2945.0
7769,5920.0
6285,257.0
3711,739.0
2481,176.5
2301,296.5
6770,74.6
8021,562.0
3211,381.0
2426,107.0
6531,1035.0
00631L,41.49
6223,5640.0
3042,208.5
6147,215.0
1709,62.5
3026,798.0
00981A,32.46
5483,215.0
6805,2400.0
8111,93.5
6278,226.5
1785,108.0
3653,7080.0
2360,2305.0
8261,191.0
6197,364.0
3450,532.0
3532,474.0
2413,57.6
5274,19340.0
2340,47.0
6139,791.0
4989,68.7
7717,607.0
2376,379.0
1727,106.5
2382,332.0
3529,3120.0
6196,670.0
6442,1655.0
4991,509.0
3533,1875.0
1711,48.6
6456,99.6
2485,44.8
8299,2090.0
6209,87.5
3324,1530.0
3264,244.0
3044,576.0
3362,192.0
6505,101.5
6515,6160.0
2367,47.9
00685L,13.73
0056,57.8
5425,99.5
4971,587.0
7788,365.5
2305,60.3
00406A,10.27
00927,40.58
2404,1325.0
3260,370.5
4931,253.0
3030,308.5
3715,133.5
8210,891.0
3693,721.0
3624,148.5
4927,53.1
6207,144.5
00403A,11.36
3680,570.0
4919,151.5
2891,67.9
2484,81.3
3701,60.0
00985A,24.45
3707,83.5
6446,1190.0
2882,112.0
6449,238.0
4760,342.0
2881,154.0
3498,240.5
5536,961.0
1714,18.2
2486,245.0
3673,76.7
2337,120.0
3163,689.0
6510,3105.0
00991A,19.26
2395,735.0
3518,49.9
2464,189.0
00937B,13.53
009816,16.98
6672,452.5
6226,43.55
3717,28.8
6173,290.5
3006,277.5
3094,70.4
00919,31.77
3605,161.0
3363,645.0
2466,163.0
5289,1275.0
8086,126.5
6727,525.0
3167,978.0
6271,237.5
3147,296.5
6426,360.5
1301,68.2
2049,337.0
7610,1795.0
2357,992.0
2883,37.65
8996,1575.0
6168,44.6
00992A,20.08
8028,281.5
3016,185.5
00918,34.04
6415,451.5
1326,71.9
2451,279.5
2885,69.0
7856,4205.0
0052,67.6
6716,146.0
2605,36.85
3036,213.5
6830,529.0
7711,617.0
3583,748.0
00935,63.15
6715,468.0
00881,54.2
5439,263.0
6190,77.2
3149,76.2
2603,236.5
2354,63.0
4906,43.4
7795,548.0
6691,778.0
3293,777.0
2886,48.7
009828,11.26
3265,193.0
00400A,16.48
3013,95.7
2609,59.5
2351,216.5
1560,1025.0
8064,136.5
00878,35.11
2379,751.0
2887,41.25
6290,278.5
1717,75.4
5351,114.5
1101,25.2
6199,134.5
00405A,9.76
6789,489.0
3317,68.0
4916,106.5
1569,70.3
6538,302.0
6640,1115.0
6620,132.5
2412,144.0
2421,174.0
5434,623.0
00929,30.02
00687B,25.26
00679B,24.31
1216,73.5
6781,1030.0
00961,13.14
2377,156.0
3035,213.5
2493,207.5
2356,58.3
6116,15.5
1802,58.9
6451,425.0
5314,28.55
2467,575.0
3131,2520.0
1476,285.0
2324,35.9
3034,538.0
8069,146.5
3543,54.1
2615,112.0
5309,64.3
4908,225.5
7750,1970.0
00953B,9.48
3675,339.5
3141,79.2
4749,794.0
3714,67.0
2890,44.95
00830,92.45
6658,197.5
00632R,9.18
2254,99.0
4542,339.0
5871,105.5
2316,173.5
4967,267.0
006208,265.0
4551,182.0
6121,371.5
00988A,17.53
1519,691.0
00922,45.02
00712,7.01
3090,171.0
6944,823.0
8027,209.5
6533,336.0
2468,45.05
4556,126.5
4768,374.5
00663L,119.65
00982A,24.53
6217,176.5
6861,283.0
2353,31.05
6584,545.0
00891,38.65
3563,760.0
3114,42.2
6834,121.5
9933,45.55
6526,837.0
2489,39.55
5475,181.5
7822,1000.0
2406,31.6
6706,150.5
6957,394.0
1605,38.5
3587,250.0
2363,59.4
4956,42.7
1477,204.0
2884,45.25
6831,494.0
1708,57.5
3019,139.5
3234,174.5
6218,57.5
6548,76.2
6933,374.0
4977,174.0
00675L,362.95
00662,126.8
4938,89.9
2436,74.3
2637,101.5
8103,119.0
2236,94.3
2618,42.0
5432,194.5
7734,2795.0
00947,41.14
1312,15.0
4949,80.9
6525,141.0
2892,38.2
5340,85.3
3455,279.0
2472,225.5
1721,28.95
5469,79.6
2483,38.75
2302,46.5
3236,51.8
6668,49.0
4939,76.4
3596,157.0
6291,474.0
00708L,70.85
1590,1190.0
8033,173.0
2355,44.25
5269,1460.0
6179,37.7
2002,18.85
2441,125.0
7772,151.0
2342,49.6
6148,39.2
6127,57.2
8091,237.0
3014,145.5
2312,30.65
00996A,15.31
2634,64.2
3706,80.4
3219,140.5
00725B,32.46
00888,36.74
3357,218.0
00407A,10.64
5013,48.95
8042,117.5
4722,218.5
2834,17.25
2801,27.25
2241,46.75
4707,32.25
6174,54.5
4966,563.0
1773,182.0
3045,122.5
1409,25.25
00673R,10.82
2476,129.0
3088,137.5
1718,11.2
8227,365.0
3702,117.5
5452,31.3
2371,30.25
5285,96.4
4772,276.5
3576,18.55
4961,187.0
00751B,28.48
00990A,16.69
6005,32.7
4566,75.8
7828,1840.0
6414,401.5
00984D,9.58
2375,124.0
1513,166.5
3413,295.0
6155,67.9
7792,450.0
6643,511.0
2606,75.8
6547,62.0
3031,33.2
6693,210.0
8112,83.6
2385,106.0
6435,267.0
5234,310.0
5880,25.85
4576,232.0
2542,38.3
2478,126.0
3209,46.95
6937,299.5
1504,69.4
6282,43.85
6739,1115.0
4720,25.3
2027,47.95
3311,47.25
1459,19.0
4755,133.0
00904,44.77
00720B,30.42
5864,39.15
2880,45.05
00984A,16.18
3221,52.3
2030,36.95
6409,883.0
00997A,12.0
6152,18.95
1314,8.7
3376,171.0
7712,172.5
8096,88.5
6907,190.5
2338,47.65
6919,78.6
8155,331.0
00670L,219.25
3645,75.5
00933B,14.79
3162,87.5
00923,42.81
00865B,48.88
4174,49.3
6708,73.6
3504,83.9
6138,280.5
00735,111.8
2061,65.4
8110,48.75
3023,318.5
009820,10.72
4764,194.5
3564,57.7
3490,45.8
6191,86.7
6166,129.5
6742,59.2
00715L,68.7
4770,268.0
6122,59.1
5243,95.2
009829,11.0
6491,396.0
3138,102.5
2399,48.5
6983,395.0
1102,35.55
2912,211.0
00934,30.13
7799,538.0
7777,37.3
6269,65.1
4904,104.5
5443,113.0
2498,42.2
00980A,26.82
8383,71.2
00696B,26.49
2458,132.0
7751,1595.0
2352,29.05
4743,48.55
5328,57.1
2402,59.5
00404A,10.11
3025,60.0
00896,28.44
00981B,8.9
00401A,14.63
6104,88.0
00985B,10.04
009802,20.48
6443,28.65
2359,126.0
00637L,18.06
2347,95.5
3551,196.0
00713,63.0
5284,292.5
8016,295.5
8043,138.0
2812,18.65
00999A,11.73
3526,280.0
8289,54.1
8271,201.0
6788,373.5
2474,206.0
00409A,10.41
6117,68.0
2034,24.1
6263,175.5
2855,58.2
5904,69.3
6016,24.05
00772B,30.77
6903,323.0
00795B,24.44
2388,70.8
00962,15.28
2614,16.0
6419,165.5
2428,261.0
2610,20.15
00411A,11.01
1809,45.05
00900,19.55
6811,251.5
00646,77.75
4763,46.3
3305,109.5
00635U,42.55
6227,141.0
4739,86.3
5498,54.3
2221,183.5
2328,48.35
00738U,48.13
5228,48.3
00692,99.65
3689,115.5
6120,14.0
009826,10.08
6438,165.5
3227,187.5
6664,379.0
3135,158.5
2439,75.4
00913,53.85
6679,199.5
6532,111.5
1597,143.5
1617,23.25
00402A,10.32
009803,22.32
3029,118.5
2393,66.6
00753L,8.55
1503,196.0
3033,41.85
8422,25.3
6133,28.4
3005,117.0
5876,48.7
3338,71.5
5011,21.15
9904,24.55
8070,51.1
6202,60.8
4923,63.5
2201,28.35
3055,213.5
5386,289.0
00665L,8.65
00989A,18.31
6925,72.0
8040,93.0
6719,189.5
3388,85.8
7556,307.0
00940,13.26
2401,26.65
4903,43.65
4540,59.3
6949,48.25
8081,259.5
2465,90.5
6530,97.5
6829,206.0
6485,78.2
9945,29.05
2332,20.2
3615,44.6
4976,37.45
3718,64.5
1722,41.05
9105,8.39
5388,71.9
9921,89.2
00993A,14.65
1595,73.3
2033,51.6
6221,31.4
6667,261.5
3290,50.3
6284,78.2
2480,167.0
3535,92.7
00892,44.11
00719B,30.97
2329,44.75
00994A,18.2
3010,131.5
2415,30.65
6112,45.2
3339,44.8
2369,31.5
00950B,12.93
00995A,18.79
00680L,5.6
1710,17.35
6945,135.5
6472,419.0
2374,66.3
1609,38.2
00945B,14.17
1229,39.45
6175,74.7
8182,42.65
6214,189.0
6153,18.1
00410A,13.06
00757,144.55
00915,32.82
8436,103.0
3059,38.4
3060,29.15
3685,35.7
00943,21.33
00894,52.3
1514,102.5
00939,23.95
5521,11.1
3028,62.4
6901,17.6
8240,56.1
3048,52.9
00882,14.75
6588,109.0
4716,20.95
3630,28.65
6613,285.5
2020,24.9
6164,13.3
9914,66.2
3228,168.0
1528,24.25
6416,119.0
9958,89.6
3580,106.0
00987A,18.11
5291,64.7
8926,59.2
2105,30.1
1402,27.9
00998A,16.26
8050,60.8
3289,143.0
4915,63.8
6204,112.0
8464,364.0
3592,236.0
6244,23.2
2207,514.0
6877,135.0
2208,18.5
00722B,32.66
4909,37.6
1795,177.0
3022,91.6
3515,218.0
4960,24.0
2889,16.25
6292,70.2
1582,72.1
6670,272.0
8147,141.5
8255,151.5
00952,18.71
3297,35.3
00909,47.93
6176,91.8
7714,169.5
00912,37.39
5202,15.05
2006,86.7
6412,74.4
2612,63.9
8932,91.1
3556,62.0
7749,391.0
4973,136.5
6579,158.0
6245,88.6
00965,25.39
5236,128.0
8054,86.2
2103,28.35
3354,30.8
3229,55.8
8074,56.5
1563,77.9
2915,57.7
6163,41.65
4912,109.0
6205,72.2
5464,90.5
2504,30.75
1231,77.6
3027,20.0
3617,243.5
2845,12.85
6425,75.0
2101,29.15
2444,15.55
6962,33.5
4105,78.7
00740B,35.48
3213,126.0
5222,103.0
6617,128.0
2206,62.9
8131,62.7
2233,167.5
4968,97.9
1227,27.5
7810,247.0
3479,136.5
6712,161.0
3485,218.0
00924,34.28
6651,153.5
5292,245.0
2617,32.5
6603,28.1
00988B,18.97
00875,58.9
3416,169.5
6902,143.0
00959B,8.57
1325,26.5
00981D,10.04
3581,112.5
00955,15.85
3691,105.0
2539,33.2
8454,237.5
6854,91.8
6143,79.2
00948B,8.68
3380,31.25
1210,51.3
009819,9.84
00905,28.59
2548,91.5
6126,32.55
9910,66.5
2645,173.0
2601,6.1
1735,23.3
6206,136.5
9941,75.8
9939,126.5
2243,56.7
2392,41.4
6690,178.5
00733,76.65
4766,351.0
4721,82.0
9938,38.6
3402,139.5
00942B,13.01
6231,235.5
6604,24.95
8390,91.0
4164,28.35
1319,77.9
6140,21.65
6265,48.75
00850,98.9
6141,51.3
5608,16.9
2646,20.05
1904,24.6
1440,13.45
4147,61.0
009805,15.16
00773B,32.97
00931B,12.29
3597,33.45
009821,13.04
6462,102.5
4746,48.45
009827,10.66
00893,47.43
6177,45.45
2104,11.25
00770,66.85
2527,50.5
6432,65.4
6108,25.7
6994,30.2
1215,104.0
2419,27.45
8162,65.4
6953,261.5
5534,71.5
5471,51.9
1608,36.1
3704,39.85
8936,53.3
3066,27.3
2069,25.2
00984B,14.89
6873,64.5
6894,360.0
6405,40.7
5515,52.8
00688L,5.59
4526,33.15
00951,19.67
4142,18.2
6725,219.0
00981T,11.66
6150,65.3
00650L,15.52
3483,81.6
3550,24.9
00876,95.75
8215,28.15
1909,10.15
5009,32.75
3437,21.5
00633L,43.73
3062,22.65
6220,25.5
3217,128.0
2495,38.3
009823,10.55
5251,31.8
2211,79.0
4577,90.7
3004,121.5
6015,17.95
2501,20.4
8114,178.5
4771,204.0
00864B,46.1
2515,11.75
3545,50.4
2009,39.45
6224,79.2
6753,131.0
00746B,32.9
00910,57.4
2851,45.95
2107,27.6
00690,85.15
9103,5.14
8121,31.85
5474,163.0
3049,12.15
3152,239.0
3591,27.25
6146,182.0
7827,165.5
6279,116.5
1313,12.55
7744,522.0
009824,10.82
4303,31.4
6215,97.1
6799,92.3
00857B,20.99
1536,46.5
2420,58.0
2820,16.75
2611,15.35
8438,80.6
5522,60.1
00885,17.75
9942,113.0
5392,39.3
2032,19.1
5902,34.55
3268,23.85
00877,34.88
3218,134.5
6743,35.95
1736,123.0
00985D,9.35
2633,25.7
00916,26.95
009811,13.68
6156,23.0
1316,10.3
7780,15.8
8109,137.0
2014,16.9
00858,36.65
8431,63.2
6689,63.6
2543,38.15
2630,45.65
00941,27.1
4128,15.6
2491,40.15
2731,144.5
8432,54.3
9907,14.8
4555,42.8
00983A,13.71
4541,60.0
00887,15.06
7723,19.5
7765,231.5
2031,46.15
0055,49.1
2897,10.65
00954,21.0
2887I,9.52
6885,29.55
4123,31.05
6756,98.5
6509,49.65
3356,67.6
4711,17.85
6592,55.8
7740,102.0
5609,78.2
3169,112.0
00764B,25.2
6261,78.7
5299,103.0
4951,89.3
00895,53.8
1307,31.7
4585,291.0
2597,164.0
6890,146.5
2348,70.8
3284,21.75
009815,12.25
2204,51.1
8931,42.45
00898,12.14
6125,49.8
3003,59.1
00642U,30.85
3588,55.7
4127,41.85
6441,22.55
1310,9.59
2838,20.3
00768B,45.22
00964,14.79
7855,41.3
00737,42.03
3467,71.3
00897,14.14
00664R,1.49
6469,62.7
2488,49.6
8213,34.2
4905,92.2
3176,38.6
3312,51.2
00989B,9.81
009804,24.76
6188,61.6
6541,31.65
4563,53.8
6235,37.85
5481,20.6
00728,71.9
1304,12.55
00911,58.65
4510,42.25
2427,23.2
7768,302.5
6761,167.0
00991B,14.15
6568,136.0
6732,151.5
6461,29.2
0053,262.1
3663,63.1
3705,57.0
3430,112.5
7736,70.7
2349,10.25
8083,158.5
3032,78.5
3708,96.0
4441,170.0
00970B,8.58
2425,36.7
3015,54.4
4953,117.5
00930,23.96
00724B,31.22
2641,17.3
1515,28.45
9919,14.2
2753,181.5
2461,17.0
3694,50.9
1810,23.65
5607,52.6
5244,38.35
4119,53.5
2365,27.85
2913,10.95
1434,17.9
1905,12.75
00763U,34.75
2231,91.1
2025,14.1
1612,35.05
3287,39.8
1537,113.0
4590,88.0
00697B,33.75
2607,53.6
6266,26.65
2535,88.8
6411,78.2
6605,135.5
009813,11.67
006201,48.57
8473,39.75
6821,46.1
6546,62.2
1723,80.8
00762,122.85
2010,22.5
6023,84.4
2457,22.25
00917,22.05
3294,32.0
6499,79.3
4169,150.5
4583,417.5
3230,40.6
009814,11.51
6782,229.0
2108,28.5
3021,27.65
8105,15.15
9911,81.3
00990B,9.8
00695B,33.48
2903,21.85
8201,17.3
1309,14.05
4534,30.2
6208,80.0
6589,51.1
6535,82.5
1558,109.0
6021,42.8
00963,12.42
2471,51.7
7728,636.0
00980T,12.18
6517,66.1
8163,30.5
4533,25.35
6757,53.0
2258,31.15
3054,59.2
3093,46.95
2707,174.5
00949,22.38
00987D,9.38
2520,36.9
6924,137.5
3323,30.2
6225,68.0
8341,73.7
4536,159.5
2883B,8.59
6186,28.8
9917,105.5
2434,60.4
6967,71.7
00928,35.38
2540,47.65
9908,29.05
6869,69.2
1808,31.4
00980D,19.31
7631,141.0
00701,41.13
6947,68.5
3466,25.65
6720,120.5
6026,15.95
1713,44.9
00946,15.51
7730,192.0
1907,27.95
6423,90.0
009800,13.73
8011,16.25
1104,26.65
1786,40.9
00408A,11.0
2397,64.6
4167,19.65
6477,33.95
6655,125.5
1305,12.45
3548,75.2
3530,59.5
6189,49.7
2387,36.05
00969B,7.26
4974,70.0
6913,129.5
7689,161.0
6695,52.7
8374,75.5
1712,39.85
6465,40.8
4545,38.8
009801,11.87
2850,159.0
1732,26.25
4736,129.5
00968B,8.54
5321,68.5
6768,63.5
6534,93.7
00640L,112.8
6134,29.2
3540,24.05
6875,28.35
9955,23.95
2882A,60.2
6657,34.2
4564,15.7
6909,43.3
00936,21.69
4114,29.2
3041,24.15
7786,118.5
5426,29.15
2417,38.4
5227,28.95
4561,43.35
00752,22.08
3703,19.35
5493,90.0
2362,46.5
1232,153.0
4706,39.25
5410,33.55
2405,15.1
2727,233.0
6194,31.8
3178,69.1
3631,41.15
00986D,13.77
5531,6.78
1308,14.4
1529,15.85
6862,140.0
5288,186.5
6585,104.5
00907,17.67
6561,312.5
5225,53.7
00987B,15.13
00983B,14.18
6596,96.5
00859B,40.61
1777,75.2
00782B,27.99
8415,35.15
5263,89.6
3537,55.4
6180,41.1
5381,22.75
4571,154.0
2887E,48.35
1707,84.6
00676R,5.08
3577,112.5
3611,181.5
8234,62.8
00731,98.1
6922,214.0
6560,34.3
1472,87.0
00761B,31.51
00902,12.99
5465,32.7
2528,18.85
4532,24.6
2453,53.5
7709,86.1
00926,26.8
3078,46.0
5457,24.2
3024,13.65
009817,8.49
3709,64.5
6649,37.15
2023,13.9
7402,99.5
4207,19.2
6277,78.1
2414,53.6
3528,86.7
7825,80.1
2331,18.8
00842B,27.89
5512,7.46
6840,96.8
6259,32.2
2442,14.0
00845B,31.26
3552,43.4
1321,32.4
6028,102.0
6498,70.0
2723,77.9
6234,38.15
00861,91.75
4569,155.0
6598,27.1
00661,91.05
4506,117.0
6803,264.5
4735,37.7
2905,17.75
3594,46.35
00711B,14.48
2015,64.5
5306,87.3
5484,38.45
1720,55.9
1799,28.3
8071,21.85
3712,20.6
5511,68.5
2546,106.0
1336,18.2
3558,130.5
8088,43.95
6606,24.8
1623,197.0
3257,49.8
1568,31.1
5203,58.8
1788,127.5
2613,22.0
3207,40.0
00655L,30.38
1442,26.05
9925,39.45
2636,70.4
1591,41.55
8462,157.0
8048,51.4
3520,17.8
00966B,12.77
3555,161.5
6243,39.6
1618,39.0
2462,20.2
6965,60.4
4934,14.8
8942,40.1
2545,33.8
2072,129.5
5258,42.0
5209,175.0
0061,23.08
3051,22.6
9802,64.5
009822,9.46
8076,21.4
4714,11.9
6170,48.75
2881B,60.7
8099,59.3
5706,44.4
3346,23.65
4104,71.9
7547,62.7
3050,11.6
4155,14.85
6550,16.2
6841,56.2
6934,74.2
8349,40.5
6794,74.0
1522,25.65
1584,18.15
00938,27.08
1342,100.0
00678,42.84
00967B,8.41
1565,96.5
00693U,23.26
2743,50.4
6237,35.8
1580,95.5
6165,48.45
5530,48.2
6233,23.9
5230,22.5
6870,322.5
0051,152.4
1234,32.1
6763,41.05
6275,47.4
6230,113.5
7812,64.4
2547,9.66
2497,44.1
3056,13.7
5287,136.5
3484,49.35
2247,226.0
6923,73.1
3623,30.0
3047,14.45
1760,53.8
5283,51.6
1783,38.05
3321,17.7
3372,16.45
6129,14.35
4137,75.7
4306,14.45
4126,77.4
1264,255.0
7791,53.0
3508,25.4
6111,36.2
2923,23.55
4107,109.5
4416,12.75
2511,8.25
1524,25.75
5871A,99.9
2530,19.95
1455,9.96
6504,37.4
8072,27.35
7805,491.0
6024,59.7
5519,24.7
00727B,38.81
6192,110.5
00645,59.2
6969,31.5
00980B,8.7
5508,53.3
009810,21.44
7721,62.2
3092,24.35
5213,20.2
2908,22.1
00960,22.72
7818,59.9
2640,155.0
1103,13.1
2836,12.05
00730,30.26
9934,9.68
5220,22.05
6906,81.0
2429,30.2
8038,34.8
3652,35.25
6785,93.1
00706L,19.09
1615,42.05
4741,41.25
3002,18.9
2423,71.2
4806,11.2
5468,24.4
1604,23.3
3546,73.0
1789,18.65
009818,21.58
1444,6.83
8446,85.6
00641R,3.59
4995,46.65
3130,208.5
6735,65.1
3434,31.55
4195,16.6
4562,30.05
6986,44.0
3669,32.7
3570,168.5
3684,56.0
6272,25.2
009825,9.73
1532,21.65
4513,16.2
6270,30.3
1436,36.2
1726,76.4
3622,46.0
2832,56.3
6698,31.25
3390,21.85
3303,48.85
8044,23.8
009809,18.93
4952,49.8
2459,64.7
5403,92.0
2029,21.85
00652,30.93
3444,76.7
1110,14.4
1201,11.4
6494,52.6
7821,35.05
3716,33.75
00739,26.4
3038,20.35
2816,39.8
3625,10.05
9927,62.1
6642,80.4
00710B,18.47
8171,20.75
8068,17.2
9935,18.2
8249,39.95
8085,14.7
00647L,140.55
7722,260.5
2364,65.0
5210,29.6
4157,8.5
00852L,32.69
00932,17.62
5487,29.2
4162,55.5
4549,98.1
00921,23.84
1611,11.3
6625,73.2
8404,13.2
6741,54.8
6417,103.0
5016,27.3
1725,34.0
3438,61.8
009812,13.25
8104,31.25
3188,22.5
4807,31.45
2534,16.5
1586,17.7
6790,37.3
00956,13.31
4935,33.05
1598,20.15
8045,54.7
8279,82.0
6863,96.4
6492,33.8
1806,7.83
9902,12.85
9930,59.2
4178,17.65
3501,37.7
2536,18.3
2106,16.55
6721,49.1
00982D,9.25
1737,30.0
6486,78.0
1218,14.4
00983D,9.53
6914,118.5
3071,22.65
00671R,2.3
8478,139.5
1447,6.42
6928,45.0
7738,153.0
4729,19.6
3122,24.15
8411,11.7
4924,14.6
00636,26.16
2460,30.3
7705,29.6
9940,19.85
6996,167.0
2881C,51.7
2887F,45.4
6115,44.0
00674R,29.66
4560,29.65
1603,30.5
2102,16.4
006205,39.11
3628,72.0
1903,47.2
6791,101.0
2017,8.89
3128,20.0
3046,53.6
00681R,23.21
9951,46.3
00867B,28.23
6573,16.0
1419,65.3
2438,19.3
4994,80.3
5478,97.0
00908,14.18
1256,167.5
8222,35.15
5488,12.1
2237,26.6
00920,25.52
6591,42.3
5015,23.3
7835,21.65
3040,33.3
8049,24.45
9906,39.25
8476,20.2
00694B,41.61
6961,46.0
3511,19.8
4205,67.7
2065,35.45
1108,11.0
1451,16.95
2062,17.8
3288,21.95
5533,13.9
8032,36.75
8403,18.9
00986A,15.2
4168,22.5
1527,32.55
6101,37.4
00686R,0.9
6895,152.0
3360,15.15
2704,44.7
00741B,36.51
8084,17.7
2887H,42.75
1217,9.88
6569,91.9
00781B,25.4
2537,11.05
1460,6.05
1240,53.6
2755,98.0
6796,56.0
2390,10.05
6506,18.65
9136,9.32
4129,83.1
6558,25.25
2524,33.65
1219,11.1
8272,60.0
7642,67.0
4582,21.9
1616,18.3
00779B,25.42
3325,11.4
2070,61.9
2509,13.85
6918,73.6
1540,19.0
2250,55.0
2608,28.65
00651R,5.4
00755B,30.05
1416,11.75
3058,8.16
4163,134.5
00958B,8.51
1471,9.4
8927,18.7
8410,27.2
8047,48.05
00982T,15.54
00726B,30.84
0057,344.5
2230,21.4
2745,85.2
00957B,12.3
2939,23.7
6203,59.9
00834B,31.75
1324,9.96
2762,78.1
6136,25.1
1437,31.25
2516,15.05
6614,35.3
3306,47.0
00723B,27.93
6113,23.75
2228,74.0
2008,30.0
4503,24.0
4557,50.1
2616,13.1
2849,15.45
1464,9.92
2109,14.25
5490,25.4
6899,49.1
00639,15.01
2477,22.6
00799B,27.11
6185,12.45
2705,15.05
00657,83.1
00756B,28.47
6142,9.04
6516,56.5
2114,90.0
9962,10.2
00668,59.7
8093,24.85
2066,52.5
2373,52.3
6733,24.6
1702,32.65
1762,33.85
3086,27.4
6654,219.0
4726,22.9
5525,21.75
7823,79.0
00860B,37.65
6872,22.2
3011,9.94
00971,17.99
1734,31.85
1463,17.55
2881A,61.3
6859,122.5
6570,47.4
00901,50.1
6838,25.0
9946,16.65
7704,60.5
4420,35.0
6574,120.0
6776,52.3
2007,6.95
5302,9.81
1784,59.5
5355,7.83
6684,48.65
4580,81.9
6183,91.0
7703,204.5
00849B,37.15
2450,28.1
3609,23.95
6167,10.3
3043,20.8
6281,50.7
5201,27.0
9943,50.4
2538,8.67
1449,12.4
8367,40.3
3710,8.09
6184,39.95
4414,8.09
8034,19.5
6752,97.2
1587,23.5
2038,12.7
1445,10.05
1731,20.9
5206,22.6
3224,32.0
6590,63.7
2732,63.4
6931,37.9
2433,39.8
00786B,30.23
1533,30.2
3150,15.1
00788B,27.81
4138,53.5
3447,27.55
6609,39.0
5356,26.35
5272,17.55
6612,73.3
8092,12.0
00709,38.49
7715,27.05
4108,11.4
6151,34.7
2852,27.55
00846B,33.81
6576,78.3
6703,100.0
6988,12.25
912000,2.44
5905,7.29
4907,43.2
5205,27.55
1517,10.25
2028,16.75
1315,68.6
4401,13.7
6470,42.7
7760,32.5
4113,15.1
4930,15.8
020020,30.86
2891B,61.4
1456,15.0
3373,16.05
8938,51.7
1733,30.2
7713,73.5
4744,28.5
4133,20.45
2596,34.2
3557,23.95
3232,20.2
8176,9.79
2440,14.35
3296,28.05
00760B,49.56
3308,22.05
8089,19.25
1535,45.15
6130,22.55
8433,52.5
3259,12.5
6916,18.9
6674,18.3
1467,8.17
1730,51.5
2227,44.05
6160,14.0
8423,18.55
6508,26.4
5529,26.05
5324,12.45
3419,11.95
4942,31.2
7814,28.15
9941A,48.6
4430,18.2
8937,24.9
3057,15.45
6229,23.75
9924,38.0
6552,24.75
1752,31.35
6722,32.95
2718,39.55
6951,69.2
9905,21.25
4102,18.35
6114,22.9
5538,36.6
00862B,28.86
2063,23.7
7743,25.95
2430,17.55
4543,30.05
8930,28.4
8924,49.05
4433,17.95
5460,17.3
6216,19.75
2752,177.0
6792,59.0
6908,26.3
00899,21.83
3052,10.45
4131,30.7
6958,16.3
1780,24.8
3332,64.3
2022,7.23
6418,34.15
3527,51.0
5014,10.0
4438,56.3
00682U,21.05
5489,41.7
3226,61.8
8487,70.0
9937,54.3
5907,4.78
1220,10.8
4116,39.9
8435,53.2
3489,22.75
9944,17.05
6577,79.2
2514,11.25
2739,36.3
1531,11.45
00638R,6.96
1506,9.7
6582,30.95
2729,154.0
3522,12.15
1203,41.95
4111,28.8
00884B,27.03
2013,41.1
6527,74.5
00944,22.25
2380,16.45
4417,49.35
00734B,14.69
8087,23.0
8277,15.4
2947,61.4
00687C,8.59
009806,13.84
006207,30.6
2642,20.2
1446,13.25
3322,11.15
5520,84.6
1109,13.2
4572,139.5
6874,69.6
2506,8.33
2938,18.1
6936,32.0
6283,18.85
6431,16.5
2701,10.25
4166,24.1
4171,17.0
00717,14.49
2722,21.15
5278,23.5
009808,33.0
2314,10.95
3492,19.6
8066,14.5
1432,15.0
1525,64.9
5007,55.6
00787B,29.9
5603,13.35
6241,16.1
1466,14.25
1474,9.82
5548,20.0
5353,29.15
5215,37.7
4523,23.45
2901,25.0
7770,41.5
8426,20.7
8059,17.7
1614,30.85
7732,33.4
00660,45.8
009807,18.28
5348,17.4
2916,40.5
7811,72.2
3607,13.8
1817,39.8
3686,15.5
00890B,29.64
8291,27.2
1742,17.5
2748,38.7
5245,20.45
4139,43.2
6997,68.8
1439,28.65
3158,85.5
1417,8.13
6671,22.75
2505,16.95
8102,56.5
1225,24.15
2754,67.6
4192,17.7
8080,28.0
1410,23.9
6855,111.5
6697,41.0
4552,15.5
3679,108.0
6637,53.6
8442,45.6
8935,18.45
2643,62.7
4106,24.1
6171,24.1
2431,10.1
9928,18.15
2756,61.3
00643,17.01
1235,30.5
00669R,5.39
4161,21.55
5398,13.65
6124,27.25
6210,17.6
1413,9.0
1339,42.35
1295,48.5
2706,12.05
5601,28.9
2734,14.35
8916,40.9
00653L,40.65
5516,11.8
7803,17.45
8908,39.85
3379,27.5
4972,16.1
00982B,9.0
6804,18.0
5312,89.6
2736,11.15
4999,17.75
5315,18.9
6201,44.05
1259,66.0
6921,65.6
00714,20.08
2911,6.05
1438,21.6
00870B,25.81
1323,21.45
6123,42.65
6248,17.05
5345,21.3
1236,25.55
1521,25.5
911868,1.15
4747,23.1
5438,16.9
3285,42.0
1593,31.3
1805,9.99
6474,35.65
3266,13.85
1539,15.55
6158,17.75
6968,41.3
6645,12.95
6161,49.1
00903,22.28
5212,49.0
2482,16.2
6578,16.1
4121,12.65
4581,47.95
2115,23.8
9931,33.85
3465,29.45
8024,12.3
3205,46.5
3164,16.5
2348A,38.25
3646,25.1
1570,32.2
00851,74.7
2002A,37.35
5704,22.4
6666,44.8
1468,13.1
9912,13.1
4188,13.9
2239,18.4
1337,4.4
3541,24.4
006206,36.57
4153,31.3
7820,109.5
8489,21.75
6728,108.5
9918,43.3
4933,54.1
2751,53.6
006203,210.9
00780B,35.09
6482,23.3
6118,16.1
2910,23.15
4109,10.9
3018,11.45
1414,17.15
3310,67.5
5450,14.45
8440,20.1
8472,67.0
2906,13.3
4584,39.85
2945,39.8
4911,28.1
6109,10.35
4160,38.85
6952,38.75
6843,38.4
8107,12.0
1526,14.7
2929,5.79
5364,8.29
4439,95.2
4538,17.3
4198,47.5
6971,23.75
6865,26.95
6955,93.5
8933,4.45
4702,9.33
3083,23.3
5903,186.0
7708,91.9
7718,45.95
00986B,9.12
00841B,25.98
6823,60.5
1906,10.65
2248,60.3
1338,14.9
1268,175.5
00749B,29.13
00863B,29.05
1457,14.3
4767,28.4
6615,33.8
4737,55.8
00700,16.68
2432,27.7
4588,55.0
2496,54.8
00771,14.88
4442,53.8
4426,7.55
8437,11.25
1475,26.1
2012,14.2
2838A,52.0
1473,19.05
8101,10.15
00754B,29.93
00972,21.34
1452,10.6
4530,24.5
9926,49.0
3499,13.3
4190,24.3
00844B,28.94
9949,24.05
3313,10.25
8421,13.0
6767,23.7
8482,47.4
4554,28.25
4440,17.5
7767,46.0
4120,45.7
1583,45.6
8429,5.9
8349A,45.2
4558,16.9
6982,44.95
3512,19.0
1454,12.05
00789B,43.86
2887Z1,21.85
3432,14.5
1418,18.6
6240,25.65
2321,25.5
6835,31.4
5604,31.35
1541,20.45
5344,13.6
4304,17.3
5547,20.15
3494,7.09
6496,24.05
1781,9.99
3632,7.03
910861,4.59
3521,11.55
00654R,7.19
6128,19.05
4754,37.9
6844,56.5
1453,10.85
6929,21.7
7753,35.7
1516,13.25
6144,13.2
3567,26.3
3516,26.25
8466,14.95
00836B,26.16
4402,13.0
6629,104.0
4173,17.25
9950,10.2
3206,33.8
6680,50.7
00648R,3.88
3666,25.1
1340,5.2
3276,14.0
4148,31.6
4943,6.72
3118,30.9
6692,22.45
9929,11.15
6523,89.0
7839,44.5
7757,88.9
8467,88.1
2937,44.0
3664,8.0
2904,12.55
00792B,28.77
1512,6.11
8906,28.5
6219,12.15
2235,28.25
1233,28.0
8463,21.0
3523,13.85
5546,13.5
6754,40.05
1530,26.6
7782,26.3
4502,15.65
4528,14.75
4745,12.05
6103,36.0
8424,69.9
910322,23.3
1312A,22.85
8928,22.65
00683L,22.55
3713,13.4
00666R,9.38
00785B,32.42
6593,31.7
6020,20.6
3073,20.55
3687,60.8
2702,12.15
1796,29.8
2897B,11.9
00777B,29.68
8488,9.8
2719,19.2
3349,19.0
8450,14.2
8067,11.3
6195,28.1
00656R,6.15
8409,18.0
5543,26.9
6910,25.6
2424,8.48
4175,50.8
4529,3.32
1294,49.7
1470,24.1
2836A,23.85
1599,22.8
8401,22.7
6958A,21.3
3168,42.4
8477,14.0
5211,20.7
020025,41.21
8481,40.65
5701,4.01
6624,39.35
2924,18.95
00703,18.78
00856B,37.09
911622,3.61
6228,18.0
2064,11.8
020000,35.36
1465,11.75
00848B,31.97
00736,31.85
6730,31.85
2740,31.4
5455,30.8
6884,30.7
7794,30.25
5523,30.1
8940,15.0
7584,28.85
6154,14.15
2067,4.67
6294,28.0
3272,13.95
4550,24.3
00702,23.12
1435,21.5
3531,21.25
6198,19.7
6276,19.6
1441,9.78
6661,16.95
6616,8.2
4950,15.6
4432,15.2
8929,12.8
3672,12.25
3593,11.1
8443,11.05
1626,9.79
1538,8.38
3115,8.3
2726,8.07
911608,2.68
1213,7.2
00634R,3.26
9110,2.98
0054,28.25
0058,43.71
0059,42.85
006204,247.8
00625K,8.33
00636K,8.2
00643K,3.74
00649,19.12
00657K,26.1
00658L,37.0
00659R,11.21
00667,20.79
00668K,18.73
00672L,0.75
00677U,1.48
00684R,14.72
00689R,24.11
00691R,10.46
00704L,18.84
00705R,19.03
00707R,31.9
00716R,13.96
00718B,19.05
00721B,48.06
00729R,20.56
00732,40.74
00742,22.2
00743,24.2
00744B,42.35
00745B,42.04
00747B,51.85
00748B,42.52
00750B,30.47
00758B,48.08
00759B,50.5
00765B,38.72
00766L,11.92
00767,17.4
00769B,60.3
00774B,40.85
00774C,9.12
00775B,29.57
00776,20.78
00778B,31.57
00783,26.75
00784B,39.32
00790B,53.2
00791B,56.05
00793B,29.55
00794B,39.82
00796B,41.84
00797B,41.36
00798B,42.65
008201,101.2
00831B,41.42
00832B,42.92
00833B,43.87
00835B,45.16
00837B,37.64
00838B,40.38
00839B,41.85
00840B,27.43
00843B,40.37
00847B,23.3
00853B,25.36
00854B,41.86
00855B,38.6
00866,21.84
00868B,36.17
00869B,36.69
00872B,37.13
00873B,37.28
00874B,38.04
00883B,30.98
00886,49.75
00906,11.95
00925,16.1
020001,28.63
020002,11.12
020003,15.89
020004,33.28
020005,19.35
020006,32.05
020007,41.23
020008,13.31
020009,26.67
020010,13.56
020011,16.4
020012,23.13
020013,14.84
020014,6.3
020015,18.69
020016,28.32
020018,24.94
020019,21.59
02001B,8.75
020021,4.42
020022,7.62
020023,7.2
020024,5.94
020026,6.37
020027,10.65
02002L,7.38
02003L,4.34
1101B,43.35
1258,26.85
1262,34.9
1333,1.44
1341,59.4
1423,34.5
1443,23.05
1507,64.8
1522A,51.3
1566,19.65
1589,5.54
1592,2.57
1701,21.15
1724,15.6
1776,18.4
1787,26.15
1813,11.25
1902,20.65
2024,13.15
2035,26.7
2073,25.6
2323,11.0
2358,4.56
2443,3.57
2448,41.4
2456,94.6
2499,4.12
2712,13.4
2724,12.45
2809,56.6
2823,30.55
2841,2.68
2867,9.7
2882B,58.8
2887G,44.15
2888,11.8
2888A,36.5
2888B,36.8
2891C,60.5
2926,30.1
2928,31.85
2936,40.35
2941,30.75
2948,37.25
2949,62.5
3036A,52.0
3064,14.3
3067,16.9
3085,12.1
3089,81.0
3095,33.5
3144,38.2
3171,57.2
3191,17.0
3202,3.96
3252,15.3
3383,1.7
3426,47.8
3452,1.47
3454,99.4
3536,2.92
3562,14.8
3629,13.35
3642,3.87
3682,7.47
3698,22.25
4130,26.7
4141,26.1
4144,26.9
4152,99.6
4154,11.85
4180,70.9
4183,14.75
4305,41.55
4406,10.0
4413,19.9
4419,49.95
4429,40.8
4527,40.9
4535,26.9
4568,39.05
4609,4.31
4712,2.85
4725,17.9
4728,395.0
4803,3.6
4804,3.27
4944,11.6
4945,76.1
4946,98.8
4947,228.5
4987,81.6
5102,24.65
5223,23.0
5259,7.86
5264,87.1
5276,18.15
5281,15.8
5301,4.99
5304,3.32
5305,42.3
5310,29.7
5349,25.4
5371,83.5
5383,41.5
5514,15.15
5703,13.5
5820,11.7
5878,37.5
5906,38.95
6131,5.18
6169,12.0
6172,20.1
6212,32.0
6222,19.9
6236,16.9
6238,179.5
6242,33.85
6246,12.7
6247,15.45
6251,20.3
6264,6.05
6287,8.89
6288,20.95
6289,1.35
6404,4.64
6452,56.6
6457,62.1
6464,77.2
6497,5.66
6512,20.2
6514,50.8
6542,39.5
6556,60.9
6581,108.0
6592A,96.8
6592B,95.4
6594,31.3
6597,64.9
6641,17.05
6662,28.6
6747,199.0
6751,44.45
6762,156.0
6771,42.5
6806,3.51
6807,32.05
6846,58.5
6856,41.75
6881,215.5
6887,37.55
6904,123.0
6950,29.0
7716,24.45
7747,111.5
7819,33.25
7842,97.9
8077,41.5
8097,48.85
8112A,45.6
8183,28.2
8284,67.8
8287,0.73
8342,83.0
8354,16.7
8406,278.5
8416,169.5
8418,8.95
8420,40.6
8427,74.9
8444,4.35
8455,22.1
8480,84.6
8497,65.5
8499,256.0
8905,34.5
8913,13.3
8917,53.6
8921,16.45
8923,18.0
8934,36.1
8941,43.95
910482,0.25
911616,0.48
911619,0.11
912398,5.15
9157,0.86
9188,3.47
```

