# 收盤價 MD
# T:2026-10-02 06:37

## [CLOSE]
```csv
代號,收盤價
2330,2510.0
2327,602.0
2409,38.3
3189,1010.0
8046,1420.0
6488,1085.0
3481,52.3
6182,130.0
2454,4980.0
2303,161.5
3037,1215.0
2492,329.0
4958,510.0
3026,852.0
1303,254.0
3105,538.0
2408,519.0
3008,6205.0
5483,211.5
2344,180.0
3017,3510.0
3231,190.5
6147,225.5
2308,1905.0
2345,1900.0
2368,1095.0
6173,302.5
6213,642.0
8358,505.0
8039,288.5
3167,975.0
8996,1565.0
8150,115.5
3665,2555.0
3042,218.5
6672,405.5
6274,1535.0
6770,74.5
2317,254.0
2426,103.0
2383,4975.0
6533,366.5
3711,710.0
0050,112.9
3406,950.0
6207,145.0
3443,7900.0
2360,2080.0
6805,2390.0
2382,334.0
3533,1855.0
6223,5030.0
3081,2660.0
3624,151.0
3532,474.0
00919,31.63
3324,1525.0
2883,36.9
5347,184.5
3293,814.0
8227,363.5
2449,296.0
2481,177.5
00631L,39.62
3653,6875.0
8299,2110.0
1815,116.0
3264,245.5
2059,11835.0
00981A,31.0
3529,3245.0
2887,41.25
2484,84.6
3661,3765.0
4919,152.0
00406A,10.0
6510,3000.0
3149,74.3
2881,150.5
6446,1170.0
2030,37.65
3450,515.0
2301,284.5
6505,94.2
6257,256.5
5314,30.6
2379,762.0
0056,56.85
2882,110.5
2404,1305.0
00403A,10.92
5274,19040.0
7769,5490.0
7856,4300.0
2486,248.5
3605,178.0
6139,759.0
6669,2110.0
3563,754.0
3036,212.5
6239,292.5
1727,112.0
6187,1275.0
6515,5770.0
3094,67.7
2337,121.0
3163,651.0
2891,67.9
6116,15.65
3673,73.3
5536,959.0
3006,281.0
8027,209.5
3693,664.0
2340,43.85
6456,87.9
6531,933.0
00927,40.29
3707,77.5
00685L,13.1
8210,845.0
6861,292.0
2464,193.5
009816,16.6
6683,1575.0
1560,1000.0
1709,53.2
2313,224.5
2886,48.85
2885,67.4
2357,965.0
2354,66.2
3131,2380.0
2376,368.5
2603,238.0
8042,118.0
1101,25.55
3090,169.0
00918,33.89
8028,280.0
6442,1480.0
1605,38.55
3034,547.0
2884,45.35
6620,144.5
1301,66.8
1326,67.7
3441,202.5
00991A,18.33
2412,145.5
6933,394.5
4939,78.9
6691,733.0
7799,555.0
5425,97.5
2395,723.0
00878,34.89
8064,143.5
6834,119.5
0052,66.0
2472,226.0
6643,521.0
7711,616.0
3702,119.0
3455,287.0
6196,602.0
6706,154.5
7734,2795.0
3706,82.1
2375,124.5
2455,546.0
3576,18.5
5309,62.8
2498,43.7
2371,30.5
3675,359.0
4991,485.5
4956,47.25
00937B,13.74
3491,1490.0
7795,536.0
3260,380.0
2399,51.3
2890,43.65
6127,56.8
3211,394.0
2324,36.65
3016,168.0
3035,213.0
1802,58.8
6278,216.5
7610,1780.0
00712,7.31
8043,138.5
6199,128.0
5871,107.5
00830,90.9
3498,219.5
5328,58.4
3044,529.0
2478,124.5
6640,1110.0
3518,40.35
2027,48.05
1595,83.3
6209,82.7
6789,489.0
00992A,19.02
2618,42.2
4768,367.0
2609,58.8
3221,53.7
7788,290.5
6155,69.6
2892,38.7
2351,212.5
00929,29.59
2002,18.95
6532,122.5
3714,68.8
3045,122.0
6957,384.0
6426,339.5
1597,154.5
8261,181.5
4931,248.5
3363,641.0
3490,48.75
8021,503.0
00632R,9.41
2466,128.5
6271,230.5
00985A,23.81
3236,48.55
3162,87.5
2834,17.5
6414,402.5
4938,90.2
3715,129.0
2880,45.25
5351,109.5
1785,101.0
7717,551.0
1590,1185.0
00409A,10.3
6449,230.0
6538,369.5
8069,144.0
6907,198.5
2305,61.9
6197,330.0
2347,95.4
5289,1290.0
2363,60.6
2020,26.2
4979,557.0
4763,46.85
1717,73.5
2489,40.65
8240,60.2
5876,48.4
1519,688.0
2356,59.7
8103,124.0
6290,277.5
2801,27.55
4749,757.0
3013,94.0
6526,829.0
00679B,24.64
6120,14.75
6944,800.0
4906,40.5
8112,83.8
2428,261.0
2615,112.5
4722,209.5
3030,289.0
2467,543.0
3583,707.0
00881,52.6
8111,78.0
6217,174.5
2912,212.5
2377,152.5
3701,50.4
8086,115.0
3357,212.5
4961,186.0
6415,413.0
3147,267.5
5880,26.0
6425,81.3
6285,235.5
2542,38.4
2049,335.0
1102,35.65
1216,73.9
6175,76.3
6693,212.5
1402,27.95
5434,567.0
2316,167.0
6830,531.0
00687B,25.6
2221,179.0
00400A,15.6
3680,551.0
5475,178.0
5439,251.0
2451,289.5
00988A,17.18
2436,74.0
2342,49.35
009828,10.38
4971,534.0
00405A,9.28
006208,258.25
3362,175.5
6451,413.0
4904,105.0
4556,111.5
5443,112.0
00922,43.85
2353,31.85
6133,29.3
6831,474.5
3311,45.15
6727,488.0
2302,46.5
3615,43.25
4903,44.35
1314,8.89
00402A,10.22
2634,64.4
6472,429.5
6485,84.7
4526,34.4
00720B,30.76
00663L,114.6
00935,61.55
3374,456.0
8033,175.5
3055,210.0
4967,272.0
4566,75.2
2474,207.5
2441,124.5
00891,37.82
5269,1475.0
2388,73.3
6548,71.5
6291,489.0
00407A,10.12
7822,1000.0
6491,421.5
4551,172.5
3354,29.8
8040,95.4
3645,74.2
1809,45.75
8096,87.5
00662,126.2
3592,238.0
6284,80.3
6005,31.9
00965,25.37
3019,137.0
00795B,24.74
4576,237.5
4760,288.5
4772,264.5
2610,20.3
3234,172.0
3717,27.35
3376,174.0
8155,313.5
2421,164.0
6168,47.0
1513,166.5
00990A,16.29
2855,56.4
00947,40.45
00953B,9.52
4770,275.0
6715,453.0
00982A,23.15
00980A,25.55
00411A,10.75
1617,24.8
6150,69.9
9904,24.85
4968,101.0
6603,29.8
7828,1875.0
1476,274.5
009820,10.67
6432,69.8
4908,204.5
2034,23.6
2637,95.3
6202,60.1
1569,63.8
2406,31.4
5904,69.1
6226,48.0
3551,193.0
3023,309.0
1409,24.4
6919,79.1
009829,10.98
2483,36.6
00751B,28.82
8110,48.7
4764,185.0
2812,18.8
2458,138.5
2006,84.6
00888,36.59
3265,185.0
2061,61.7
00713,62.85
8109,144.5
4916,103.0
8054,89.8
4977,170.5
1708,53.6
2845,13.1
6547,62.6
4912,107.0
3581,117.0
2493,197.0
6138,283.5
1609,38.7
2385,105.5
6462,107.0
4923,65.2
00673R,10.97
2889,16.15
3014,142.0
5388,71.3
6435,262.0
00708L,72.65
6530,102.0
1477,190.5
2401,26.85
4915,65.0
00715L,63.55
00892,43.08
8182,44.25
6166,130.0
2367,43.35
3219,131.5
6781,1025.0
00680L,5.72
2605,35.4
6416,120.5
6739,1105.0
00675L,347.15
2241,44.05
2254,94.1
00893,46.33
2851,46.1
6282,43.3
7751,1630.0
6269,65.0
6227,137.0
7792,421.0
3413,293.0
6937,301.5
6265,49.25
2312,31.0
2413,51.6
1504,69.1
6016,23.7
00961,13.27
5285,94.2
4739,87.5
7750,1895.0
00933B,14.95
6409,891.0
8147,143.5
8016,288.5
6584,531.0
3543,51.1
8271,201.0
00997A,11.93
3580,109.0
00998A,16.58
2465,93.2
6214,189.0
3317,65.2
6443,27.9
4542,328.0
6122,62.3
5234,302.5
3691,112.5
2338,47.2
4960,23.9
5864,38.25
8289,51.0
6664,371.5
00984D,9.75
6903,316.0
2606,73.5
9933,41.65
00670L,215.65
4966,572.0
1312,14.6
6179,35.95
3141,84.5
00940,13.18
3718,64.3
2207,515.0
8050,63.4
1795,177.0
00725B,32.8
00646,77.5
1319,78.6
00724B,31.54
6438,164.5
2645,174.0
3005,117.5
7777,38.25
3227,185.5
6224,81.7
00859B,40.8
9945,29.25
6588,110.0
6121,379.5
00722B,33.07
7749,401.5
5292,237.0
6190,71.2
6613,278.5
2105,30.55
1718,10.65
1711,40.55
3029,119.0
00772B,31.11
3114,36.05
3504,80.2
2359,128.0
4577,90.4
2332,20.15
00757,145.35
6244,23.85
5243,93.2
6617,132.0
6949,49.4
2476,123.0
009821,13.21
8081,255.0
00923,41.82
2032,19.6
1714,16.2
6667,261.0
00865B,49.12
1229,40.2
8121,34.65
6668,47.1
1710,17.0
4989,61.1
8105,15.45
2420,58.0
6525,136.5
2850,157.0
6829,205.0
2485,40.5
9939,124.5
2369,31.75
3537,58.6
9941,77.9
2352,29.1
5469,74.6
2897,10.8
7728,649.0
6176,91.4
00735,109.65
9921,91.8
6205,71.8
3048,52.8
4540,61.8
9105,8.45
6962,33.15
1721,26.6
2402,57.2
2439,76.5
5386,288.5
6719,188.0
00951,19.09
6191,84.3
3228,179.5
7730,194.5
00904,43.69
6708,56.8
6023,84.8
00939,24.02
3596,153.0
3031,30.5
1773,167.5
00954,20.34
00996A,14.66
1528,25.0
009826,10.05
00994A,17.29
4541,60.1
4927,43.8
3380,31.3
2374,66.7
6174,50.0
3022,92.6
2329,44.35
9958,92.0
00924,34.09
6945,143.0
2393,64.5
3663,65.1
2633,25.8
6177,46.65
8431,64.7
0055,48.7
8131,62.5
009824,10.75
6405,45.1
8422,25.6
6218,62.8
00941,26.42
00738U,48.55
8215,29.1
6153,17.8
00896,27.84
00719B,31.06
00637L,18.33
3305,106.0
2033,46.55
6141,52.2
3515,215.0
2753,183.5
3290,50.0
6925,72.1
3294,33.05
00962,15.18
8926,58.9
3416,166.5
3587,241.0
2915,58.3
8464,362.5
00993A,13.98
00401A,14.26
8932,91.8
009803,21.79
1722,41.15
5288,190.0
1503,197.5
3704,40.05
6108,25.0
00696B,26.84
00900,19.4
00635U,43.1
4147,62.0
3229,59.0
2208,18.85
5340,80.4
3033,42.4
3550,25.7
2025,14.05
5009,32.8
7712,169.0
2201,29.2
9910,68.8
1723,79.7
6902,155.0
4743,45.85
3004,121.0
8084,24.2
3467,72.6
009813,11.61
00404A,9.88
7827,165.0
2328,47.75
6782,237.5
3088,132.5
6499,79.1
1313,12.4
6670,271.0
3402,137.0
7714,169.5
3339,45.05
00764B,25.53
00999A,11.3
3169,117.0
6204,104.5
2355,41.3
1905,12.8
1514,102.0
9914,68.3
8454,239.0
6742,55.6
00913,53.0
8936,52.7
4707,28.7
5464,92.5
6015,17.6
6788,346.5
3535,91.3
00894,50.05
00915,33.13
1608,35.95
00731,97.5
1210,51.7
7810,235.0
3388,84.4
2548,91.8
4174,43.1
3060,28.3
6695,55.4
2101,29.65
2014,17.1
3049,12.3
8201,17.65
8255,149.5
3010,126.0
6221,30.95
4721,80.6
00850,96.5
00688L,5.71
6862,142.0
2009,39.3
1904,24.1
6234,39.55
6716,117.5
3289,141.5
2069,25.75
00981B,8.97
2646,20.15
00909,48.51
9927,64.0
00692,97.4
3135,157.0
00864B,46.31
6901,16.65
2211,79.3
3066,28.9
4973,137.0
2597,167.5
2236,108.5
5284,298.0
00955,15.97
5498,50.6
2468,44.55
8070,50.2
1808,31.7
009823,10.52
00984A,15.68
2520,36.75
2883B,8.7
3059,38.3
6231,237.0
1558,112.5
2903,21.95
5465,33.85
2838,20.65
2444,15.0
6148,38.05
00740B,35.85
8438,80.9
5432,158.5
009802,19.98
2527,49.1
5471,52.4
6412,74.6
3025,58.1
009805,14.95
7631,145.5
4545,39.4
1440,13.4
8114,178.0
2103,27.95
00911,58.0
2820,16.75
00985B,10.1
6811,243.5
00952,18.55
6104,91.7
6592,57.0
0053,255.7
2614,19.25
6146,181.5
00853B,25.45
6245,88.3
009815,12.15
6206,139.0
6605,139.0
6243,40.55
2504,30.55
00643,17.18
3479,136.5
00931B,12.46
00877,35.15
00945B,14.2
6743,33.5
7825,85.6
6208,79.5
2501,21.05
00970B,8.69
2392,41.6
7744,537.0
00733,72.85
2233,168.5
9802,64.8
3591,26.9
5534,73.3
5321,70.3
3526,272.0
3588,59.2
3138,99.0
3528,86.9
4105,78.5
6579,160.5
3021,28.15
7768,301.0
2031,46.2
00989B,9.86
00753L,8.64
6841,57.0
2104,11.0
2010,22.5
00934,30.01
2727,235.0
3028,62.1
009811,13.62
3545,51.6
00950B,13.13
7747,111.5
6840,99.3
3437,22.05
6869,69.4
00988B,19.11
2495,38.6
00930,23.79
3709,65.9
00995A,17.89
8088,43.65
00895,52.4
1215,105.5
00948B,8.78
8383,67.9
6423,94.4
6753,133.0
3689,110.5
3062,22.25
1907,28.0
00633L,44.23
1810,24.0
6509,48.8
00773B,33.29
6642,83.0
009827,10.42
6983,353.0
4583,419.5
3230,42.25
4976,36.05
2231,92.9
3708,98.9
00887,15.2
8091,215.5
00657,81.6
6799,92.2
5608,17.0
2434,62.9
2405,15.3
3312,51.5
00882,14.84
00642U,30.54
8162,68.0
6589,52.4
6658,181.0
6994,29.15
00770,66.3
5522,60.8
00653L,40.51
6237,36.75
6163,41.4
5392,39.9
6261,79.1
7772,184.0
4303,33.35
00910,57.7
5228,43.7
4123,31.3
4563,53.5
00987D,9.48
4585,294.5
00697B,33.95
2072,134.0
00901,48.59
3558,129.0
5474,165.0
00987B,15.21
3041,24.65
2023,13.8
6259,31.8
6263,164.0
5299,103.5
6870,314.5
6215,97.1
1442,26.5
6725,221.0
1434,17.95
00876,92.75
00676R,5.2
2419,29.05
3209,45.35
6679,204.5
6953,252.5
2617,31.1
4766,342.5
3032,79.3
00938,26.79
6112,47.7
00858,36.28
2349,10.5
00885,17.94
6761,164.5
1707,85.5
1536,46.65
6292,67.2
00410A,12.48
00942B,13.14
8436,105.0
3338,67.9
3152,232.5
5607,51.9
6885,31.5
4951,90.3
1310,9.02
6279,113.0
00963,12.49
2836,12.05
6890,148.5
2515,11.95
6477,34.8
2362,46.6
00693U,23.4
8163,30.6
6877,138.5
2887I,9.53
2539,34.25
3577,115.5
009819,9.74
4746,49.0
00981T,11.64
2905,18.05
00984B,15.15
4536,162.0
00863B,29.32
009800,13.65
00990B,9.82
1612,35.15
9917,106.5
2491,40.5
6188,62.1
2543,38.2
9938,38.55
00681R,23.1
4949,75.9
3617,243.0
00987A,17.31
7805,490.0
00905,27.8
5291,61.1
00678,43.98
00959B,8.75
6143,80.6
5220,23.2
00912,36.21
6854,93.7
3570,170.5
2457,22.05
8390,90.3
1304,12.45
8462,157.0
00762,123.0
00867B,28.43
2365,28.2
7812,64.5
00946,15.47
2206,62.6
4729,20.4
2630,46.85
3092,24.3
3015,54.6
3078,45.75
4905,84.1
4128,15.15
00917,22.33
5013,42.6
4755,119.0
6922,221.0
5209,171.5
7703,205.0
3594,47.7
6690,177.0
4510,43.45
5230,22.65
3485,212.5
8234,63.0
2425,37.75
3213,124.0
6757,53.4
2258,31.9
6125,49.85
3287,41.65
00897,14.27
8415,35.55
3217,129.5
6156,21.75
1307,31.45
4178,18.35
00989A,18.08
00949,22.19
1231,79.8
00761B,31.84
009804,24.09
6535,80.9
1537,115.0
7740,102.5
6152,15.45
5287,137.5
3430,111.5
5306,88.4
6561,310.5
1232,153.0
00981D,10.11
7765,236.5
1309,13.7
1336,18.3
6113,24.9
6026,15.85
00907,17.64
7547,64.1
7855,41.4
6024,59.9
00768B,45.86
4716,17.25
6712,162.0
8473,39.05
4952,49.65
4127,46.7
00857B,21.28
1582,71.1
5515,51.5
00782B,28.27
2816,39.65
5511,69.3
6180,41.65
3694,51.2
4306,14.45
009801,11.82
1515,29.25
8083,156.5
2535,88.9
1563,76.1
1712,39.65
4534,30.7
6192,110.0
00861,90.2
009814,11.46
6165,49.6
6967,71.5
6118,16.3
00746B,33.23
7780,16.15
1104,26.7
3552,44.3
6585,102.5
2707,176.0
2331,19.15
1268,177.5
3556,59.1
6947,68.5
3356,65.7
2480,160.0
00964,14.78
3130,210.0
6654,210.0
4532,24.8
4580,82.2
8213,34.0
009817,8.69
6873,67.9
1316,10.5
2108,28.35
2731,144.0
1736,127.5
00969B,7.4
00916,27.04
8472,69.2
3548,76.5
9925,39.55
3207,40.7
00966B,12.97
2636,70.7
3178,69.4
5222,106.5
6913,129.0
1909,10.2
4736,130.0
6277,77.7
3003,59.8
6411,78.4
6233,23.55
2546,106.0
3093,45.85
1568,32.7
6171,27.35
6189,50.2
00408A,10.55
7402,100.5
4953,117.5
5426,28.6
5263,90.7
6541,30.25
4590,88.2
3218,134.0
6651,147.5
4416,13.1
00926,26.77
6756,98.0
2537,11.1
2029,22.0
3050,11.75
2423,71.6
3630,26.9
2461,17.4
4771,213.5
2723,77.5
4162,55.3
6225,66.9
00690,82.85
6275,47.45
5016,28.1
3483,78.5
00752,22.31
1308,14.2
00661,89.35
00980D,19.47
3564,51.0
1342,100.0
3051,23.0
2107,26.95
8047,51.0
6419,155.0
2852,27.6
00665L,8.84
3346,24.0
6270,30.55
00664R,1.53
2204,52.2
00986A,14.99
6894,360.0
00852L,32.59
5521,10.65
3623,30.55
4142,18.1
9907,14.85
00983A,13.42
6803,267.0
2641,17.35
6136,25.25
5258,42.25
2607,53.8
6117,62.3
8074,51.8
3226,65.0
3508,26.0
00983B,14.42
6546,59.7
5381,23.25
2453,53.3
5457,23.9
8045,54.7
4164,27.1
1227,28.1
4924,15.9
7689,161.0
3176,37.5
00645,58.7
1591,41.4
4167,19.6
5493,90.7
1472,88.8
00898,12.11
7786,118.5
6612,77.0
6689,64.2
2497,44.0
1618,38.8
6469,64.4
00968B,8.63
4113,15.1
00920,24.99
8374,76.9
00702,23.17
4114,29.5
2762,78.4
5236,137.0
4533,25.55
2417,38.95
00701,41.41
4571,154.0
6550,17.5
4714,11.85
1444,6.9
9911,81.5
009818,21.53
00706L,19.05
3669,33.4
6732,152.0
2442,14.3
3257,49.7
00875,58.25
00779B,25.75
1201,11.6
4169,151.0
6576,79.1
2612,61.4
1305,12.15
6986,44.0
6170,49.15
6235,39.15
3024,14.1
6875,31.3
00862B,29.15
2540,48.85
8341,74.2
3686,16.0
3002,19.45
8349,40.5
1565,96.7
2536,19.1
5227,30.95
00849B,37.27
1702,33.45
2887E,48.4
3685,34.65
2427,23.3
6417,102.0
6101,37.75
3484,47.3
6568,140.0
8076,21.6
00669R,5.43
1623,198.5
3712,20.65
2887H,43.0
3323,29.3
3054,59.6
2348,70.4
6914,118.0
5508,53.4
4137,76.3
6570,47.55
6598,26.65
2547,9.78
4909,36.15
1584,18.6
7709,85.8
2243,52.2
8044,24.2
4934,14.5
3679,108.5
7556,262.5
00756B,28.89
5490,25.6
8104,31.7
6909,42.75
4560,29.4
6142,9.17
8071,22.0
6768,63.3
3047,14.5
2228,75.7
00960,22.31
1447,6.51
00848B,32.4
1529,15.65
3083,23.95
00986D,13.88
8478,141.5
00985D,9.45
2748,39.1
1760,54.6
009812,13.15
00980B,8.81
2070,63.0
3297,31.5
6698,32.25
00655L,30.84
2250,55.7
6498,68.3
00640L,111.2
2038,12.9
00639,15.15
3631,40.45
3444,80.7
3703,19.55
2102,16.85
00928,33.57
00668,59.85
4129,82.6
00902,12.59
5452,27.45
0051,148.85
6126,30.8
4720,19.05
00791B,56.4
2908,22.1
7722,260.0
6684,50.1
3056,13.75
9960,37.5
00799B,27.45
6517,63.5
6494,52.4
4104,72.7
4728,394.5
7821,35.85
00884B,27.36
020025,41.02
00847B,23.26
3322,11.6
2460,30.6
8099,60.3
4564,16.3
6596,97.2
6741,55.6
1416,11.65
1522,26.45
3040,33.4
2429,30.75
1615,42.7
3303,48.7
8476,20.3
00726B,31.08
1789,18.8
00760B,50.35
4549,96.9
00982D,9.32
2364,64.9
00932,17.55
00983D,9.59
4441,170.0
8097,48.55
2387,36.55
00759B,50.65
6863,95.5
3716,34.0
3046,53.5
00636,26.43
00758B,48.18
006201,46.59
4543,30.15
3530,59.0
00710B,18.56
00727B,38.93
6186,29.1
6492,34.6
2106,16.65
1734,32.1
6969,30.45
5609,77.9
2015,64.2
6134,28.95
2397,63.1
00737,41.57
1780,25.25
00845B,31.47
2471,52.0
6790,37.65
6908,27.5
00903,22.29
00789B,44.36
2887G,44.25
8049,24.8
00723B,28.26
5484,39.2
6735,66.8
2832,56.8
1611,11.45
1532,22.2
3540,23.1
1524,25.95
1603,30.65
8038,33.85
1527,32.8
6272,25.2
6486,81.3
5210,30.15
4935,34.05
00763U,34.66
3555,167.0
3372,16.45
00728,70.4
00851,73.85
00781B,25.68
6140,20.05
00641R,3.62
2891C,60.5
00714,20.36
7823,79.9
3038,20.9
00982T,15.52
8942,40.15
2064,12.0
4157,8.73
6649,37.2
2459,64.9
00695B,33.69
00652,31.13
3705,56.7
8404,13.3
6111,38.1
1786,43.25
6895,151.0
6934,75.2
4166,24.75
6577,80.5
4155,14.85
3052,10.45
6872,23.0
6230,111.0
009825,9.7
7736,68.7
4726,23.4
00958B,8.62
00971,18.03
8222,35.55
00780B,35.37
6625,74.0
1103,13.2
6597,63.0
5203,58.2
2028,16.6
1720,56.1
6418,34.55
8249,39.4
3527,51.4
00834B,31.98
6021,41.7
00860B,37.84
5202,14.15
3438,61.5
00936,21.57
6838,25.8
3622,45.9
00741B,36.71
2913,11.1
00792B,29.06
2477,23.1
00991B,14.29
00694B,41.78
2530,20.05
1218,14.5
4106,24.1
3332,64.9
1713,42.45
2247,225.5
00778B,31.74
4119,55.7
4188,14.3
8279,80.8
5410,32.9
1506,9.5
6763,41.2
6129,14.7
5468,25.45
1604,23.35
00754B,30.26
5225,55.5
4974,71.3
00846B,34.11
2704,45.15
6558,25.35
1616,18.35
1459,17.0
4562,30.95
00842B,28.18
6906,84.0
3489,23.8
2511,8.32
00755B,30.36
00711B,14.71
9930,60.2
2534,16.85
1451,17.0
6674,18.35
1338,15.3
2611,14.35
7818,60.1
3071,23.05
4513,16.4
3628,72.8
2881C,51.8
6203,60.3
1464,10.0
00957B,12.43
6151,34.65
006207,30.97
6115,44.05
3360,15.25
00736,31.6
4506,118.0
7791,54.8
1455,9.84
3546,73.2
6859,120.5
8927,19.1
4555,42.3
00844B,29.25
00980T,12.17
6821,42.25
5530,48.75
6776,52.8
1586,17.9
2230,21.5
6474,35.45
3687,61.6
2881A,61.5
8935,19.3
00750B,30.68
00777B,30.05
6728,109.0
00956,13.43
8048,50.8
5213,20.65
00890B,29.95
9940,20.05
2752,176.5
1737,30.0
9934,9.86
00785B,32.71
00686R,0.92
4561,42.5
6965,63.2
1436,35.35
00749B,29.66
6785,95.3
4569,155.0
00730,29.9
6923,75.0
9951,47.0
1467,7.94
5211,21.1
1234,32.9
5245,20.8
3011,10.05
00689R,24.17
5531,6.91
3419,11.85
4942,31.8
00967B,8.51
00943,21.17
5903,186.0
00671R,2.33
00647L,138.8
4933,54.2
00840B,27.61
4195,15.7
8072,27.8
6996,169.5
3520,17.0
2732,62.8
00921,23.48
6924,134.0
1109,13.3
3684,54.3
1784,60.4
1806,7.92
6928,46.5
8277,15.5
00841B,26.4
3625,11.2
8068,17.75
6771,43.0
9935,18.35
9942,114.5
2640,157.0
3321,18.3
2739,36.5
9955,23.1
1325,25.7
3349,19.4
00775B,29.65
2506,8.43
3158,84.5
2414,53.2
2390,10.15
5251,29.7
5272,18.0
2608,28.8
6591,43.1
009822,9.33
8938,52.2
00870B,26.01
6164,12.55
6609,39.55
00650L,15.92
1456,14.8
1580,97.4
00886,49.7
1733,29.85
6220,25.3
2314,11.5
5278,23.5
3390,22.35
6918,73.9
2528,19.25
00786B,30.54
1587,23.85
1449,12.3
9946,16.85
3188,23.2
3058,8.15
2017,9.09
5478,97.5
3285,41.5
3171,57.3
5450,14.6
2538,8.83
2755,99.0
1339,42.7
2882A,60.2
00687C,8.64
3027,18.7
5011,18.6
00972,21.58
5529,26.05
9103,4.94
00944,22.1
1598,20.55
1799,28.95
4737,55.4
6527,75.0
6281,51.1
00683L,22.42
00717,14.54
9902,13.2
1752,31.35
009808,32.2
8085,14.6
8499,256.0
3306,47.5
3224,30.9
6657,32.6
5603,13.5
5523,30.35
1217,9.96
3501,37.7
2062,18.0
6465,41.6
8011,16.05
00648R,3.92
3609,23.0
2613,22.2
3268,21.6
1264,245.0
4503,24.15
4126,78.0
3296,28.6
1437,31.85
6185,12.6
7835,19.75
6161,50.3
9908,28.95
4207,19.4
8487,70.3
3652,34.5
6523,89.5
4107,110.5
3710,8.08
5488,12.15
5206,22.8
6441,24.9
6167,10.25
6968,41.45
5512,7.7
5403,93.0
6229,24.15
7721,61.9
1796,30.3
3611,184.5
3308,22.75
3057,15.9
8284,67.6
4711,16.15
4168,22.15
5519,25.15
9924,38.2
3284,19.65
6461,24.05
3086,27.35
3607,13.95
6266,24.95
2415,27.25
6720,126.5
4557,50.3
4807,29.8
1110,14.65
5315,18.9
8924,49.9
5014,10.3
4109,10.9
1466,14.7
5244,35.75
7738,156.0
7704,61.2
2516,15.15
1777,74.3
1439,28.95
9919,13.8
1256,168.5
1108,11.15
5905,7.4
1533,30.55
006205,39.21
4417,49.6
8432,50.7
2505,17.05
5538,35.95
5312,89.5
2745,84.6
1783,37.35
2007,7.0
6431,17.6
2450,28.3
1517,10.4
4744,28.7
4741,40.3
4139,41.95
8354,16.75
8171,20.7
1788,127.5
2440,14.4
5489,42.35
4572,138.5
1473,19.25
2705,15.15
6581,108.0
6219,12.35
3128,20.05
3466,23.75
9906,40.25
1730,51.3
4438,57.2
009810,21.46
5548,20.0
3434,31.4
7708,92.2
8421,13.0
6794,73.2
1321,32.5
6637,53.9
1225,24.2
2545,34.2
3310,68.0
7757,89.2
5706,44.2
6516,56.5
5533,13.9
1235,32.9
2022,7.34
8034,19.95
1731,20.85
7760,32.5
00899,22.2
1417,8.13
0057,334.3
2438,19.95
8089,19.6
6931,38.9
2488,48.95
1414,17.35
1419,65.8
00788B,27.98
5871A,100.0
3379,27.6
6184,40.4
00656R,6.12
6881,215.0
2013,41.5
2065,35.65
9928,18.05
6248,17.25
1725,33.5
2348A,38.45
00674R,29.24
6573,16.3
5344,13.45
1614,31.25
5525,21.9
9136,9.13
4163,136.5
8403,18.9
4588,55.8
00986B,9.15
8937,25.5
2227,45.0
3567,26.15
2066,51.7
6216,19.75
7794,30.3
6534,90.8
6951,69.4
5215,37.75
3521,12.0
4414,8.11
1903,47.65
3516,25.35
009809,18.69
00660,45.6
5907,4.8
3043,20.25
4999,17.65
5201,29.2
6703,100.5
7820,110.0
2743,52.3
6988,11.65
2923,25.4
6028,99.2
8059,17.55
2433,40.2
2237,26.75
6574,118.5
020020,30.2
4735,36.05
9962,10.35
1460,6.23
6697,41.1
4442,54.0
5212,48.85
2109,14.4
1259,68.0
4552,15.65
5481,22.1
006203,203.3
6183,92.3
1457,14.45
1735,20.15
00651R,5.33
2462,19.9
1726,76.5
8916,41.0
6201,44.55
4138,54.3
6590,65.1
5353,28.5
4523,24.0
8442,45.6
6796,53.1
4558,16.85
2729,157.0
1410,24.15
3511,19.6
8411,11.9
6982,44.7
7715,28.35
8446,84.9
8440,20.2
1531,11.6
1742,17.8
8489,22.45
1540,19.5
6874,70.4
1295,47.8
1219,11.45
4946,100.5
1294,50.2
7839,43.0
6123,42.95
5283,53.0
00682U,20.91
5546,13.85
1732,26.0
6560,32.6
9905,21.4
4116,39.8
6606,25.0
8032,36.2
6283,19.3
5302,9.86
1240,54.1
2524,34.6
1337,4.47
1432,15.05
5356,25.9
1468,13.55
2901,24.8
00700,16.84
3205,46.7
2849,16.0
2482,16.3
4173,17.25
2496,55.1
3522,12.5
3325,11.7
00856B,37.19
1471,9.49
4994,81.6
6194,30.1
2115,23.85
2114,90.0
3541,24.4
2596,34.9
2509,14.3
2945,39.9
4148,31.8
1474,10.05
5438,17.25
2002A,37.5
3465,30.0
6722,32.5
8410,27.8
2938,18.5
6671,22.85
2887F,45.55
6464,77.0
6752,96.2
6792,59.0
4907,45.05
9937,54.5
4747,23.1
2718,40.0
3191,16.85
9943,50.4
3432,14.75
3447,27.65
00684R,14.84
4161,21.75
4582,22.4
020000,33.35
6569,91.3
6921,66.4
1593,31.7
6823,60.7
2838A,52.0
4706,34.65
6910,26.8
8908,40.2
1762,33.95
7803,17.8
3666,25.3
3597,28.1
1599,23.1
3492,19.15
1535,45.85
8931,42.65
6552,25.1
5015,21.8
6955,95.2
8107,11.8
6754,41.0
3276,13.9
0061,23.32
2734,14.35
4420,35.65
1817,40.0
2373,53.0
4111,28.85
6844,57.4
4702,9.28
8024,12.35
2756,62.8
3557,23.1
00709,38.98
2643,62.3
6158,17.25
6680,51.5
6109,10.45
6160,13.9
8093,25.25
4133,20.65
6504,37.2
6506,18.55
1438,21.8
4439,97.7
9941A,48.8
6240,25.3
6593,32.3
8433,52.8
6865,27.65
4433,18.05
1525,63.7
3259,11.7
2024,13.3
7753,35.7
1465,11.65
6154,14.2
8291,28.35
6241,16.15
7705,29.7
2722,21.45
6470,42.7
4108,11.5
8429,5.91
1315,68.7
6733,24.95
4568,39.05
7642,68.2
8930,28.7
2514,11.6
8401,22.7
2947,60.5
6899,49.5
2380,17.0
2754,68.0
8437,10.6
5355,7.1
3122,24.5
6843,38.45
5324,12.45
2239,19.05
8435,53.3
8367,40.8
2067,4.91
8467,88.1
8941,43.95
2939,21.95
4440,17.55
009807,18.05
2911,6.14
2431,10.15
5460,17.25
3313,10.55
6103,36.9
2701,10.3
4426,7.66
6508,27.0
2906,13.4
4175,50.7
8416,169.0
1776,18.05
8112A,45.8
3150,15.7
4430,17.8
8087,23.6
1445,10.0
3288,21.25
2916,40.5
6807,32.3
3206,34.6
4102,18.45
006204,239.3
4554,28.15
3164,16.5
2836A,23.9
6804,18.35
9918,43.2
1220,10.85
4930,15.95
5398,13.8
7814,28.4
3646,24.85
3523,13.5
9926,49.1
4171,16.35
006206,36.61
7819,33.7
00908,14.55
6835,31.15
6556,61.6
5487,28.7
9944,17.15
3499,13.75
2702,12.35
1526,14.95
1435,22.0
2012,14.35
7770,41.45
6629,103.5
7718,46.0
6856,41.05
6791,100.5
910861,4.69
5007,56.4
1539,15.65
1446,13.45
8933,4.6
3512,19.2
6887,37.95
1583,47.05
4153,31.25
7743,25.0
8426,20.65
6767,24.6
7811,73.5
8481,40.65
3664,8.85
8463,21.2
4972,16.3
1570,32.25
6130,23.55
8092,12.55
6846,58.4
4160,38.9
4995,50.0
2642,20.35
2616,13.3
2430,18.1
4911,28.2
8342,83.5
3272,13.9
6961,47.65
1512,6.2
4943,6.67
6762,156.0
4528,14.85
00734B,14.81
5902,34.3
1340,5.23
6128,19.25
2248,61.4
2063,23.6
1236,25.5
4401,13.9
4754,37.85
1324,10.05
8176,9.71
1781,9.99
3494,7.09
2882B,58.8
7842,97.7
3232,20.7
3373,16.0
6592B,95.4
6496,23.8
6614,35.3
912000,2.48
1906,10.8
1530,26.85
3266,14.0
2751,52.9
5547,20.15
1101B,43.5
4304,17.3
3018,12.25
8272,63.9
4131,30.85
4535,27.0
1805,10.1
00634R,3.26
6916,18.5
2424,8.16
2719,19.5
2740,29.0
8450,14.3
6624,38.0
8466,15.15
1441,9.87
6195,28.2
9950,10.25
6730,32.2
4190,25.0
4584,37.5
3118,31.55
6884,31.4
6582,31.3
2948,36.5
5310,27.2
6210,17.9
5345,21.3
1463,17.5
009806,13.81
3593,11.5
3713,13.8
1452,10.8
4121,12.75
1418,18.5
5704,22.6
1516,13.5
6615,33.5
7584,28.6
7732,33.2
2929,5.81
6276,19.65
5514,15.1
4950,16.2
6952,38.8
6592A,96.6
2736,11.3
4538,17.45
6482,23.65
5543,27.0
5223,23.4
6971,23.3
2941,31.0
2887Z1,22.65
6751,44.0
4502,15.8
00638R,6.94
1323,21.5
9931,34.1
9949,24.3
4767,28.1
4305,41.55
3095,33.2
6246,12.7
3073,20.5
6228,18.15
00982B,9.04
8928,23.0
6542,39.9
5701,4.07
2706,12.2
6958,17.5
1475,26.05
6144,12.8
8066,14.95
7713,74.3
6578,16.5
1470,24.4
5205,20.75
5601,28.9
7716,23.95
4581,47.85
9912,12.95
6294,28.15
1233,28.1
8905,34.5
4205,68.8
8940,15.05
911868,1.15
3168,43.05
1521,25.8
8488,9.84
00657K,25.49
8423,18.0
4154,12.5
1541,20.75
2008,30.85
6020,20.55
3252,15.35
4413,20.35
1454,12.15
5276,17.3
00787B,30.21
1341,59.0
8102,59.0
1538,7.83
1626,9.72
6616,8.26
6692,23.05
5878,37.85
00703,18.79
4406,10.2
8080,28.0
5364,8.38
6124,27.2
00771,14.95
6641,16.9
6512,20.25
4183,14.45
4550,24.45
6169,11.85
00668K,18.68
4120,46.0
8929,13.1
2926,30.3
8349A,45.4
6645,12.75
1203,43.9
6662,28.5
8477,14.2
3672,12.1
5520,83.5
00783,27.07
4432,15.35
1413,9.25
7723,18.25
6264,6.03
4530,24.1
1423,35.5
2321,23.5
911608,2.7
1443,23.35
8455,22.1
3115,8.2
6936,32.0
2904,12.7
5604,31.4
2891B,61.7
2881B,60.8
00654R,7.19
1813,11.3
2726,8.0
8443,11.1
8101,11.05
2432,27.6
1453,10.9
00739,26.5
00836B,26.33
2073,25.8
6721,50.2
4198,49.25
8482,48.85
4745,12.15
5516,12.0
6666,45.95
3632,7.08
1213,7.0
8077,41.8
5906,41.3
2712,13.35
6236,18.7
8067,12.0
8409,18.0
9929,11.1
5348,16.35
3629,16.2
6212,32.25
3064,15.75
8906,28.95
2035,26.9
7782,25.15
2910,23.6
020012,23.13
6958A,21.95
3531,21.15
9110,2.98
2924,18.85
4402,14.15
2724,11.8
4529,3.33
4609,4.49
00636K,8.36
0054,28.25
0058,43.71
0059,42.85
00625K,8.33
00643K,3.74
00649,19.12
00658L,37.0
00659R,11.21
00666R,9.33
00667,20.79
00672L,0.75
00677U,1.48
00691R,10.46
00704L,18.84
00705R,19.03
00707R,31.9
00716R,13.96
00718B,19.05
00721B,48.06
00729R,20.56
00732,40.74
00742,22.2
00743,24.2
00744B,42.35
00745B,42.04
00747B,51.85
00748B,42.52
00765B,38.72
00766L,11.92
00767,17.4
00769B,60.3
00774B,40.85
00774C,9.12
00776,20.78
00784B,39.32
00790B,53.2
00793B,29.55
00794B,39.82
00796B,41.84
00797B,41.36
00798B,42.65
008201,101.2
00831B,41.42
00832B,42.92
00833B,43.87
00835B,45.16
00837B,37.64
00838B,40.38
00839B,41.85
00843B,40.37
00854B,41.86
00855B,38.6
00866,21.84
00868B,36.17
00869B,36.69
00872B,37.13
00873B,37.28
00874B,38.04
00883B,30.98
00906,11.95
00925,16.1
020001,28.63
020002,11.12
020003,15.89
020004,33.28
020005,19.35
020006,32.05
020007,41.23
020008,13.31
020009,26.67
020010,13.56
020011,16.4
020013,14.84
020014,6.3
020015,18.69
020016,28.32
020018,24.94
020019,21.59
02001B,8.75
020021,4.42
020022,7.62
020023,7.2
020024,5.94
020026,6.37
020027,10.65
02002L,7.38
02003L,4.34
1258,26.85
1262,34.9
1312A,23.05
1333,1.44
1507,64.8
1522A,51.3
1566,19.65
1589,5.54
1592,2.57
1701,21.15
1724,15.6
1787,26.15
1902,20.65
2235,28.0
2323,11.0
2358,4.56
2443,3.57
2448,41.4
2456,94.6
2499,4.12
2601,5.91
2809,56.6
2823,30.55
2841,2.68
2867,9.7
2888,11.8
2888A,36.5
2888B,36.8
2897B,11.85
2928,31.85
2936,40.35
2937,44.7
2949,68.9
3036A,52.0
3067,16.9
3085,12.1
3089,81.0
3144,38.2
3202,3.96
3383,1.7
3426,47.8
3452,1.47
3454,99.4
3536,2.92
3562,14.8
3642,3.87
3682,7.47
3698,22.25
4130,26.7
4141,26.1
4144,26.9
4152,99.6
4180,70.9
4192,18.65
4419,50.2
4429,40.8
4527,40.9
4712,2.85
4725,17.9
4803,3.6
4804,3.27
4806,10.4
4944,11.6
4945,76.1
4947,228.5
4987,81.6
5102,24.65
5259,7.86
5264,87.1
5281,15.8
5301,4.99
5304,3.32
5305,42.3
5349,25.4
5371,83.5
5383,41.5
5455,30.7
5703,13.35
5820,11.7
6114,23.45
6131,5.18
6172,20.1
6198,20.05
6222,19.3
6238,179.5
6242,34.05
6247,15.45
6251,20.3
6287,8.89
6288,20.95
6289,1.35
6404,4.64
6452,56.6
6457,62.1
6497,5.66
6514,50.8
6594,31.3
6655,125.0
6661,16.2
6747,199.0
6806,3.51
6855,116.0
6904,123.0
6929,21.8
6950,32.4
6997,67.0
7767,46.3
8183,28.2
8287,0.73
8406,278.5
8418,8.95
8420,40.6
8424,70.7
8427,74.9
8444,4.35
8480,84.6
8497,65.5
8913,13.3
8917,53.7
8921,16.8
8923,18.0
8934,36.1
910322,23.45
910482,0.25
911616,0.48
911619,0.11
911622,3.6
912398,5.15
9157,0.86
9188,3.47
```

