# 收盤價 MD
# T:2026-10-02 10:10

## [CLOSE]
```csv
代號,收盤價
2327,634.0
4958,546.0
2492,361.5
2409,40.55
2330,2505.0
3105,591.0
6274,1590.0
6488,1160.0
2408,526.0
6213,658.0
2454,4900.0
8046,1425.0
3026,869.0
6182,136.0
6770,77.2
8150,126.0
3081,2815.0
8358,519.0
2344,179.0
3481,53.2
2383,5060.0
2345,1940.0
3189,1025.0
3042,222.5
2303,159.5
3037,1225.0
8996,1510.0
6173,312.5
2308,1885.0
3450,537.0
1303,258.0
3441,215.0
6672,426.5
3167,976.0
3624,151.5
0050,112.6
3665,2535.0
2368,1100.0
3017,3470.0
2360,2170.0
3008,6110.0
6147,225.5
3231,186.5
4919,151.0
3653,6855.0
4991,524.0
6223,5285.0
2317,251.5
1727,119.0
5483,217.0
3661,3795.0
2481,175.5
3707,85.2
1326,72.0
6239,301.0
8021,541.0
6531,976.0
2484,85.9
8039,285.0
3711,716.0
3163,684.0
2376,374.5
6505,100.5
6442,1545.0
00981A,31.19
3406,949.0
1815,118.5
3324,1520.0
6257,260.5
1709,58.5
2059,12050.0
3533,1805.0
8299,2090.0
0056,56.9
00631L,39.51
2426,103.5
3532,479.5
3605,171.0
3006,288.0
2449,296.5
6683,1495.0
1301,68.7
6533,359.0
6834,131.0
00406A,10.06
6187,1345.0
6805,2330.0
2404,1285.0
3094,69.4
6669,2090.0
6207,145.5
4772,282.5
00403A,10.98
5425,100.5
2340,46.2
6127,58.1
6139,761.0
7856,4170.0
5351,114.0
5328,59.4
6226,46.3
3714,71.2
2455,559.0
3529,3225.0
4971,587.0
4722,230.0
6515,5900.0
3264,244.0
00919,31.48
3443,7925.0
3016,182.0
3363,662.0
6456,91.0
2382,331.5
3090,174.0
6155,72.3
2464,193.0
9933,45.8
00927,40.35
3455,281.5
5347,182.0
5274,18405.0
7769,5490.0
3293,792.0
5536,943.0
2313,225.0
2883,36.85
2301,281.5
6933,389.0
1605,39.05
8042,120.5
6116,16.2
2305,60.4
8111,80.9
1560,1000.0
2337,122.0
00961,13.12
00985A,23.95
8210,839.0
4927,48.15
5309,67.0
6727,520.0
8261,186.5
3563,759.0
009816,16.56
3675,375.0
6510,3055.0
6446,1150.0
4749,774.0
3036,214.5
00991A,18.47
3260,380.5
2887,40.75
8043,142.5
4908,224.5
6830,552.0
3030,291.5
6691,732.0
3149,75.0
8086,119.0
00685L,13.08
1717,74.1
1216,72.8
2472,229.5
3034,538.0
6426,348.0
8028,281.0
6451,428.5
2395,717.0
5314,29.8
3221,55.9
3236,53.4
6196,603.0
3673,74.5
00982A,23.54
0052,65.9
1590,1165.0
2375,127.0
00687B,25.56
6415,424.0
7711,607.0
2324,36.35
4977,175.5
3211,398.0
8027,211.0
6199,131.0
2338,50.0
2379,752.0
00937B,13.67
00992A,19.18
4931,250.0
7610,1750.0
3490,47.65
2881,149.5
6271,232.0
2486,246.0
3551,199.0
6278,213.5
6449,229.0
2489,41.4
6907,200.5
2885,66.8
3234,178.0
3147,263.5
1809,48.2
00679B,24.58
5289,1305.0
6620,147.0
4989,64.4
6715,442.5
00918,33.79
2342,50.7
2466,141.0
6538,367.0
6706,155.0
00712,7.21
8069,143.5
00715L,71.05
00878,34.85
00929,29.64
3498,216.0
2478,127.0
6435,273.0
8064,143.5
3491,1490.0
2357,960.0
2354,65.3
4906,43.0
6209,82.7
3035,211.5
7795,527.0
3013,92.2
1708,55.4
2615,112.5
3044,534.0
4764,203.5
00407A,10.17
3693,659.0
2061,66.6
3701,52.0
7799,538.0
00988A,17.16
1519,690.0
2891,67.9
8182,47.2
2882,110.5
00405A,9.32
4923,67.7
1802,59.2
6861,293.5
4768,378.5
3706,81.5
4760,317.0
1101,25.4
00888,36.57
2603,239.0
2886,48.6
00662,125.4
6640,1135.0
6197,332.0
4556,119.0
2399,51.5
4903,45.1
00637L,17.92
2884,45.25
00673R,10.53
2428,265.0
006208,258.0
5475,181.5
4956,47.05
009828,10.54
6789,488.0
00881,52.6
3131,2415.0
2890,43.9
7788,299.5
2912,210.5
8110,49.95
1597,151.0
00830,91.05
2351,211.5
3357,216.0
6603,30.05
2634,64.8
3702,119.5
3583,719.0
2356,59.4
3715,128.5
6175,76.9
00795B,24.71
1714,16.95
7734,2800.0
6438,169.0
2030,38.6
6291,497.0
5285,97.1
4979,572.0
6643,518.0
2353,31.5
3048,53.7
00935,61.55
2880,44.95
00400A,15.68
6944,792.0
3576,18.3
2498,43.15
00632R,9.42
2363,59.6
5871,106.0
2609,58.9
4174,40.95
00696B,26.79
3680,551.0
6290,277.0
8131,64.4
1785,101.0
5234,309.5
6285,235.5
3518,40.85
6205,73.7
8227,363.5
8112,84.3
4939,78.7
2436,74.2
2049,335.5
6414,399.0
1314,8.96
00947,40.39
2467,551.0
2371,30.25
3362,175.0
2377,153.0
8091,237.0
2027,48.25
6217,175.0
2254,94.2
00953B,9.51
00922,43.76
2493,199.5
00409A,10.28
4938,89.8
2020,27.05
5439,252.5
2412,145.0
6485,81.1
3162,88.2
1513,166.0
1711,41.35
6120,15.15
00965,25.37
6739,1150.0
3114,39.65
3031,32.25
2892,38.3
8033,174.0
00753L,8.28
2002,18.95
5880,25.95
6227,138.5
4576,236.0
3045,121.5
00891,37.86
00665L,8.43
6405,42.55
5498,54.4
3311,49.65
2441,126.0
00996A,14.82
6949,46.6
6432,69.3
2302,47.15
00998A,16.27
6957,377.5
2347,96.9
00708L,71.65
5269,1465.0
6548,73.5
8103,121.5
2855,57.8
6491,422.0
8240,60.1
7828,1855.0
6284,80.7
4961,183.0
3055,213.5
7717,558.0
5386,293.5
00663L,114.35
2606,74.8
8289,56.1
2367,44.1
2316,166.5
00984D,9.72
5904,68.4
6532,118.5
6526,824.0
6831,474.0
4551,173.5
2801,27.45
3023,310.0
00904,43.87
3374,455.0
3717,26.8
5434,571.0
2103,28.4
9904,24.65
6693,211.0
2542,38.7
5228,48.05
1710,17.35
6547,61.2
4967,274.5
2618,42.0
2605,35.65
7751,1625.0
6781,1030.0
7750,1875.0
8096,88.2
6168,46.65
4915,64.9
6588,112.5
3265,186.5
6282,44.1
6138,287.0
00738U,48.02
00934,30.01
6174,55.0
6150,68.2
6525,139.0
2451,289.0
3413,291.0
3537,57.7
6994,32.05
4770,277.5
00720B,30.67
00990A,16.31
7792,417.0
3141,85.1
4763,46.9
8040,95.6
6269,65.8
2483,37.05
1504,69.4
00945B,14.21
6919,79.1
3019,137.5
6263,171.0
00980A,25.67
6530,103.0
6265,50.4
00751B,28.74
6472,421.5
4739,88.6
2406,30.9
2201,28.8
1409,24.6
00997A,11.95
2393,65.6
2548,91.6
00962,15.15
1773,170.0
00650L,15.17
4755,121.0
3430,115.0
3691,111.0
2439,75.5
4960,24.55
2221,181.0
2834,17.55
00646,77.2
00670L,212.8
6202,60.5
4566,74.7
2034,24.15
1569,64.3
4916,103.5
2329,45.0
5443,113.0
3645,73.6
3588,57.6
2474,206.5
1313,12.7
009829,11.01
6133,28.9
1476,277.0
7822,1005.0
2101,29.25
7712,170.0
6664,376.0
00735,110.0
00675L,346.2
00713,62.65
6584,534.0
3010,128.0
2637,97.6
3587,242.5
3543,52.2
3227,186.0
8121,35.45
3317,65.8
3376,173.5
2241,44.15
2388,72.8
1595,81.2
3029,118.5
2458,137.5
5876,48.4
3025,55.4
6191,84.0
6945,136.5
00933B,14.91
2385,106.0
4904,105.0
6122,62.6
9939,123.0
2610,20.2
6509,50.1
2033,51.2
6708,62.4
00411A,10.71
2421,163.0
00999A,11.33
6937,307.5
2355,42.45
4540,60.9
00896,27.9
4968,100.5
6225,69.6
3014,142.5
2207,516.0
009826,10.01
1102,35.5
4720,20.95
2312,30.85
6224,83.1
4542,332.0
3564,56.1
00633L,43.22
2369,32.2
2105,30.4
009805,15.09
6877,152.0
1718,10.7
1312,14.8
3581,120.5
6231,243.0
00905,27.83
1736,123.0
00913,53.6
1795,176.0
00772B,31.04
6166,129.5
00757,143.75
00994A,17.43
1617,24.6
3229,58.9
3592,236.0
1609,38.7
00985B,10.09
6425,79.3
2359,127.5
6292,69.7
009820,10.61
3615,43.85
9945,29.05
00892,43.06
6953,257.0
2645,173.5
00993A,14.06
4912,104.5
5292,239.0
6443,27.8
4766,346.5
3219,129.5
6218,64.0
8271,202.0
8438,84.2
8926,59.0
7777,38.95
8155,313.5
3339,45.85
8050,62.4
5864,38.65
6179,36.15
6206,138.0
6005,31.9
2485,41.05
1503,196.5
6617,134.5
3135,159.0
5243,93.1
2352,29.35
6121,383.5
2465,93.1
6423,100.5
00402A,10.23
3228,177.0
1319,78.0
6279,116.0
8054,89.7
2332,20.35
00642U,31.88
1402,28.05
3483,81.2
6416,117.5
6712,162.5
00981B,8.95
2597,165.0
1528,24.8
2006,85.8
1721,26.4
6462,105.5
009821,13.07
6409,889.0
2401,26.6
7827,160.5
8109,145.5
4526,34.55
00635U,42.79
00954,20.5
2032,19.9
2402,56.7
6788,351.0
6903,317.5
6668,46.65
00865B,49.13
6613,278.5
00877,34.88
3718,64.9
8070,50.5
8932,91.9
6902,152.0
00752,21.85
00725B,32.73
00857B,21.23
2889,16.2
2476,123.0
1477,190.5
009800,13.58
1310,9.45
009802,19.9
3402,138.0
6716,119.5
00923,41.7
2501,20.85
00912,36.24
6016,23.95
00882,14.77
00964,14.74
2413,51.8
3289,141.5
2614,19.45
00655L,30.08
00410A,12.6
5016,28.5
00887,15.0
00773B,33.23
00940,13.15
00951,19.23
1210,51.5
7749,397.5
2374,67.0
5340,81.1
00719B,31.11
00404A,9.86
3060,29.1
1309,14.15
6743,35.7
3022,92.0
3178,72.5
3552,45.65
5013,46.85
3033,42.65
4966,571.0
3580,108.5
6667,260.5
00910,56.9
00740B,35.81
1304,12.7
4771,208.5
6190,71.1
2812,18.75
1608,36.3
3535,92.0
2204,52.1
3354,30.05
7825,86.0
3558,133.0
8147,146.5
8215,29.7
4707,29.9
2328,47.5
8255,152.0
5388,71.4
00995A,18.0
4577,91.6
2915,57.8
00939,23.93
3504,79.7
6141,51.4
2031,46.45
6214,189.0
8016,288.0
3479,136.5
6125,50.9
00948B,8.75
8454,241.0
00680L,5.68
00963,12.29
2491,41.3
1722,41.1
2851,45.7
8436,104.5
6176,91.4
2420,58.5
00894,50.45
6829,207.0
00401A,14.28
1514,101.5
2820,16.7
2845,12.95
6605,136.5
00900,19.33
6719,189.0
2887I,9.52
4905,92.5
5469,74.7
5299,105.0
6962,33.0
8431,63.6
8081,254.0
6244,23.75
4541,60.1
009824,10.72
2646,20.1
00733,74.15
009803,21.74
3305,106.0
9958,91.8
00984B,15.1
9105,8.44
8464,361.5
6794,75.0
8422,25.5
6742,56.6
00950B,13.12
2468,45.55
1440,13.35
6419,158.0
9921,92.0
00693U,23.22
2527,49.95
00984A,15.72
00942B,13.11
2208,18.8
3550,25.65
6177,46.15
00987A,17.5
4949,77.9
00692,97.05
5284,296.0
6925,69.6
6922,216.0
3005,117.5
6679,207.5
3088,133.0
8074,53.9
3380,31.65
6589,50.9
4585,292.0
3213,123.0
2504,30.5
00981D,10.1
6266,26.8
00917,22.15
00928,34.2
5288,187.5
2887H,42.7
8105,15.7
4147,61.2
00746B,33.18
6208,79.6
00909,48.15
6148,37.8
00694B,41.82
1229,40.0
4973,138.5
1434,18.1
00850,96.75
8201,17.3
4721,81.1
6108,25.5
2233,169.0
1459,18.7
3049,12.55
5522,60.6
7768,310.0
3515,217.0
6651,151.5
3591,27.55
2014,17.1
6799,92.5
4123,30.95
3028,63.1
3596,153.5
1215,105.0
6862,144.0
009823,10.48
7730,188.0
1563,77.0
00936,21.74
3545,51.3
1305,12.4
6412,74.6
4583,419.5
006205,38.93
2753,183.5
8383,68.4
2480,161.0
6221,30.5
00931B,12.43
00408A,10.59
2515,11.85
1308,14.4
1904,24.2
6259,32.2
4716,17.6
6153,17.85
5009,33.05
2069,26.05
00989A,18.02
3138,100.0
7714,171.0
2025,14.25
5508,54.0
2434,63.5
6782,233.0
7744,528.0
6113,24.7
00955,15.85
9914,68.1
3617,241.5
3338,68.5
3066,28.85
2211,79.5
0055,48.49
5464,91.0
00722B,32.96
2392,41.6
00987B,15.17
6245,88.5
7772,187.5
9910,68.3
1810,23.85
5471,52.7
6234,40.1
3689,111.5
8088,44.6
2905,17.75
4743,46.0
3467,72.2
6695,55.0
9941,77.6
009813,11.55
3323,30.35
7728,647.0
00864B,46.37
1231,79.4
6015,17.75
009811,13.54
6658,182.5
6840,98.1
8084,21.8
6204,105.0
3704,40.3
2540,48.55
6152,15.6
6869,70.4
00970B,8.66
1227,27.95
3388,84.9
3528,87.7
00989B,9.83
2419,29.2
6215,97.1
3290,50.3
6188,62.4
00897,14.0
00981T,11.6
5381,23.1
8936,52.5
6870,315.0
2633,25.65
00959B,8.7
3209,45.65
6821,43.65
5515,51.2
6112,47.8
00770,66.2
3577,115.0
5474,162.5
4714,12.3
2495,38.7
2539,34.05
6146,182.0
00949,22.05
2104,11.05
6499,78.7
00952,18.55
6642,84.3
6901,16.7
3312,51.9
3287,40.85
00852L,32.32
2630,46.75
009827,10.4
4127,46.1
4953,118.0
00988B,19.06
3694,51.6
6592,57.0
00688L,5.67
00697B,34.0
5608,17.1
3059,38.35
6550,17.0
2444,15.2
00960,22.54
2009,39.5
00768B,45.74
2543,38.2
3024,13.9
6890,147.5
5230,21.95
2362,46.65
00991B,14.26
6885,31.05
00958B,8.59
3437,22.3
6561,312.0
6875,30.0
5392,40.15
4563,52.9
4746,48.3
00695B,33.74
8390,90.7
1316,10.4
4105,78.6
6753,132.5
1907,27.8
5426,28.8
3062,22.5
6811,242.0
00968B,8.61
7810,240.5
8114,177.5
00885,17.87
2535,88.9
00946,15.43
2258,31.15
5452,27.9
2887Z1,21.9
1735,22.15
00915,32.95
6579,158.5
3004,120.5
4114,29.35
00941,26.44
6757,53.2
3078,46.05
1532,22.05
9917,105.5
2457,22.2
1582,71.2
3663,64.9
3526,271.0
9927,63.2
009815,12.06
1905,12.85
2897,10.7
6189,49.95
2617,31.35
3015,54.5
7765,233.5
00676R,5.2
009819,9.68
2883B,8.68
8163,30.6
6477,34.55
2838,20.45
1472,88.6
4951,90.5
5534,73.3
00724B,31.47
6670,270.5
00990B,9.82
1723,80.7
6163,41.4
2072,133.0
0053,254.85
6104,92.2
2727,233.5
1537,114.0
6517,64.9
3021,28.2
2348,70.0
00924,33.92
00645,58.15
00786B,30.5
4178,17.5
6909,43.2
8234,62.9
009817,8.63
3218,133.5
2903,21.9
1612,35.4
3294,32.7
5465,33.4
7812,66.5
00911,58.05
6243,40.5
6873,67.6
7689,160.0
00858,36.18
4510,43.4
009801,11.78
1515,29.1
8374,77.7
6261,78.8
00678,42.7
3169,116.0
6894,361.5
00876,93.25
8045,55.9
8162,67.9
3051,23.4
2023,13.9
3217,129.0
8076,22.0
2546,106.0
3207,40.5
6541,29.95
00987D,9.45
3003,59.4
7709,85.8
00690,82.75
7631,146.0
1342,100.0
4137,76.1
9907,14.9
6158,17.7
3485,211.5
4303,33.25
006206,36.84
00762,123.0
6186,28.95
3705,56.5
009812,13.07
6275,47.7
2397,63.9
5488,12.35
3623,30.0
5291,61.8
1536,46.6
3708,98.5
00930,23.74
2850,157.5
4909,36.5
00717,14.5
2520,36.8
5287,137.5
5457,24.1
6585,103.5
6171,24.5
4976,36.0
3002,20.05
00859B,40.78
3230,41.75
8083,157.0
1909,10.15
4536,161.0
9938,38.25
5244,36.55
3416,165.5
6841,56.8
00983A,13.22
4306,14.4
5227,30.8
6023,84.4
00861,90.15
2243,53.6
6761,166.5
4167,19.5
1720,55.9
6546,60.3
8341,74.1
3709,65.3
8213,34.15
2206,62.5
00870B,25.95
3548,76.5
2417,38.9
8462,158.0
5607,52.0
2641,17.45
6690,176.5
5530,48.45
3372,16.8
2331,19.05
6756,97.2
6854,94.8
3041,24.4
1565,97.0
1707,85.2
2236,106.5
2010,22.6
8473,38.95
2707,175.0
4952,49.85
1307,31.2
2108,28.6
00943,21.18
5871A,100.0
5484,38.95
2442,14.2
5321,69.1
3594,47.35
3555,168.0
5222,106.0
00653L,40.6
00664R,1.52
6411,78.7
1232,154.0
3703,19.55
6803,265.5
3093,46.1
3032,79.0
2612,62.3
6156,22.05
7402,100.0
6934,74.3
2364,66.4
2497,43.85
00711B,14.58
9911,81.5
2636,70.6
1789,18.65
00763U,34.18
6598,27.1
1618,39.2
2816,39.35
6233,23.55
4736,130.0
2852,27.45
6689,64.6
2723,77.2
4741,42.7
3297,32.5
6914,118.0
2836,12.0
2231,92.5
1218,14.45
7740,102.0
1336,18.15
8171,20.55
00867B,28.4
7547,65.5
7855,41.4
6180,41.25
00986D,13.87
6235,39.15
6469,64.4
009804,24.05
6237,36.25
009814,11.4
00862B,29.07
6277,77.8
2427,23.1
00643,16.95
00956,13.28
6117,62.3
9802,64.6
3438,62.3
4729,19.9
3356,65.9
00932,17.55
1712,39.7
3054,59.1
2029,22.1
6024,60.0
2425,37.65
3176,37.15
00875,58.5
00761B,31.81
6126,31.1
00966B,12.95
9930,59.7
2365,28.1
6732,153.0
5521,10.7
6725,222.0
1808,31.7
2349,10.4
2461,17.35
5432,160.0
00983B,14.38
3622,46.3
4416,13.0
6165,49.9
6534,91.3
7780,16.1
00775B,29.64
1234,32.6
6596,96.4
00967B,8.49
5283,52.2
6170,49.15
4164,26.95
3130,209.0
4441,169.0
5263,89.8
3346,24.05
2405,15.4
6947,68.3
4162,55.3
9925,39.5
00969B,7.35
8415,35.25
00898,11.82
2887E,48.45
2230,22.4
6986,44.0
1591,41.1
8047,51.3
0051,150.25
2547,9.77
2923,24.5
6568,141.0
6965,61.9
4564,16.15
6763,41.55
6576,79.1
5220,23.2
3630,26.9
6967,70.2
2607,53.6
2471,51.3
4590,89.2
2536,19.05
4545,39.5
6417,103.0
2423,70.6
1558,111.5
3484,47.75
00639,14.97
9940,20.0
00895,52.35
009810,21.25
00636,26.11
5306,87.8
00907,17.61
7722,261.0
4924,16.3
7556,260.0
3152,233.5
2429,30.5
1522,26.3
4142,18.0
4562,30.7
6558,25.55
1444,6.91
6535,81.9
2511,8.29
00782B,28.23
00706L,19.14
006201,47.25
6143,80.8
8104,31.75
8071,22.1
5481,21.95
7786,117.5
6142,9.17
1623,199.5
00860B,37.77
1447,6.5
00799B,27.38
00641R,3.64
8442,46.0
3257,50.2
00985D,9.43
6720,125.5
6969,30.0
8404,13.2
3556,59.0
5529,25.75
4532,24.8
2460,30.4
3444,80.3
8097,48.55
8476,20.25
6492,34.15
6461,25.6
00844B,29.13
5209,172.0
3360,15.45
00971,17.81
4157,8.66
00666R,9.52
4128,15.05
4534,30.25
7821,35.45
6026,15.9
1786,42.9
2731,143.5
2528,19.25
5015,22.7
2107,26.9
4533,25.35
4561,42.95
3546,73.1
7805,491.0
8472,65.4
1295,48.8
4560,29.45
6913,129.0
00944,22.2
2608,28.7
6220,25.2
1436,35.3
6134,28.8
00681R,23.13
00982D,9.32
1584,18.55
7703,205.5
1529,15.9
00728,70.2
2838A,52.0
2887G,44.15
2247,225.5
2882A,60.1
00980D,19.45
6270,30.8
2913,11.0
5706,44.45
1268,177.0
6741,55.3
5236,136.0
3171,56.8
00727B,38.85
00842B,28.15
3092,23.9
00737,41.54
1442,26.75
1702,33.1
3557,24.2
4569,155.5
1524,25.85
3628,73.0
3296,28.4
3685,34.15
1110,14.3
4104,72.6
2387,36.55
5258,41.95
3712,20.65
6863,94.6
2102,16.75
00668,59.55
2015,64.0
6698,31.85
2462,19.65
2832,56.6
5538,35.9
5202,14.1
4138,53.8
00656R,6.19
3303,48.7
6838,25.1
4807,30.4
3158,85.9
2849,15.6
4726,23.4
3570,170.5
6609,39.15
2537,11.05
1201,11.55
8942,40.05
1586,17.9
3011,10.0
9136,9.37
6654,215.0
1568,32.7
00723B,28.2
4555,42.35
00893,46.2
5410,32.85
2062,18.0
2038,12.95
00730,29.72
3508,26.0
1527,32.85
2453,53.5
4168,22.45
1455,9.89
8249,39.55
7743,25.3
3047,14.5
5609,78.1
6983,349.0
00902,12.59
5478,97.5
8416,170.5
6573,16.3
8222,35.55
3046,53.9
2881C,51.8
1446,13.3
00785B,32.71
3669,33.4
6612,77.5
6129,14.8
6494,52.5
6118,16.2
4195,16.0
1598,20.45
3058,8.14
1339,42.0
6486,81.3
5512,7.67
3611,184.0
00916,26.79
006207,30.59
6728,107.0
8446,84.9
8478,141.0
3071,23.05
1733,30.0
6203,59.9
3716,33.85
1713,42.6
3056,13.7
6591,42.5
1737,30.0
3308,22.75
6140,20.05
00686R,0.93
6136,25.2
1616,18.6
4169,150.0
7818,59.8
1760,54.3
2613,22.05
5511,69.2
6465,42.0
2106,16.55
4737,55.6
009822,9.29
00983D,9.59
9908,29.0
6216,19.65
3666,25.0
8938,52.2
6908,26.7
1217,9.94
8049,24.8
6768,63.2
2611,14.3
6111,37.6
6657,32.1
1725,34.0
1104,26.65
5403,92.7
1419,65.3
2414,52.8
00789B,44.27
4588,55.0
7736,68.7
6684,49.75
5493,91.2
2545,34.15
00710B,18.52
4571,153.5
6735,67.1
2415,27.5
2228,76.2
7794,30.4
1611,11.4
5225,55.7
3466,23.95
6961,47.9
3322,11.45
5205,22.8
1103,13.15
6895,146.5
6629,102.5
5489,42.65
6996,170.0
4513,16.15
7803,17.85
6498,67.8
6441,24.8
8432,50.7
4934,14.65
3432,14.85
0057,335.8
00756B,28.73
1456,14.9
00640L,108.95
6470,42.6
00908,14.36
00980B,8.78
00657,80.8
8059,18.2
1235,32.1
1416,11.6
00834B,31.91
5245,20.75
9934,9.84
2516,15.15
6161,49.85
0061,23.02
00921,23.49
7738,156.0
2022,7.35
5203,58.1
8349,40.35
2908,22.0
4120,46.0
9943,50.5
3390,22.55
00726B,31.03
3259,12.85
8411,11.65
4552,15.6
6192,109.5
3686,15.6
9935,18.45
2524,34.45
2530,20.0
1108,11.15
1742,17.5
00986A,15.02
1615,42.4
5490,25.65
4417,49.5
1604,23.35
6201,44.15
9951,46.6
2373,52.4
1256,167.5
00847B,23.26
1780,25.3
5201,29.45
3530,58.7
3631,40.7
2505,16.95
2114,90.0
8038,33.7
3050,11.7
6577,80.5
1762,33.45
2881A,61.5
1410,24.2
4155,14.9
6230,111.5
2477,22.85
2390,10.15
2538,8.83
8048,50.8
00700,16.52
00986B,9.22
4935,34.1
2440,14.4
8044,24.1
3038,20.75
1325,25.7
00701,41.14
00764B,25.48
6625,73.6
2017,9.05
6183,91.5
5278,23.45
8279,80.6
5210,30.1
4999,17.6
5525,21.75
1417,8.12
2616,13.15
5302,9.82
3332,64.0
00634R,3.29
2070,63.6
8937,24.9
6151,34.85
4572,138.5
5251,29.9
00671R,2.34
6776,52.4
4438,56.7
6790,37.55
5519,25.0
6906,84.3
2901,24.7
1109,13.3
8489,22.15
4119,55.3
6115,44.05
4188,14.35
3284,19.9
3040,34.05
2906,13.4
00781B,25.64
1603,30.5
2433,40.0
7823,80.0
2887F,45.5
6431,17.1
1451,17.0
3226,62.9
4148,31.35
6655,125.0
6523,89.1
8354,16.85
3540,23.0
9905,21.4
2321,25.85
1219,11.4
8367,41.0
00938,26.63
3687,61.1
1726,76.3
8011,16.05
1203,43.25
9918,43.2
3321,18.3
2755,99.8
9906,39.6
3224,31.2
00652,31.12
9103,4.92
6574,118.0
00674R,29.47
8093,25.6
6130,23.55
4166,24.4
6021,41.75
6792,58.3
5531,6.87
5213,20.6
2432,27.45
4133,20.45
9942,114.5
00899,21.9
3501,37.65
2028,16.6
6229,24.2
3086,27.8
6418,34.55
1414,17.25
00647L,137.8
1321,32.35
2248,60.8
4543,30.3
1535,45.3
1734,31.95
00660,45.14
2754,67.6
3679,108.0
3499,13.15
2488,48.85
4942,31.6
6464,76.2
1449,12.4
2109,14.4
00661,88.55
9955,23.05
009825,9.6
4106,24.0
00841B,26.27
3083,23.8
1777,74.6
1903,47.3
00848B,32.19
3527,51.5
2945,39.55
1788,128.0
00651R,5.46
4503,24.1
00926,26.52
2065,35.75
00648R,3.94
5450,14.7
6733,24.95
4806,13.4
2704,44.85
1264,245.0
00669R,5.44
3541,24.4
1338,15.2
8085,14.65
5902,34.35
6103,36.95
2762,79.1
3419,11.85
9946,16.9
5315,18.8
7753,35.8
8927,19.2
6928,46.0
1533,30.45
2459,64.8
6923,75.0
2250,56.0
6872,23.1
1460,6.21
1614,31.05
6123,42.95
6570,47.25
00780B,35.41
00754B,30.19
3567,26.4
6674,18.3
7723,18.25
00788B,27.98
2596,34.9
3447,27.85
6240,25.95
5206,22.9
3268,21.6
4205,68.3
5604,31.5
5468,25.5
4163,135.5
2722,21.25
00741B,36.64
4557,50.2
6184,40.15
00903,22.28
6703,100.0
2007,7.0
3052,10.45
4728,394.5
6516,56.2
1101B,43.4
5533,13.9
6614,35.25
2534,16.8
3191,16.8
00709,38.46
7770,42.55
7791,54.7
1464,9.99
3306,47.35
6597,63.0
2438,19.8
4108,11.4
5014,10.15
9919,13.9
2706,12.1
6754,41.4
9962,10.35
009809,18.62
4161,21.75
6167,10.25
2756,61.4
00750B,30.61
3520,17.25
2506,8.38
8072,27.7
4523,23.9
7811,71.6
3325,11.9
3625,11.1
6272,25.35
5011,18.65
1437,31.85
4420,35.0
9924,38.2
8935,19.0
1474,10.05
1732,26.0
2450,28.15
3266,13.9
3272,13.85
3607,13.85
6968,41.5
1506,9.46
020020,30.04
3205,47.0
1540,19.3
8916,40.9
4711,16.35
4580,81.6
00884B,27.15
1473,19.15
2482,16.25
00982B,9.02
6796,53.8
1471,9.47
3128,20.1
4121,12.85
3609,22.9
4116,40.0
8034,19.95
1817,39.75
3057,15.9
1432,15.0
1225,24.2
3523,14.25
1731,20.85
5324,12.45
2643,61.8
4207,19.3
8429,5.9
8277,15.1
6791,100.5
00777B,29.85
8092,12.4
1418,18.5
1466,14.75
8102,59.0
9926,48.8
2736,11.25
6722,32.4
1580,97.1
2013,41.5
1570,32.2
2739,36.2
1805,9.98
1799,28.8
3043,20.45
1526,15.0
1752,31.45
00779B,25.7
8068,17.6
910861,4.81
1337,4.42
2938,18.45
8463,21.2
6804,18.35
1315,68.6
9944,17.15
00920,24.9
4933,54.6
6924,136.5
2380,17.05
6931,38.5
6194,29.9
6128,19.1
5312,89.1
6508,26.7
5905,7.39
1454,12.05
1587,24.05
1517,10.35
4744,28.55
7814,28.5
8499,254.0
2514,11.45
4558,16.7
1468,13.15
4994,83.1
3379,27.6
4432,15.3
2239,18.75
5212,48.7
8440,20.25
2881B,60.5
6958,17.2
00957B,12.39
009818,21.35
3593,11.15
5272,17.9
1443,23.25
3516,25.7
7767,46.2
5487,28.8
1457,14.3
2705,15.15
2509,14.15
6560,32.2
2227,45.0
1783,37.25
4107,110.0
6581,108.0
8089,19.5
4974,71.3
6874,70.4
2431,10.05
8433,52.7
3465,30.0
3188,23.3
6248,17.25
7642,69.0
9931,34.15
006203,204.6
5355,6.96
6164,12.55
1776,18.05
4430,18.05
1806,7.91
3511,19.75
4554,28.05
6195,28.05
3522,12.25
6752,97.5
4160,38.9
2748,38.8
7842,97.0
2348A,38.4
8087,23.9
3713,13.65
1525,63.5
2732,63.5
3373,15.85
6843,38.0
6835,31.3
3434,31.2
1531,11.55
1599,23.0
6823,61.3
6569,91.3
2891C,60.4
00853B,25.43
7835,19.75
6982,44.15
4304,17.6
8467,88.0
1438,21.7
3652,34.7
3168,43.3
1463,17.3
3349,19.2
5353,28.55
3494,7.12
7715,28.1
3710,8.02
2314,11.2
5211,21.0
4702,9.26
2496,55.4
4102,18.4
4129,82.5
4414,8.12
2640,156.0
1521,25.95
6281,51.0
6762,153.0
4584,38.0
2911,6.01
6101,37.4
00972,21.3
00849B,37.26
912000,2.46
3232,20.7
8409,18.05
3073,20.6
2642,20.25
8487,70.4
3276,14.05
1452,10.8
6730,34.85
3597,27.7
6160,13.85
2929,5.77
3310,69.1
4747,22.95
1259,68.5
6615,34.0
5603,13.5
6124,26.75
6283,19.1
6219,12.15
00638R,7.01
6169,12.1
1530,26.6
00739,26.45
6590,65.3
6988,11.65
4139,42.0
8423,18.0
6552,25.05
6606,25.05
7721,62.0
6697,41.1
4131,30.8
2701,10.2
4426,7.59
6496,24.25
4109,11.0
6556,60.5
6859,121.0
1784,60.4
8099,60.2
1445,10.0
4506,118.0
1626,9.8
2063,23.4
6114,23.3
6624,38.45
2734,14.35
6241,16.4
4171,16.35
6887,38.0
2012,14.2
8291,28.35
6855,113.0
00683L,22.57
5007,56.3
6228,18.6
2702,12.25
9937,54.3
2237,26.8
6474,35.55
8435,53.2
6144,13.15
8421,13.0
3206,34.6
4706,34.05
6242,34.05
00714,20.22
1294,49.65
4550,24.8
7732,32.95
4946,98.5
9941A,48.8
1220,10.8
00731,97.0
5398,13.75
4549,96.2
2115,24.0
2726,8.0
6592B,95.4
8437,10.55
8482,47.45
6971,23.65
2910,23.5
3027,18.7
1512,6.21
1583,46.5
1516,13.25
2740,30.8
5907,4.8
00755B,30.24
2430,17.95
8066,14.95
00890B,29.89
00636K,8.15
7757,88.2
2939,22.0
1439,29.3
1467,7.9
4111,28.8
8930,28.7
7839,43.0
3288,21.35
2745,84.6
3313,10.55
6294,28.05
1233,28.0
8342,83.5
3285,41.6
6109,10.4
8107,11.85
009806,13.76
2712,13.4
5548,20.05
5906,40.0
00836B,26.32
9902,13.15
4126,77.9
5356,25.75
1236,25.6
8024,12.6
9960,37.65
3646,25.0
2948,37.35
9949,24.3
8032,36.2
4406,10.3
3489,23.9
6154,14.2
00702,23.17
6997,69.3
6951,69.2
4538,17.2
00846B,34.01
3164,16.5
4972,16.2
1435,21.55
1593,31.8
6185,12.6
6645,12.6
4153,31.25
2891B,61.7
1796,30.7
4113,15.15
2947,60.5
00787B,30.19
6264,6.03
8176,9.68
3492,19.15
1340,5.17
2067,5.0
4943,6.75
5344,13.45
4535,26.75
1475,26.3
4440,17.45
5438,17.35
5460,17.3
1730,51.3
6641,16.85
4995,50.0
00886,49.78
8933,4.44
3122,24.4
1538,8.05
4950,16.1
5701,4.02
5223,23.6
1539,15.7
6671,23.0
8401,22.7
5704,22.65
6666,45.1
8940,14.9
8077,43.9
1453,10.85
8941,43.25
8931,43.1
6771,42.9
1906,10.7
1323,21.25
3115,8.44
6856,41.65
6616,8.25
8481,40.65
2916,40.6
5547,20.25
2719,19.9
2024,13.15
6952,38.35
911868,1.16
4754,38.0
6246,12.65
5215,37.75
6236,18.8
2002A,37.45
6506,18.55
6504,36.85
4735,36.2
4433,18.0
9928,18.0
5276,17.85
3018,11.85
1465,11.55
3064,15.75
00736,31.46
6582,31.25
00982T,15.52
2008,30.65
5523,30.2
4528,15.05
1324,9.99
7705,29.7
4402,14.7
00749B,29.34
00863B,29.29
8906,28.7
4767,28.2
4911,28.2
4401,14.0
5546,13.65
2904,12.65
2424,8.3
4530,24.9
4745,12.1
00980T,12.08
1470,24.1
6482,23.1
9929,11.1
9950,10.25
6198,19.95
3512,19.05
2924,18.95
00703,18.52
6916,18.5
1413,9.12
5364,8.35
5348,16.35
4930,15.9
00734B,14.85
8450,14.2
1213,7.05
9912,12.8
2724,12.7
8443,11.05
1781,9.99
1441,9.87
8488,9.77
3632,7.08
4609,4.28
911622,3.5
9110,2.99
911608,2.64
0054,28.25
0058,43.71
0059,42.85
006204,239.3
00625K,8.33
00643K,3.74
00649,19.12
00654R,7.19
00657K,25.49
00658L,37.0
00659R,11.21
00667,20.79
00668K,18.68
00672L,0.75
00677U,1.48
00682U,20.91
00684R,14.84
00687C,8.64
00689R,24.17
00691R,10.46
00704L,18.84
00705R,19.03
00707R,31.9
00716R,13.96
00718B,19.05
00721B,48.06
00729R,20.56
00732,40.74
00742,22.2
00743,24.2
00744B,42.35
00745B,42.04
00747B,51.85
00748B,42.52
00758B,48.18
00759B,50.65
00760B,50.35
00765B,38.72
00766L,11.92
00767,17.4
00769B,60.3
00771,14.95
00774B,40.85
00774C,9.12
00776,20.78
00778B,31.74
00783,27.07
00784B,39.32
00790B,53.2
00791B,56.4
00792B,29.06
00793B,29.55
00794B,39.82
00796B,41.84
00797B,41.36
00798B,42.65
008201,101.2
00831B,41.42
00832B,42.92
00833B,43.87
00835B,45.16
00837B,37.64
00838B,40.38
00839B,41.85
00840B,27.61
00843B,40.37
00845B,31.47
00851,73.85
00854B,41.86
00855B,38.6
00856B,37.19
00866,21.84
00868B,36.17
00869B,36.69
00872B,37.13
00873B,37.28
00874B,38.04
00883B,30.98
00901,48.59
00906,11.95
00925,16.1
009807,18.05
009808,32.2
020000,33.35
020001,28.63
020002,11.12
020003,15.89
020004,33.28
020005,19.35
020006,32.05
020007,41.23
020008,13.31
020009,26.67
020010,13.56
020011,16.4
020012,23.13
020013,14.84
020014,6.3
020015,18.69
020016,28.32
020018,24.94
020019,21.59
02001B,8.75
020021,4.42
020022,7.62
020023,7.2
020024,5.94
020025,41.02
020026,6.37
020027,10.65
02002L,7.38
02003L,4.34
1240,54.1
1258,26.85
1262,34.9
1312A,23.05
1333,1.44
1341,59.0
1423,35.5
1507,64.8
1522A,51.3
1541,20.75
1566,19.65
1589,5.54
1592,2.57
1701,21.15
1724,15.6
1787,26.15
1813,11.3
1902,20.65
2035,26.9
2064,12.0
2066,51.7
2073,25.8
2235,28.0
2323,11.0
2358,4.56
2443,3.57
2448,41.4
2456,94.6
2499,4.12
2601,5.91
2718,40.0
2729,157.0
2743,52.3
2751,52.9
2752,176.5
2809,56.6
2823,30.55
2836A,23.9
2841,2.68
2867,9.7
2882B,58.8
2888,11.8
2888A,36.5
2888B,36.8
2897B,11.85
2926,30.3
2928,31.85
2936,40.35
2937,44.7
2941,31.0
2949,68.9
3036A,52.0
3067,16.9
3085,12.1
3089,81.0
3095,33.2
3118,31.55
3144,38.2
3150,15.7
3202,3.96
3252,15.35
3383,1.7
3426,47.8
3452,1.47
3454,99.4
3521,12.0
3531,21.15
3536,2.92
3562,14.8
3629,17.8
3642,3.87
3664,8.85
3672,12.1
3682,7.47
3684,54.3
3698,22.25
4130,26.7
4141,26.1
4144,26.9
4152,99.6
4154,12.5
4173,17.25
4175,50.7
4180,70.9
4183,14.45
4190,25.0
4192,18.65
4198,49.25
4305,41.55
4413,20.35
4419,50.2
4429,40.8
4439,97.7
4442,54.0
4502,15.8
4527,40.9
4529,3.33
4568,39.05
4581,47.85
4582,22.4
4712,2.85
4725,17.9
4803,3.6
4804,3.27
4907,45.05
4944,11.6
4945,76.1
4947,228.5
4987,81.6
5102,24.65
5259,7.86
5264,87.1
5281,15.8
5301,4.99
5304,3.32
5305,42.3
5310,27.2
5345,21.3
5349,25.4
5371,83.5
5383,41.5
5455,30.7
5514,15.1
5516,12.0
5520,83.5
5543,27.0
5601,28.9
5703,13.35
5820,11.7
5878,37.85
5903,186.0
6020,20.55
6028,99.2
6131,5.18
6172,20.1
6210,17.9
6212,32.25
6222,18.95
6238,179.5
6247,15.45
6251,20.3
6276,19.65
6287,8.89
6288,20.95
6289,1.35
6404,4.64
6452,56.6
6457,62.1
6497,5.66
6512,20.25
6514,50.8
6527,75.0
6542,39.9
6578,16.5
6592A,96.6
6593,32.3
6594,31.3
6637,53.9
6649,37.2
6661,16.2
6662,28.5
6680,51.5
6692,23.05
6721,50.2
6747,199.0
6751,44.0
6767,24.6
6785,95.3
6806,3.51
6807,32.3
6844,57.4
6846,58.4
6865,27.65
6881,215.0
6884,31.4
6899,49.5
6904,123.0
6910,26.8
6918,73.9
6921,66.4
6929,21.8
6936,32.0
6950,30.65
6955,95.2
6958A,21.95
7584,28.6
7704,61.2
7708,92.2
7713,74.3
7716,23.95
7718,46.0
7747,111.5
7760,32.5
7782,25.15
7819,33.7
7820,110.0
8067,11.5
8080,28.0
8101,11.05
8112A,45.8
8183,28.2
8272,63.9
8284,67.6
8287,0.73
8349A,45.4
8403,18.9
8406,278.5
8410,27.8
8418,8.95
8420,40.6
8424,70.7
8426,20.65
8427,74.9
8444,4.35
8455,22.1
8466,15.15
8477,14.2
8480,84.6
8497,65.5
8905,34.5
8908,40.2
8913,13.3
8917,53.7
8921,16.8
8923,18.0
8924,49.9
8928,23.0
8929,13.1
8934,36.1
910322,23.45
910482,0.25
911616,0.48
911619,0.11
912398,5.15
9157,0.86
9188,3.47
```

