# 收盤價 MD
# T:2026-09-23 09:27

## [CLOSE]
```csv
代號,收盤價
2330,2500.0
3037,1175.0
3443,8465.0
3189,912.0
2454,5175.0
2327,590.0
2409,35.5
4958,480.5
2408,521.0
8046,1210.0
8299,2255.0
8150,109.0
6182,124.0
2303,159.5
2308,1905.0
3481,50.8
2449,312.5
3105,502.0
3017,3565.0
2344,175.5
2383,5075.0
1303,229.5
3653,6205.0
3374,464.5
8996,1585.0
5483,188.0
2368,1065.0
2481,174.0
6147,217.0
00981A,30.73
6274,1460.0
3711,698.0
3008,6320.0
3529,3115.0
3264,255.0
3707,72.9
6770,72.5
3324,1600.0
3605,181.5
00631L,39.31
3661,3800.0
2317,256.0
3665,2275.0
3167,862.0
3081,2725.0
2492,316.5
6278,212.0
6213,536.0
3533,1675.0
3055,227.0
3026,782.0
6526,836.0
2337,120.5
2345,1915.0
00403A,10.85
4919,134.0
3532,447.0
1815,123.5
2379,788.0
0050,112.9
2464,196.5
6257,242.5
3450,536.0
5274,20435.0
2221,160.0
6510,3585.0
4979,600.0
6223,5480.0
3491,1545.0
6515,5955.0
6805,2595.0
6173,310.5
3016,145.5
6426,391.5
3006,279.0
2360,2450.0
6239,288.0
7856,4600.0
5289,1345.0
3563,769.0
3231,181.0
4956,46.05
5425,94.7
1709,49.7
6531,959.0
6669,2130.0
1560,959.0
2382,341.5
2301,284.5
6446,1180.0
2059,12590.0
3406,929.0
00685L,13.01
3363,647.0
5347,172.0
8039,257.5
2498,42.95
7792,404.5
6116,15.25
2313,224.5
00406A,9.94
1101,25.1
3624,126.0
3034,555.0
2609,59.7
3035,204.0
3675,314.0
6861,268.0
00991A,18.15
2342,46.35
7769,6135.0
3715,126.0
2883,39.05
6168,42.3
2615,114.0
7799,558.0
2404,1170.0
2395,705.0
8028,259.5
2542,40.0
4542,320.0
3693,712.0
3317,65.7
3219,103.5
6933,350.0
0052,65.6
2881,153.5
4991,473.0
2887,42.55
2455,535.0
6187,1215.0
3260,384.5
6683,1595.0
2441,126.5
00919,32.08
2363,59.6
4763,46.25
6209,79.0
3044,531.0
6538,440.0
1326,65.8
00918,34.05
0056,56.85
00407A,10.17
6442,1505.0
00632R,9.45
2356,61.6
4770,266.5
3045,122.0
2324,36.85
7772,189.0
7795,505.0
3714,68.1
2882,111.5
2426,13.02
3645,73.5
5536,892.0
2377,153.0
00830,88.5
1301,63.7
00992A,18.8
00409A,10.18
1802,58.6
2254,86.9
2884,45.7
009828,9.79
5351,108.0
2388,73.8
8261,177.0
2357,946.0
8064,136.0
2351,233.5
2302,44.55
2603,240.0
2885,70.0
1727,105.5
7717,608.0
3211,385.0
2376,366.5
6139,724.0
1595,79.8
2891,69.3
6672,300.5
6706,148.0
3042,184.0
3691,121.5
6505,86.7
3094,52.8
6415,432.0
00935,61.7
2472,220.0
3163,658.0
7610,1900.0
3265,181.5
2801,28.0
2340,36.15
8210,908.0
6166,133.0
3090,167.0
4903,42.5
2489,41.95
8111,76.4
6451,424.5
2030,26.65
2369,31.95
1785,97.4
00878,35.18
3498,208.0
00673R,10.81
6533,260.5
2451,286.0
00663L,113.85
4908,222.5
8069,147.5
2886,50.2
3036,206.5
00961,13.21
4971,562.0
8040,89.2
1590,1260.0
6643,494.0
6285,233.5
1569,65.0
00947,41.13
6830,549.0
2890,44.9
6789,465.0
2493,191.5
6588,117.5
3702,114.5
8103,123.5
2474,208.0
5475,181.5
00927,40.19
2305,63.0
6290,276.5
6214,188.0
2618,42.55
00881,52.7
00400A,15.61
2354,66.1
8021,474.5
2434,70.1
5871,108.0
6282,43.6
6271,226.5
2412,145.0
1314,9.06
6620,127.0
00891,37.83
6834,112.0
3680,536.0
00402A,10.06
2406,30.3
4939,75.2
00988A,16.97
4931,240.0
009820,10.48
2033,39.35
2912,213.5
8358,495.5
3673,66.7
2002,18.6
8255,144.5
5269,1480.0
2486,235.5
2466,118.5
00715L,61.6
6727,481.0
2332,20.1
6715,456.0
00929,29.17
6207,115.0
2329,44.6
2436,70.8
6217,171.5
2892,39.75
5439,254.5
6141,52.3
00670L,215.3
1605,36.95
1809,40.85
6902,174.0
8042,112.5
7828,1920.0
6291,497.5
2353,31.3
3717,26.3
4916,104.5
5880,26.9
4951,96.1
4576,227.0
4938,90.3
5314,26.65
6218,62.1
3312,51.3
2375,120.0
00953B,9.54
2338,47.55
4967,274.0
2241,40.6
6691,639.0
3131,2435.0
009816,16.64
5386,285.0
006208,258.0
6443,27.55
009829,11.2
2049,331.0
2347,92.0
3504,78.9
00998A,16.89
8112,82.4
2413,53.2
1773,165.5
00982A,23.17
6197,316.0
6742,55.4
6919,82.4
2316,161.0
1528,25.85
6668,48.25
8096,84.5
00712,7.97
00675L,345.1
2478,121.5
6547,60.4
3551,184.5
8043,134.0
6414,376.0
00679B,25.58
8227,295.5
00990A,15.94
6693,184.0
3376,179.0
3576,17.95
8027,183.0
6548,74.8
1102,35.7
00662,124.95
2467,528.0
3149,64.7
4906,38.7
4966,577.0
4977,168.0
3033,42.2
1476,278.0
3706,79.1
1710,16.4
2605,37.05
4749,724.0
3019,134.5
3552,43.05
7749,394.0
6957,296.0
6196,537.0
6640,1040.0
6435,250.0
2421,167.0
7711,540.0
7734,2575.0
6525,133.0
1519,713.0
8155,347.0
3014,139.0
00937B,14.25
6205,70.6
6425,74.6
2027,46.4
6949,50.6
2880,46.35
00888,36.34
5443,107.5
3234,173.0
3293,725.0
3357,209.0
3583,709.0
1216,74.7
8131,62.3
2385,104.0
4923,64.1
2610,20.45
1312,14.85
2634,63.2
1717,71.2
6831,513.0
2428,256.0
1504,68.8
2855,57.4
6179,35.8
5285,92.7
2812,19.2
00687B,26.58
6227,133.0
00708L,78.5
6472,422.0
00713,63.55
8086,110.0
8033,170.5
2458,130.5
3362,172.5
3013,85.8
2484,69.8
00411A,10.54
00997A,11.59
00922,44.02
2371,29.45
9945,29.2
8271,201.5
6584,551.0
00909,52.5
00984D,9.85
2889,16.7
3580,103.0
3455,249.5
7788,290.5
1808,32.45
5904,71.1
2444,15.3
6138,277.5
8932,93.8
6829,210.5
4927,43.6
1513,165.5
3490,44.8
2637,101.0
2009,40.1
3031,28.45
2834,18.15
00738U,52.95
6449,212.0
2515,12.05
3380,32.1
00999A,11.36
1711,39.35
5876,49.35
5340,83.2
3294,33.7
6617,140.0
3437,22.35
3229,57.3
6432,62.1
6122,54.4
8054,86.3
2312,31.05
6781,1015.0
3467,87.3
7750,1935.0
8438,73.8
00980A,25.61
8084,37.95
3441,176.5
3029,120.0
6530,100.5
3141,89.5
6907,185.5
5328,52.5
6005,32.65
6226,43.7
7822,874.0
4764,193.5
3135,160.5
2399,47.85
2359,129.5
3339,45.35
4915,64.5
3704,40.8
2233,164.5
4960,23.4
6237,37.4
8016,286.0
00735,110.25
6739,1090.0
3049,12.6
009824,10.61
6937,301.5
2392,42.55
4989,60.7
6133,27.05
2367,42.4
6667,259.5
3005,117.5
4551,160.5
2504,30.7
00923,41.95
6148,38.25
2061,55.0
1409,24.05
6885,30.1
2069,25.0
6945,131.5
009803,21.76
2845,13.45
00930,23.93
1597,136.0
6224,82.2
2606,76.3
8050,60.0
8431,63.4
00994A,17.42
00401A,14.35
00795B,25.7
3305,102.5
6244,24.05
009826,10.1
00646,77.45
9941,79.3
2393,62.7
5864,37.2
6190,68.5
2104,10.85
6191,83.6
00913,53.1
2374,66.8
4147,65.6
00940,13.13
00987A,17.32
3030,269.5
6016,23.9
2491,41.3
4707,29.8
2645,173.0
1503,197.0
00939,24.24
3289,137.0
6176,92.3
6944,728.0
3543,46.0
00895,52.25
4174,30.9
3413,285.0
3138,100.5
4904,106.0
00995A,17.88
5230,21.9
8068,18.6
9904,24.7
4961,179.5
3287,41.7
1714,16.05
00637L,19.97
009802,20.16
6121,376.0
6491,400.5
00991B,14.76
9914,66.7
3718,65.9
8215,28.45
3178,72.0
9105,8.33
1718,10.7
00933B,15.37
2103,27.65
00896,27.6
2208,19.4
3236,43.85
2401,26.1
6269,64.6
00753L,9.18
6120,13.05
00952,18.36
3591,25.15
4722,190.5
2419,29.1
3066,28.5
8926,58.7
00981T,11.9
00968B,8.92
5465,31.65
6869,71.1
2646,20.4
5434,539.0
7810,228.0
6112,48.5
6127,48.55
6664,348.5
6416,115.5
1319,78.9
5471,52.2
2548,93.6
4556,87.2
2468,46.45
3346,23.65
5388,72.8
4540,59.8
3062,22.1
4768,313.0
3022,92.0
9958,91.3
1402,27.95
4973,138.0
00993A,13.9
1708,49.7
6202,58.3
00964,14.77
6199,116.5
2207,522.0
2352,29.25
4743,45.1
00893,46.23
2465,91.4
00892,43.8
8436,106.0
7751,1425.0
6265,48.0
3023,318.5
4924,17.3
5464,90.6
2439,78.3
6719,186.5
00996A,14.64
2501,21.25
3147,233.5
1477,192.0
6862,141.0
00917,22.95
2485,40.0
8422,25.7
00650L,16.63
00865B,48.71
00915,33.24
00900,19.68
6245,85.2
3088,128.0
3708,98.6
2105,30.1
2355,41.85
7765,244.0
6204,101.0
1609,38.05
00404A,9.9
4716,35.82
1229,40.05
00706L,19.21
6243,40.4
6782,236.5
00980D,19.81
3032,80.5
2851,47.25
8070,49.8
2034,21.6
00757,144.45
6206,139.0
6670,269.5
8162,63.2
0055,49.93
6589,52.8
00907,17.86
6532,98.4
00981D,10.16
6234,38.5
7712,160.0
2820,17.15
00642U,30.93
5284,303.0
6118,16.8
3587,239.0
8383,66.3
4541,59.4
5493,91.9
00951,17.4
8454,242.5
3617,242.0
1442,28.0
00720B,31.88
4772,244.0
5522,61.1
00985A,23.57
6146,180.0
00692,96.8
00664R,1.53
6712,161.0
2633,25.7
3596,154.5
00635U,44.8
1608,35.9
7714,162.0
2520,37.0
6811,250.5
3227,184.5
2006,86.0
2480,161.0
3515,214.0
3228,170.0
6177,46.8
6658,178.0
3541,25.2
00934,29.91
8240,51.4
00985B,10.08
6462,99.7
00850,96.7
3297,35.1
00680L,6.31
6477,34.55
00665L,9.18
1810,23.95
2201,29.35
00887,16.27
00989A,17.7
00633L,48.41
6405,41.65
4760,264.0
2915,59.5
2328,47.2
6175,69.9
5243,88.8
6716,117.5
6155,56.8
1736,126.5
00410A,12.35
00725B,33.92
2476,122.0
3545,51.8
00946,15.4
3615,38.9
009805,14.99
7827,163.0
6854,95.6
00751B,29.92
3162,75.0
3221,48.1
6189,48.65
2527,48.25
7812,72.9
00719B,30.87
1514,102.0
3483,77.9
6015,17.95
2211,80.3
3694,51.4
1215,105.0
8464,377.5
9910,69.3
009821,14.39
6788,337.5
4746,48.55
4127,52.0
3479,129.0
2495,38.85
6962,31.85
00912,36.84
3048,50.4
00762,122.75
6603,27.65
6221,30.8
5299,97.9
2838,21.35
4739,79.6
00990B,9.87
3518,32.2
3689,109.0
5515,51.3
1440,13.25
8081,252.5
8390,90.5
3354,28.45
009822,10.03
5498,51.3
6690,178.5
00984A,15.63
6485,68.7
4563,50.8
8114,176.5
9938,38.4
6438,155.0
3535,87.4
8091,216.0
2905,18.45
6901,15.65
9939,124.5
6913,129.5
8011,16.05
2539,35.15
2597,167.0
00965,25.48
6231,224.0
00676R,5.22
4416,13.5
9921,90.1
6261,79.8
6651,152.0
4714,12.2
3508,25.25
6756,99.5
00954,18.56
00910,59.2
2323,10.85
009827,10.4
6023,87.8
2101,29.95
4721,74.9
00770,65.6
1310,8.84
5234,296.0
4304,19.25
6456,188.0
8936,52.1
3059,38.05
3041,23.85
00948B,9.09
1795,177.0
4566,65.2
1722,42.0
00877,39.1
9933,41.1
6409,897.0
3028,62.1
5201,29.05
7402,101.0
5469,72.7
3047,14.65
4949,74.8
3550,24.0
3356,66.5
3169,109.5
8105,15.1
6838,25.3
2731,144.5
7744,537.0
5309,51.7
00911,56.9
2945,38.75
00962,15.08
5258,41.4
5392,40.0
6509,47.3
9917,106.5
00983A,13.42
00882,14.78
00763U,35.83
7728,581.0
3526,270.5
1210,51.9
6108,23.5
00981B,9.04
2617,32.95
5474,166.0
4167,19.7
4526,31.9
00904,43.75
00894,50.25
6840,105.5
6674,18.25
6735,65.0
6596,97.2
009817,8.89
6757,54.3
00905,27.72
1309,13.9
6284,75.8
1563,72.6
009804,24.19
3703,19.75
4162,56.2
00924,33.82
6165,48.7
6923,77.7
2897,11.1
3217,130.0
1721,24.35
2402,54.2
8059,17.4
7805,502.0
7777,35.8
00938,27.1
4532,25.0
6753,133.5
8289,44.9
00897,13.72
5202,14.2
6592,58.0
8083,155.5
8147,136.0
5321,69.2
2457,22.35
4188,14.85
6225,46.2
6605,138.0
4303,34.8
009825,10.03
3594,46.3
009800,13.52
6279,111.5
3078,45.3
00852L,33.49
00733,69.25
00963,12.73
00876,90.5
2612,62.6
6535,78.2
00949,22.21
1905,13.15
1904,25.0
2535,89.6
6903,304.5
3388,81.7
009823,10.51
00640L,110.9
6412,74.6
2727,229.0
4909,35.0
00752,22.96
00958B,8.92
6613,268.5
7738,154.5
6117,62.3
6996,172.0
00408A,10.54
00701,42.13
5508,53.8
1529,16.1
00955,16.37
5902,34.4
00728,71.3
6541,31.3
2641,17.6
6761,165.0
0053,254.75
3176,38.65
6579,153.0
2836,12.2
6292,66.5
7825,75.7
3592,227.0
1591,40.0
3430,107.5
6799,86.6
4105,78.8
1305,12.15
2014,16.55
00928,33.7
3663,61.1
4968,93.0
4953,118.0
7736,68.2
6241,15.75
6140,21.7
4771,215.0
4534,30.45
2072,127.5
3054,59.0
3230,41.5
00920,24.95
6441,25.15
1304,12.3
3010,125.0
3027,19.0
7709,85.5
5288,190.5
3209,45.8
6153,17.15
3701,41.85
7740,117.5
3631,40.4
4976,35.9
8182,39.8
2031,45.3
6679,200.0
1784,61.2
5450,15.0
6026,16.0
6174,43.95
6143,81.8
6689,64.1
6188,62.3
5263,90.8
00931B,12.93
2471,52.2
3338,66.8
00693U,24.1
9925,39.75
6695,51.2
1617,19.25
4123,30.95
3548,78.8
6125,49.5
2236,113.0
6741,56.5
00875,57.8
00772B,32.18
3152,222.5
9949,24.1
5438,17.15
3114,31.9
6152,15.3
6275,45.8
00688L,6.3
3130,209.5
5291,58.0
00885,18.3
3372,16.25
00945B,14.31
5608,17.15
2010,22.0
2425,37.6
2546,106.0
00690,83.75
3485,200.5
6180,40.7
3213,124.5
00864B,45.94
6872,23.5
6024,61.3
4912,98.0
1308,14.2
009819,9.81
1909,10.1
2883B,8.46
5481,22.0
6150,62.2
3003,58.4
6558,24.9
1313,12.2
00740B,37.07
1316,10.55
3004,117.5
1307,30.75
2405,15.1
2362,47.7
00652,31.97
3581,103.0
5457,24.05
5011,18.4
1536,46.45
8488,9.95
2331,19.25
2364,67.0
8121,28.15
7631,138.5
1723,81.1
7689,161.5
2752,176.5
00986A,14.8
6925,56.8
00645,58.65
4510,43.9
4157,8.92
2349,10.4
3024,14.5
9802,63.8
2206,63.7
4766,343.0
4974,70.8
2745,84.8
2243,52.3
4934,14.55
6192,110.5
9960,33.8
2903,22.35
2032,17.25
00982T,15.66
6684,51.3
4164,26.75
3311,37.25
1235,39.95
2427,23.55
2258,30.95
8374,77.1
00898,11.72
7780,16.15
3546,72.9
8489,23.35
2420,54.0
00921,23.57
1515,30.05
2483,32.55
2108,28.75
3577,115.0
1582,70.8
2442,14.4
2540,49.4
4142,17.85
6235,38.9
4560,28.95
3060,26.8
6163,41.7
6922,208.0
2607,53.6
6546,60.2
3050,11.6
2640,159.0
5251,31.1
7786,118.5
6498,67.5
5607,52.4
6743,30.05
1623,201.0
8171,20.95
00741B,36.93
3709,63.6
3402,127.0
2547,9.97
00941,25.07
00960,22.2
6877,125.0
1231,79.7
2543,38.2
3051,23.05
2816,40.45
7821,36.85
4536,165.5
3556,57.0
2348,72.6
4114,29.7
5222,107.5
6875,32.7
2753,181.0
4572,140.0
6768,62.3
6492,34.35
8088,42.4
009815,12.02
6186,29.75
6841,53.0
4169,152.0
3609,24.3
6909,41.85
4503,23.2
6870,301.0
00773B,34.38
6859,120.0
4585,299.5
4441,171.0
6104,90.9
6215,97.8
5302,9.82
6277,77.6
6517,64.3
8213,33.05
00944,22.15
6465,42.6
1201,11.7
8074,51.5
2630,47.15
8341,75.0
8048,48.85
2102,16.75
6657,33.0
3444,80.0
3015,53.3
8462,159.5
3290,46.3
5903,185.0
6873,69.1
6934,73.2
7855,42.05
4590,90.8
8473,38.7
3622,44.95
2887I,9.53
2511,8.41
5210,29.8
2106,16.55
2614,18.25
5519,25.55
1786,43.45
1586,17.9
2023,13.6
5530,48.9
1611,11.4
4306,14.65
00985D,9.74
1760,53.6
8942,40.65
3528,84.4
3588,53.3
00936,21.54
4104,72.2
1434,17.95
2397,62.4
8104,31.15
8931,43.2
2528,20.25
5344,13.95
9934,9.9
00916,27.13
3416,162.5
8478,139.0
2516,14.95
5009,32.2
009811,13.6
8163,30.1
00950B,13.54
1907,29.05
00678,43.45
6499,73.4
2723,79.1
2417,39.35
006201,46.8
1232,155.0
8076,21.55
2038,12.3
2596,35.3
2636,70.6
5531,7.07
00655L,33.73
1584,18.2
8249,39.35
6469,64.4
00696B,27.88
4946,97.9
6577,80.1
7768,293.5
6156,20.85
1707,87.0
4583,434.0
6642,78.9
2453,54.2
6126,30.85
2025,12.5
4577,86.0
3021,25.15
6585,106.5
1612,35.05
1256,168.0
00857B,22.1
3257,49.1
2231,92.6
2365,28.65
1618,39.15
2020,21.55
1444,6.88
3093,45.35
3306,45.35
2248,62.3
5452,27.9
6101,38.4
3002,19.55
3218,133.5
3537,53.4
8234,61.5
5306,88.7
8045,53.0
2460,30.5
5225,55.9
6821,40.85
4533,24.8
4720,19.1
1414,17.35
2536,19.55
1471,9.44
1218,14.4
5426,28.7
4952,49.5
5490,25.6
3597,27.4
1436,36.8
3058,8.25
2611,14.35
006205,40.6
3527,51.6
5529,25.7
3321,18.2
2707,177.0
2913,11.05
4564,16.05
3555,176.5
1524,26.05
2247,231.0
5511,69.1
2429,31.4
2204,52.7
6164,12.45
1521,26.65
3623,28.3
5292,216.5
3038,20.25
4160,40.3
1506,9.68
2850,159.5
3226,57.8
6411,79.0
5609,78.8
5410,32.8
5432,154.0
4128,14.65
1616,18.55
4571,151.0
6167,10.4
2482,16.3
3630,26.2
2882A,60.2
1225,24.95
6732,149.5
2387,37.25
6890,149.0
2524,35.0
00671R,2.33
2537,11.35
4561,42.05
2414,52.8
6142,9.06
3284,19.8
6494,51.8
00902,12.66
5905,7.26
6698,31.1
1712,39.95
1449,12.4
9943,50.5
4747,23.9
5236,137.0
2887F,45.65
8937,27.35
3567,25.95
6728,108.0
2237,26.95
1752,31.5
4736,132.5
8435,53.0
6208,75.6
00989B,9.93
8109,131.0
1903,47.55
6129,14.9
6136,24.8
6130,23.5
1522A,51.0
009813,11.56
3705,56.5
5488,11.8
5209,169.0
1447,6.4
8034,20.95
00988B,19.31
00723B,29.34
6906,83.1
6134,29.25
9907,14.95
2608,29.0
7842,98.5
5013,32.5
009818,21.18
6914,121.0
4506,118.0
1103,13.1
2613,22.1
6994,27.2
6419,153.0
1731,20.8
1713,41.55
4107,111.5
5244,36.0
6123,43.2
2070,61.7
2881A,61.6
5907,4.9
2017,9.0
6790,37.8
3025,51.9
5521,10.6
1598,20.65
2832,58.3
2916,40.65
1568,31.0
6654,201.5
1342,100.5
4119,57.4
5014,9.99
5871A,99.9
00858,36.29
1234,33.2
3071,23.3
1522,26.4
2062,18.0
1227,28.25
9955,23.25
6194,30.4
1219,11.55
1720,56.1
2538,8.66
8038,32.15
2756,63.3
8277,15.8
1789,18.9
00842B,29.02
6763,41.7
00730,28.83
6266,24.95
1104,26.7
00737,41.35
5534,74.3
1535,46.05
4562,30.7
5227,30.7
1732,26.2
3296,28.15
2704,45.4
6272,25.9
1737,30.2
3323,27.85
9136,9.27
6573,16.35
5484,39.85
7760,32.5
00861,88.7
2438,19.6
9927,70.4
2415,27.05
3686,15.25
6171,26.85
6983,348.0
8924,49.6
8097,49.1
3564,49.0
6947,68.2
3379,28.0
5525,22.35
1459,15.95
4994,83.5
8044,23.85
1558,111.0
5007,55.5
6855,111.0
3188,23.55
00643,18.28
7718,46.75
5245,20.4
6259,29.6
9911,81.4
2530,20.3
00970B,9.0
6184,40.5
3052,10.45
00971,17.88
2015,64.1
5228,39.8
3685,35.35
00980T,12.14
8415,35.05
6263,157.5
6461,24.0
8071,21.95
1762,34.0
6417,101.5
3540,23.1
3325,12.0
009814,11.47
1777,74.5
3092,22.8
4737,59.2
7713,74.0
0051,147.7
3530,58.7
5468,24.45
00782B,29.29
6028,97.0
3011,10.0
1110,15.2
8089,19.25
3360,15.05
4745,11.85
9940,20.25
4138,55.0
5312,90.9
6240,24.55
4726,22.45
6020,20.7
00966B,13.45
5487,29.7
9919,14.0
2390,10.2
4171,16.5
00853B,26.36
009809,18.73
9944,17.25
4154,12.25
2534,16.9
8499,252.5
6953,250.0
3276,13.85
4417,49.8
6598,27.5
6124,27.25
6161,49.0
1264,244.0
020025,40.41
9946,17.3
4106,24.2
1733,30.1
8099,60.2
5512,7.7
1455,9.8
4513,16.65
1702,33.1
4755,115.5
3086,28.7
4120,45.5
3489,22.7
3056,14.15
2616,13.25
2227,45.0
5548,20.4
6666,44.7
2887G,44.5
2109,14.8
6725,218.0
2497,43.5
3232,21.7
2701,10.3
2923,26.75
1456,14.25
2230,21.3
009801,11.74
00943,21.02
6968,41.55
1325,25.85
6965,68.5
4108,11.4
6615,33.7
1419,66.3
00959B,9.04
2459,65.6
6863,98.2
4999,17.8
2849,16.2
3288,21.6
4195,12.95
3303,48.45
2706,12.1
00636,27.59
3432,14.8
1734,32.05
8437,9.13
3018,11.9
8404,13.6
1604,23.55
5381,23.55
00710B,18.75
2008,30.5
6569,91.5
8110,45.5
6591,45.1
5220,19.85
3511,19.6
1203,44.0
2461,17.45
5489,43.55
2007,6.95
8930,28.8
2545,34.5
3520,17.25
5543,28.5
4166,24.35
1464,10.0
3716,34.0
3522,12.95
00702,23.8
2013,41.35
1437,33.0
7723,18.3
6697,41.15
1466,14.95
8411,12.5
1735,20.3
1338,14.75
7823,81.0
00639,16.14
6276,20.1
2729,159.5
7547,53.0
2440,14.4
4137,78.4
1533,31.1
1730,51.2
8927,18.95
2022,7.13
8049,24.6
2423,73.5
6895,147.0
5538,35.7
2852,28.2
6151,35.2
6928,46.6
2462,19.9
6590,69.0
4205,68.8
00722B,34.23
6021,45.2
6986,45.2
5315,19.3
4155,14.95
2107,26.85
4163,134.0
4545,33.45
6113,22.25
00781B,26.59
6103,33.05
6967,66.0
6982,44.0
5015,21.7
1339,43.0
6185,12.75
6771,42.25
3043,21.0
6835,31.45
7743,25.15
3438,62.0
4131,31.0
9930,60.8
1417,8.08
00638R,6.62
6792,58.8
00727B,39.08
2910,23.25
9942,114.5
1799,28.6
6160,14.2
2239,18.9
4554,28.2
4744,28.0
6230,111.5
00903,22.25
1337,4.43
2908,21.95
4426,7.83
3679,109.5
8072,27.2
9937,54.2
8201,12.0
00764B,26.52
8222,35.3
8938,52.9
9905,21.15
2066,52.6
6629,104.0
00746B,34.22
6796,51.3
4406,10.25
1416,11.35
1725,33.9
4935,33.9
6703,100.0
3646,24.85
3419,11.0
6154,14.1
6807,32.6
2901,24.4
3434,32.3
1580,96.5
1565,96.3
2836A,23.95
6496,23.8
2028,15.7
9902,13.45
6570,47.0
1614,31.3
6582,31.3
2506,8.44
3205,46.3
5206,23.05
2477,23.0
3484,45.95
5704,22.9
1295,45.75
2705,15.2
00669R,5.32
8421,12.8
9103,4.97
8455,22.35
4109,11.0
00932,17.55
3390,21.9
9908,29.05
8906,29.0
8935,17.3
1451,17.1
4543,28.5
6423,85.3
8342,85.2
1336,17.0
1323,21.2
2450,28.25
00694B,41.47
9950,10.15
4139,40.5
5906,40.45
4413,19.85
00967B,8.78
00657,78.9
2348A,39.2
4905,78.3
3268,19.55
8476,19.55
5356,26.0
6843,38.85
6931,38.85
2748,38.6
6220,25.2
1512,6.24
2938,18.4
9935,18.3
3628,72.6
6552,24.2
6229,23.9
8032,35.7
1587,23.7
6951,70.2
3040,34.75
2754,69.3
3310,68.9
00899,22.96
4161,22.45
6560,33.1
5348,16.45
4148,32.5
1321,32.4
9912,12.95
1452,10.75
009810,21.44
3224,32.1
6593,31.95
2029,21.2
5213,20.75
2732,62.2
7704,62.1
3128,20.6
6823,60.9
7818,60.5
1603,30.2
00668,60.2
3171,59.4
8291,29.45
6508,29.0
1413,9.5
5353,28.35
00986D,14.17
7814,28.3
3447,28.2
8080,28.15
6844,56.2
00674R,28.08
4702,9.35
7715,27.85
4402,13.7
7803,18.15
5603,13.5
1530,26.8
009807,17.71
2373,53.1
8429,5.88
00686R,0.94
2035,26.05
2881C,51.8
1516,12.9
00760B,51.55
8024,12.7
7782,25.3
1454,12.5
4178,16.65
9926,49.35
4198,49.1
00901,48.69
4581,48.4
9951,48.1
2115,24.0
00768B,47.66
3122,23.7
2314,11.8
00771,15.07
1532,22.6
6115,44.35
1460,6.28
5345,21.7
1615,43.35
9918,43.3
1457,14.4
4168,21.6
7839,43.0
8477,14.3
4555,42.55
3285,42.15
3266,14.0
6754,42.0
3531,20.8
3607,13.85
8426,20.6
8481,41.0
1446,13.65
8916,40.95
8908,40.5
4568,40.25
2433,40.2
8440,20.05
1109,13.35
7770,39.9
009812,13.09
00983D,9.77
6624,38.9
3349,19.4
6887,38.8
9906,38.75
3710,7.62
3501,38.05
6283,18.75
2002A,37.4
2739,37.4
4754,37.35
6504,37.15
00849B,37.08
1783,36.4
6804,18.15
00641R,3.62
4735,36.2
2064,12.0
3206,35.5
6958,17.7
2065,35.05
1742,17.4
00846B,34.57
6212,34.5
6418,34.5
5272,17.2
00695B,34.07
1108,11.15
3095,33.25
00761B,32.73
1906,10.9
6722,32.7
4972,16.3
00724B,32.53
009808,32.38
3164,16.0
8466,16.0
00726B,31.85
3373,15.85
5604,31.0
2740,30.85
7794,30.8
2431,10.2
1796,30.3
7705,30.0
00987D,9.88
4807,29.5
4111,28.8
9110,2.6
00799B,28.41
3713,14.2
00926,26.74
911868,1.16
8933,4.37
2724,12.9
6910,25.7
6733,25.35
2904,12.55
4414,8.35
1780,25.05
2911,6.2
1467,8.2
6219,12.2
2321,23.8
1531,11.75
6692,23.3
2887Z1,23.15
910322,23.15
3557,23.1
6671,23.05
1435,23.0
3625,11.4
1220,10.8
3308,21.6
2722,21.5
6233,21.15
1517,10.45
3712,20.9
2642,20.8
4133,20.5
5547,20.2
1217,10.0
2939,19.95
9962,9.97
1540,19.45
6128,19.2
00982D,9.53
2924,19.05
4433,18.4
8423,18.1
1463,17.65
6158,17.25
2505,17.2
5460,17.0
5364,8.45
4711,16.55
6616,8.18
2424,8.06
1806,8.0
4930,15.85
1340,5.24
4113,15.7
00987B,15.62
1432,15.0
00908,14.69
8450,14.65
2509,14.55
2012,14.2
5533,14.2
009806,13.85
2906,13.6
3499,13.4
2024,12.85
5324,12.4
6144,12.2
8107,12.1
2514,11.8
8067,11.5
1813,11.3
2067,5.57
3322,11.05
1453,10.9
3313,10.45
1474,10.05
1324,9.98
1626,9.81
3593,8.8
5701,4.15
2726,8.2
4943,7.02
00634R,3.12
5301,5.0
4609,4.46
00405A,9.23
0054,28.25
0057,334.0
0058,43.71
0059,42.85
0061,24.27
006203,203.95
006204,239.6
006206,37.85
006207,32.37
00625K,8.33
00636K,8.72
00643K,3.88
00647L,140.65
00648R,3.88
00649,19.12
00651R,5.2
00653L,43.32
00654R,6.94
00656R,5.81
00657K,24.3
00658L,37.0
00659R,11.21
00660,46.08
00661,85.5
00666R,9.11
00667,20.79
00668K,19.06
00672L,0.75
00677U,1.48
00681R,21.83
00682U,20.64
00683L,21.82
00684R,15.03
00687C,9.05
00689R,22.86
00691R,10.46
00697B,34.35
00700,17.18
00703,19.21
00704L,18.84
00705R,19.03
00707R,31.86
00709,39.8
00711B,15.23
00714,21.03
00716R,13.96
00717,14.64
00718B,19.05
00721B,48.06
00729R,20.56
00731,99.25
00732,40.74
00734B,15.31
00736,32.0
00739,27.93
00742,22.2
00743,24.2
00744B,42.35
00745B,42.04
00747B,51.85
00748B,42.52
00749B,30.58
00750B,31.66
00754B,31.4
00755B,31.47
00756B,30.02
00758B,50.05
00759B,52.6
00765B,38.72
00766L,11.92
00767,17.4
00769B,60.3
00774B,40.85
00774C,9.12
00775B,30.75
00776,20.78
00777B,31.07
00778B,33.02
00779B,26.81
00780B,35.92
00783,28.29
00784B,39.32
00785B,33.62
00786B,31.45
00787B,31.18
00788B,28.96
00789B,46.08
00790B,53.2
00791B,56.25
00792B,30.21
00793B,29.55
00794B,39.82
00796B,41.84
00797B,41.36
00798B,42.65
008201,101.2
00831B,41.42
00832B,42.92
00833B,43.87
00834B,32.99
00835B,45.16
00836B,27.81
00837B,37.64
00838B,40.38
00839B,41.85
00840B,28.6
00841B,27.39
00843B,40.37
00844B,30.34
00845B,32.11
00847B,24.27
00848B,33.15
00851,73.1
00854B,41.86
00855B,38.6
00856B,37.21
00859B,40.46
00860B,37.66
00862B,30.25
00863B,30.4
00866,21.84
00867B,29.38
00868B,36.17
00869B,36.69
00870B,27.18
00872B,37.13
00873B,37.28
00874B,38.04
00883B,30.98
00884B,28.48
00886,49.24
00890B,31.04
00906,11.95
00925,16.1
00942B,13.69
00956,13.7
00957B,12.92
00969B,8.0
00972,21.9
00980B,9.12
00982B,9.38
00983B,14.98
00984B,15.76
00986B,9.48
020000,32.88
020001,28.63
020002,11.12
020003,15.89
020004,33.28
020005,19.35
020006,32.05
020007,41.23
020008,13.31
020009,26.67
020010,13.56
020011,16.4
020012,24.05
020013,14.84
020014,6.3
020015,18.69
020016,28.32
020018,24.94
020019,21.59
02001B,8.75
020020,30.79
020021,4.42
020022,7.62
020023,7.2
020024,5.94
020026,6.37
020027,10.65
02002L,7.38
02003L,4.34
1101B,43.3
1213,7.44
1233,28.1
1236,25.35
1240,54.8
1258,26.85
1259,67.9
1262,34.9
1268,174.5
1294,50.8
1312A,22.75
1315,68.2
1333,1.44
1341,60.0
1410,24.25
1418,17.35
1423,35.35
1438,21.7
1439,28.3
1441,8.72
1443,23.35
1445,10.05
1465,11.6
1468,13.0
1470,24.45
1472,87.1
1473,19.5
1475,26.1
1507,64.8
1525,64.6
1526,14.65
1527,32.7
1537,115.0
1538,8.3
1539,15.65
1541,21.0
1566,19.65
1570,32.3
1583,46.4
1589,5.54
1592,2.57
1593,31.9
1599,23.1
1701,21.15
1724,15.6
1726,76.9
1776,18.15
1781,10.1
1787,26.15
1788,127.5
1805,10.25
1817,40.3
1902,20.65
2063,23.9
2073,25.85
2114,89.7
2228,74.4
2235,28.4
2250,56.4
2358,4.56
2380,16.5
2430,18.15
2432,27.3
2443,3.57
2448,41.4
2456,94.6
2488,49.1
2496,54.8
2499,4.12
2601,5.91
2643,62.9
2702,12.9
2712,13.5
2718,41.1
2719,19.65
2734,14.5
2736,11.3
2743,54.3
2751,54.5
2755,99.5
2762,80.1
2809,56.6
2823,30.55
2838A,51.9
2841,2.68
2867,9.7
2881B,60.9
2882B,58.8
2887E,48.45
2887H,42.5
2888,11.8
2888A,36.5
2888B,36.8
2891B,62.0
2891C,61.1
2897B,11.9
2926,30.0
2928,31.85
2929,5.79
2936,40.35
2937,44.7
2941,31.6
2947,60.5
2948,36.65
2949,65.0
3036A,52.0
3046,54.1
3057,16.5
3064,17.2
3067,16.55
3073,20.3
3083,23.0
3085,11.6
3089,81.0
3115,8.26
3118,31.4
3144,38.2
3150,15.5
3158,85.6
3168,42.35
3191,16.85
3202,3.96
3207,38.0
3252,15.25
3259,10.25
3272,14.05
3332,60.2
3383,1.7
3426,47.8
3452,1.47
3454,99.4
3465,29.1
3466,24.2
3492,19.2
3494,7.12
3512,19.3
3516,25.25
3521,12.0
3523,15.0
3536,2.92
3558,124.0
3562,14.8
3570,168.0
3611,182.5
3629,18.2
3632,7.19
3642,3.87
3652,34.35
3664,8.25
3666,25.15
3669,32.55
3672,12.0
3682,7.47
3684,54.0
3687,61.0
3698,22.25
4102,18.75
4116,39.4
4121,12.65
4126,77.7
4129,82.0
4130,26.7
4141,26.1
4144,26.9
4152,99.6
4153,32.15
4173,17.4
4175,51.0
4180,70.9
4183,13.65
4190,25.2
4192,18.1
4207,19.35
4305,42.15
4401,13.85
4419,45.8
4420,36.15
4429,40.8
4430,17.45
4432,15.55
4438,56.2
4439,97.5
4440,17.6
4442,53.6
4502,15.75
4523,23.65
4527,40.8
4528,14.85
4529,3.36
4530,24.85
4535,27.0
4538,17.5
4549,97.0
4550,23.95
4552,15.9
4557,49.7
4558,17.2
4569,155.0
4580,81.4
4582,22.65
4584,37.5
4588,55.4
4706,33.8
4712,2.85
4725,17.9
4728,393.5
4729,18.8
4741,37.8
4767,27.7
4803,3.6
4804,3.27
4806,10.4
4907,45.45
4911,29.0
4933,53.1
4942,31.3
4944,11.6
4945,76.1
4947,228.5
4950,15.5
4987,81.6
4995,50.5
5016,24.55
5102,24.65
5203,58.6
5205,17.25
5211,20.2
5212,48.0
5215,38.0
5223,22.7
5259,7.86
5264,87.1
5276,18.5
5278,24.2
5281,15.8
5283,54.2
5287,137.5
5304,3.32
5305,42.3
5310,27.15
5349,25.4
5355,6.95
5371,83.5
5383,41.5
5398,14.0
5403,93.2
5455,30.4
5478,97.1
5514,14.9
5516,12.05
5520,82.1
5523,30.35
5546,14.3
5601,30.0
5703,13.9
5706,44.4
5820,11.7
5878,38.15
6109,10.5
6111,36.5
6114,23.5
6131,5.18
6169,12.05
6170,48.1
6172,20.1
6183,91.1
6195,27.9
6198,19.55
6201,44.55
6203,59.5
6210,17.45
6216,19.7
6222,19.05
6228,16.4
6236,16.75
6238,179.5
6242,33.95
6246,12.8
6247,15.45
6248,16.8
6251,20.3
6264,6.01
6270,29.15
6281,51.1
6287,8.89
6288,20.95
6289,1.35
6294,28.45
6404,4.64
6431,17.4
6452,56.6
6457,62.1
6464,77.9
6470,43.0
6474,35.3
6482,24.05
6486,81.6
6488,971.0
6497,5.66
6506,18.15
6512,20.2
6514,50.8
6516,57.5
6523,89.7
6527,75.0
6534,90.2
6542,41.1
6550,9.92
6556,61.5
6561,312.5
6568,141.0
6574,120.0
6576,80.9
6578,17.1
6581,109.0
6592A,96.7
6592B,95.3
6594,31.3
6597,69.0
6606,25.15
6609,39.8
6612,71.5
6614,35.8
6625,74.3
6637,54.4
6641,16.95
6645,12.6
6649,35.65
6655,124.5
6661,15.95
6662,28.5
6680,55.0
6708,38.9
6720,128.5
6721,50.2
6730,32.4
6747,199.0
6751,43.8
6752,97.0
6762,162.0
6767,25.4
6776,52.4
6785,96.2
6791,100.0
6794,74.2
6803,267.0
6806,3.51
6846,58.2
6856,41.8
6865,27.5
6874,68.8
6881,215.5
6884,31.9
6894,370.0
6899,50.2
6904,120.0
6908,29.6
6916,18.15
6918,74.8
6921,68.0
6924,135.0
6929,22.0
6936,31.95
6950,29.9
6952,38.45
6955,95.0
6958A,21.25
6961,47.5
6969,32.25
6971,23.7
6988,11.9
6997,67.0
7556,258.5
7584,27.95
7642,68.3
7703,200.0
7708,91.9
7716,23.95
7721,62.1
7722,260.5
7730,172.0
7732,34.3
7747,114.0
7753,35.85
7757,88.6
7767,46.65
7791,55.7
7811,73.0
7819,34.35
7820,104.5
7835,20.05
8047,45.8
8066,15.2
8077,42.3
8085,14.5
8087,24.8
8092,12.8
8093,24.1
8101,11.35
8102,61.0
8112A,45.75
8176,9.77
8183,28.2
8272,65.3
8279,78.1
8284,69.0
8287,0.73
8349,37.95
8349A,45.5
8354,17.35
8367,40.5
8401,22.55
8403,18.95
8406,278.5
8409,18.0
8410,28.7
8416,168.5
8418,8.95
8420,40.6
8424,68.9
8427,74.9
8432,50.6
8433,53.0
8442,46.2
8443,11.25
8444,4.51
8446,84.2
8463,21.15
8467,89.0
8472,78.3
8480,84.6
8482,48.0
8487,71.5
8497,65.5
8905,34.75
8913,13.3
8917,54.5
8921,17.35
8923,18.65
8928,23.4
8929,12.85
8934,36.1
8940,15.5
8941,44.0
910482,0.25
910861,4.42
911608,2.73
911616,0.48
911619,0.11
911622,3.55
912000,2.51
912398,5.15
9157,0.86
9188,3.47
9924,37.8
9928,17.65
9929,11.0
9931,33.95
9941A,48.8
```

