# 收盤價 MD
# T:2026-10-01 06:10

## [CLOSE]
```csv
代號,收盤價
2330,2480.0
2454,4920.0
1303,255.5
3481,54.7
3105,542.0
2368,1120.0
6182,133.0
3189,970.0
2408,519.0
2308,1890.0
6488,1035.0
8046,1340.0
2409,38.55
2303,154.5
4958,507.0
3665,2595.0
2344,179.5
6213,623.0
2327,548.0
3037,1175.0
3017,3435.0
2345,1775.0
6770,75.3
3711,703.0
8039,300.5
6274,1520.0
8150,114.5
3008,5945.0
3529,3305.0
3653,6800.0
8996,1605.0
5483,207.5
3016,169.0
2383,4935.0
2449,294.5
2426,104.0
2317,251.5
3532,471.0
0050,112.05
6187,1310.0
3324,1530.0
8299,2150.0
6456,92.0
6805,2455.0
3042,210.0
6257,254.0
00631L,38.99
2492,299.5
3443,8040.0
3026,791.0
2481,172.0
2360,2135.0
6223,5125.0
7769,5505.0
6147,209.5
2404,1290.0
5347,181.0
2059,12055.0
6239,289.5
8358,495.0
3533,1770.0
2382,333.5
5274,18750.0
3661,3740.0
3264,243.5
3231,184.5
6505,97.3
8210,836.0
3081,2695.0
1301,68.1
3167,887.0
6669,2090.0
2301,279.5
00406A,9.91
8064,145.5
6533,333.5
2337,122.5
1727,109.0
8028,282.5
3055,209.5
3211,398.5
3406,890.0
6207,151.0
6173,288.5
00981A,30.54
3605,170.5
6672,369.0
6510,3065.0
2313,226.5
1101,26.3
3673,75.5
3450,523.0
6116,16.35
6515,5930.0
4991,488.0
3034,546.0
6139,756.0
3094,61.6
2882,111.0
3006,286.0
3624,137.5
3707,75.7
1326,69.7
00685L,12.91
1709,48.4
4931,252.0
6531,927.0
6446,1215.0
1815,116.0
6278,218.0
2484,78.0
2357,961.0
6683,1590.0
3131,2525.0
6442,1490.0
4919,138.5
2891,68.4
0056,56.95
2002,19.2
2324,37.1
3576,19.7
00919,31.88
2881,151.0
6691,719.0
6196,585.0
1605,38.4
2464,192.5
00403A,10.79
2395,726.0
2379,760.0
3498,229.0
3455,267.0
2412,143.5
2376,358.5
3714,69.9
3036,205.5
3293,788.0
2887,41.95
3563,807.0
6643,555.0
1802,59.9
2340,40.8
4956,46.5
3149,74.0
2351,209.0
2884,44.85
5309,62.7
5536,919.0
2883,38.85
009816,16.49
3260,377.5
1560,963.0
3044,525.0
7610,1735.0
3491,1500.0
3035,210.5
1590,1200.0
2618,42.85
6789,494.0
0052,65.45
3045,119.5
7799,539.0
2892,38.65
2603,239.5
4768,380.0
2885,68.5
5289,1290.0
4938,89.8
00918,33.89
6620,141.0
2489,41.8
3363,649.0
7856,4250.0
4551,174.5
6290,280.0
1809,47.85
2609,59.4
1785,100.5
6414,392.0
4939,82.8
6933,371.0
3680,555.0
00632R,9.47
3717,27.7
3219,131.5
00937B,13.78
2486,240.0
1717,74.0
3583,707.0
6199,127.5
6426,345.0
00991A,18.0
5871,107.0
3693,687.0
5351,110.5
00878,34.9
1519,693.0
2890,44.25
2886,49.15
6526,840.0
8069,144.0
2451,289.0
2371,30.45
1314,9.0
2455,552.0
6538,356.0
4906,42.3
6415,409.0
2030,36.7
2342,50.3
2436,74.5
5475,179.5
2356,59.5
8111,79.3
5425,96.0
5439,254.0
5443,113.0
6706,150.0
4904,103.5
3163,643.0
3702,114.0
4749,766.0
6693,211.5
6861,313.5
2880,45.35
00929,29.35
3162,85.4
4772,269.0
00830,88.8
6271,226.5
2406,31.45
6133,29.6
2615,114.0
6209,81.7
2498,42.9
00663L,112.85
5434,555.0
2354,65.7
2221,197.5
3543,51.2
6217,176.5
00712,7.54
00713,63.0
8086,114.5
3580,110.5
009828,10.12
2467,539.0
3715,126.5
00935,60.95
7751,1625.0
2049,335.0
00405A,9.26
00881,52.2
1597,146.5
1216,74.2
6197,326.0
3374,454.5
6285,236.0
2441,125.5
6451,420.5
1595,85.3
2377,151.0
006208,256.3
00679B,24.77
00980A,25.41
2801,27.6
1513,168.0
6727,485.0
6831,471.5
4971,539.0
2542,38.65
2034,24.8
8103,121.5
4763,48.9
00927,39.89
5880,26.1
4576,236.0
8040,98.5
6291,500.0
00992A,18.82
8033,174.5
00407A,10.06
2027,47.45
3265,186.0
3376,174.5
3675,330.0
2305,68.7
5269,1460.0
7711,560.0
8112,82.8
7822,998.0
1708,53.8
2363,59.1
3592,237.5
6919,79.0
2421,160.5
7828,1885.0
00400A,15.56
8027,222.0
1476,274.0
5234,308.5
8050,63.6
8021,486.0
4770,282.0
6830,533.0
2634,64.0
00673R,10.86
7717,604.0
6443,28.75
4739,88.4
2241,46.15
2466,124.5
8155,316.0
3645,75.3
7734,2665.0
6530,104.5
2605,35.55
1409,24.9
4967,275.0
4977,169.0
4979,569.0
00675L,341.85
6944,775.0
2610,20.45
3518,41.1
2912,212.5
6425,79.0
5876,49.15
3023,307.0
2834,17.75
6166,133.0
5904,69.7
1504,69.1
00708L,72.2
00953B,9.51
6214,188.0
2353,31.65
00409A,10.09
2493,197.5
3706,79.3
6282,43.7
2347,94.9
3234,173.0
6664,376.0
6269,66.0
2474,206.5
8110,49.2
00982A,23.07
6781,1020.0
6715,442.0
00988A,16.79
00891,37.53
5314,28.85
2855,56.6
6834,109.0
2061,59.8
6168,45.25
8096,88.3
6739,1135.0
1569,62.6
6179,36.3
00662,124.2
6640,1040.0
8227,370.5
2316,166.0
3030,279.0
4908,207.0
7788,294.0
4540,62.1
6244,25.05
3014,141.5
00687B,25.72
4764,189.0
00984D,9.73
2812,18.85
7795,488.0
00947,40.46
4566,74.1
4961,181.0
3013,86.8
1477,192.0
4526,34.05
00764B,25.68
6155,63.3
1312,15.0
2385,104.5
6438,164.0
6547,62.4
4960,24.4
2850,163.0
00922,43.65
9105,8.53
6937,308.0
1102,35.8
6409,907.0
00965,25.19
2472,213.5
4916,104.0
1773,167.5
3289,139.5
6127,51.7
3550,25.9
3701,45.9
1714,16.5
2399,48.95
00637L,18.32
5386,290.0
9904,24.95
5009,33.1
7750,1915.0
5864,39.2
8261,176.0
2458,137.5
2312,31.25
6603,28.8
1402,28.25
00715L,63.35
3413,291.0
00961,13.24
2367,43.55
2254,92.6
3441,184.5
2402,58.5
2006,85.4
8147,158.5
00795B,24.89
1711,40.9
3311,41.05
1609,38.75
00990A,15.95
3090,161.0
2388,73.0
6120,14.35
009829,10.78
3029,120.0
3663,67.8
00888,36.16
00722B,33.13
6532,118.5
1528,25.85
00720B,30.85
4966,571.0
3380,32.15
6491,413.0
6005,32.05
1718,10.85
3019,136.5
6903,315.5
2485,41.7
3551,187.5
00896,27.77
2329,44.8
2352,29.65
2032,20.3
2332,20.6
2207,509.0
6485,77.0
6449,209.5
2369,32.15
00411A,10.56
3221,51.2
4542,344.0
00735,107.95
2323,11.0
2105,30.65
2439,77.3
2033,42.35
2606,73.6
6949,50.6
1503,197.5
1617,24.05
3005,116.5
8042,111.5
6121,377.0
2637,96.4
4903,42.9
2548,91.6
5243,91.5
4927,44.5
7792,424.0
8240,57.3
6907,188.0
2020,26.7
00692,96.6
00724B,31.6
6122,60.5
6190,70.4
3402,136.0
8271,202.0
4989,61.0
3535,92.0
3317,65.2
8215,29.65
3290,52.2
00865B,48.99
9939,126.0
00892,43.05
4541,61.6
8105,16.35
9914,68.3
3615,45.8
00751B,28.91
3033,42.6
3227,185.0
2375,118.0
2338,47.3
1795,179.0
009821,13.3
6016,24.3
3147,243.5
00738U,48.37
8464,366.5
2359,128.5
3088,133.5
2645,173.0
2302,45.0
00933B,14.98
5388,71.5
3229,58.6
00997A,11.72
009820,10.46
00940,13.12
6227,132.0
4915,63.5
00915,33.07
4722,190.5
9945,29.45
2392,41.6
00923,41.51
8131,62.6
6206,139.5
6176,91.2
2478,120.0
8926,59.2
6588,108.0
8016,284.0
3691,119.5
3031,30.8
3049,12.65
2233,167.0
1319,77.9
2465,91.2
2401,26.75
2889,16.5
8081,251.5
6284,75.6
6957,371.0
6462,106.0
2014,17.4
6472,424.0
3362,171.0
2428,251.5
3228,182.0
6205,71.3
00725B,32.9
4556,101.5
00985B,10.08
6719,186.5
2393,64.5
4721,82.5
9921,93.1
6945,148.5
1721,26.45
3022,92.3
4577,92.4
4912,100.0
8043,130.5
8454,240.5
6191,84.0
6226,45.1
6742,56.3
3718,65.5
6829,208.5
6901,16.85
00402A,10.02
2374,67.2
00404A,9.85
7714,172.0
6231,235.0
6617,138.5
7728,667.0
3021,28.45
5469,74.0
3479,136.0
009826,10.03
3596,153.0
4743,47.15
8054,88.6
2845,13.1
3141,85.3
6925,73.8
5328,53.1
6509,49.1
6138,276.0
00859B,40.69
6141,51.8
00913,52.7
1608,36.25
7777,38.0
6902,159.0
6584,540.0
00635U,43.04
2633,25.65
6245,87.8
2009,40.0
3490,44.35
3354,32.15
6432,63.5
8255,147.0
6477,35.6
8431,66.8
6668,47.05
3388,85.3
00633L,44.24
2527,50.0
6218,61.9
5340,81.0
8932,92.6
2915,58.8
3587,238.5
7749,391.0
3467,73.7
2328,47.55
00670L,209.5
3305,106.0
1229,39.9
00900,19.4
00877,35.28
2103,28.15
00753L,8.64
3357,204.5
3062,22.9
1722,41.55
5292,230.0
00934,29.95
2025,14.65
3577,117.5
00772B,31.2
2476,123.5
6548,72.2
00665L,8.84
00680L,5.83
6435,252.0
00887,15.22
6579,159.0
6153,18.2
5285,90.1
3066,29.2
6221,31.0
9958,93.0
6224,78.8
8422,25.9
2413,51.4
8091,217.0
5288,183.5
6416,114.5
1710,16.75
00945B,14.19
6962,32.45
3339,45.65
1514,102.5
2501,21.1
5284,299.5
00646,77.15
2727,236.0
00850,96.05
3581,117.0
009803,21.61
6658,180.5
00939,24.1
2520,36.5
3060,28.1
1810,24.45
6525,135.5
4968,96.6
3591,27.45
00999A,11.28
6023,85.0
6202,58.6
00981B,8.97
9941,77.9
2483,35.75
2010,23.0
3059,38.75
6667,262.0
6695,55.0
2201,29.25
00995A,17.78
2069,26.7
0055,49.27
9927,70.1
1310,9.25
1210,52.0
3138,101.0
009802,20.07
2355,41.8
2349,10.7
2104,11.15
5465,33.05
2646,20.15
6613,274.0
00731,98.0
6788,349.0
8936,52.6
6234,39.75
9933,40.7
6679,206.0
2434,65.4
00719B,31.01
6782,242.0
3504,79.1
6811,240.5
00882,14.92
5498,51.2
4973,138.0
00984A,15.71
7547,64.8
3312,52.0
00773B,33.38
6112,48.05
6163,41.7
00642U,30.83
00696B,26.99
6148,38.1
2444,15.9
5534,73.1
8114,179.0
2851,47.2
6589,53.4
3617,242.0
2101,29.9
00985A,23.5
3437,22.45
0053,252.05
4746,48.95
4951,91.5
6651,146.0
3545,51.8
3135,158.0
6670,272.0
2031,46.5
00904,43.43
8383,68.4
6108,25.05
5013,38.75
6015,17.95
7810,235.0
6757,54.0
6841,58.8
8070,50.2
4174,39.2
2206,62.1
00994A,17.23
6708,51.7
00993A,13.78
009800,13.42
00401A,14.22
4707,30.35
5299,102.5
1440,13.65
00951,18.1
1612,35.7
2419,29.7
00740B,35.92
00909,48.62
6265,48.65
1215,105.0
7744,523.0
6922,221.0
3010,125.5
4105,78.5
2897,10.9
2211,79.7
00864B,46.22
6419,156.0
3689,110.5
5464,88.2
1304,12.65
9910,68.8
6188,62.1
5291,61.6
5522,61.0
4923,61.4
00981D,10.09
6870,323.5
3048,51.7
3236,44.15
2515,11.9
00643,17.26
4536,161.0
00998A,16.76
00894,49.84
2838,20.6
009805,14.96
2903,22.15
6753,133.5
3287,42.15
8121,31.5
009824,10.56
2504,30.65
00987A,17.27
2208,19.15
2630,47.05
2495,39.05
00924,33.78
6104,91.5
5471,52.3
6499,77.7
5230,23.35
3704,40.5
00757,143.2
6279,112.5
4147,63.7
6146,181.5
00410A,12.43
2468,45.5
4545,39.1
3217,130.0
00989B,9.85
5220,24.2
6204,103.0
3209,45.35
6175,70.4
2457,22.55
00981T,11.64
00990B,9.82
4583,426.5
00948B,8.8
1736,128.5
3028,62.9
5474,164.0
3092,25.0
8213,34.5
8438,80.8
2614,19.2
00930,23.8
8436,106.5
7827,165.0
00897,14.22
8162,66.8
9917,105.5
6799,91.7
00733,71.55
6885,32.0
6690,177.0
2820,16.85
2543,38.5
1584,18.85
3294,32.45
9802,64.8
009819,9.67
7825,84.4
3041,24.35
1434,18.15
8088,44.4
00996A,14.48
1723,80.7
00946,15.42
00688L,5.8
6177,46.45
4123,31.25
00954,19.33
4755,118.0
3169,115.0
6568,142.5
4760,262.5
1904,24.6
8182,41.4
3051,23.3
00955,16.09
3015,55.2
4949,76.3
1582,71.9
6561,307.0
7712,161.0
1313,12.3
6261,79.1
00952,18.39
009827,10.29
00962,15.05
8201,16.05
6712,162.0
2258,32.0
3708,98.9
00931B,12.53
00853B,25.52
3485,209.0
1905,13.05
3515,212.0
00676R,5.24
4766,340.5
6550,17.85
8084,26.85
3483,79.1
4142,18.25
6869,71.9
3338,68.0
2597,168.0
4128,15.35
6592,56.9
1307,31.5
8109,135.0
00987B,15.29
2753,180.0
5392,40.1
2236,109.5
2491,40.8
4510,44.0
4771,214.5
5608,16.95
00950B,13.17
00941,25.81
00905,27.65
6215,97.7
3416,162.5
00988B,19.1
00982D,9.34
00987D,9.5
6125,49.9
4419,50.2
00664R,1.53
3526,272.0
7768,299.5
3709,65.2
00857B,21.39
6405,50.1
2636,71.7
2204,52.3
6174,45.5
1444,7.12
00650L,15.96
1707,85.7
00926,26.59
6716,114.0
3114,34.6
2231,94.7
1586,17.9
4729,20.65
6412,74.8
00910,57.25
006205,39.32
00911,56.7
009823,10.47
6150,63.6
1808,31.65
009813,11.49
1536,46.9
4585,292.0
00876,91.25
2362,46.9
6854,93.3
2029,22.45
4303,33.45
6605,137.5
2331,19.2
8104,32.1
8047,50.8
6840,98.9
1909,10.3
1907,28.4
2365,28.35
2539,34.3
00963,12.52
3430,111.5
3594,47.9
3323,29.7
009801,11.64
2641,17.5
8163,30.25
6189,50.4
3003,60.4
1305,12.35
6535,82.2
7855,41.4
4976,35.8
8289,46.4
4534,30.95
6967,70.2
3152,231.0
1309,13.95
7402,101.0
00917,22.45
4736,130.0
4127,45.6
7556,264.5
3004,119.0
2405,15.25
3444,81.3
9938,38.25
00983A,13.3
009815,11.93
00966B,13.01
3694,51.5
00768B,46.08
00949,22.15
00636,26.54
4532,24.85
00762,120.75
6654,216.0
6026,16.1
5263,89.1
3552,44.1
2617,31.45
2612,61.8
6743,31.85
4563,51.7
7631,140.5
1308,14.45
2023,13.75
00714,20.61
8415,35.2
2015,64.2
1563,75.6
6165,50.0
4953,117.0
7765,237.0
5515,51.9
7772,176.0
7730,179.5
1231,79.6
1591,42.75
00693U,23.68
4167,19.85
00885,18.0
7812,66.7
6994,26.5
9907,14.9
3178,69.4
00893,45.73
1442,27.2
3078,46.15
6156,21.85
00653L,41.0
6741,55.1
6698,33.3
6761,165.0
8390,90.4
2607,53.8
2072,131.5
9925,39.55
00989A,17.66
1529,15.95
2427,23.35
2883B,8.56
1568,32.8
2420,55.0
6243,39.5
2429,30.95
009804,24.01
2247,224.5
6965,63.7
8234,62.6
8473,39.75
4169,152.0
2731,144.5
6894,361.0
00898,12.08
00970B,8.71
1537,115.0
3213,124.5
6411,77.6
2707,175.5
00706L,19.34
1447,6.77
6983,348.0
2480,160.0
7740,104.5
6143,81.0
4571,153.5
6152,15.3
1713,42.45
8011,16.1
4441,171.5
6469,64.4
00964,14.82
3346,24.15
5236,137.5
2425,37.5
2348,70.6
1227,28.1
4934,14.95
00983B,14.52
5607,52.4
5227,31.5
2540,48.45
6263,158.5
9911,81.5
4533,25.65
4114,29.55
2905,18.3
3528,85.6
00770,65.2
2547,9.79
1515,29.8
5321,67.7
3712,20.65
8074,51.6
3703,19.6
6541,31.1
6585,104.0
4909,36.4
2461,17.85
00936,21.58
5222,106.5
00980D,19.48
2243,52.6
5457,24.35
7689,159.5
8038,34.6
6642,81.7
3508,25.9
6546,59.4
6947,68.4
1342,100.0
4195,16.1
3032,78.3
3548,77.3
3230,41.4
00655L,30.83
00690,82.3
1712,39.8
00752,22.34
3419,12.05
00968B,8.66
9930,60.2
6689,64.8
6142,9.44
4416,13.35
00932,17.52
5508,53.1
2535,89.2
00907,17.74
8935,19.65
00942B,13.19
00901,48.15
2417,39.3
1316,10.7
4561,43.2
4716,16.85
6292,66.6
7805,494.0
6225,60.9
8076,21.8
2423,72.1
6118,16.05
3038,20.8
3588,53.9
5432,160.0
8341,74.4
00678,43.83
00408A,10.49
00701,41.42
4560,29.9
3623,29.8
00661,86.7
2530,20.05
3176,37.7
00959B,8.77
00916,26.85
00640L,109.9
2546,105.0
6732,151.5
3372,16.55
8931,43.25
3218,135.0
6117,62.2
2497,44.35
6862,138.0
1618,38.95
6725,218.0
6161,51.5
00875,57.05
4590,89.1
3047,14.75
6909,42.85
8374,77.6
00694B,41.65
3685,35.0
6275,47.15
1232,153.5
4306,14.7
2887E,48.4
4104,72.7
1623,200.5
00938,26.91
6523,91.0
5493,90.6
6873,68.4
2723,77.4
00861,88.5
6863,95.3
6953,245.0
5272,18.0
2038,13.2
2913,11.15
4162,55.6
2108,28.75
3356,66.0
6890,148.0
3130,209.0
00652,31.2
00928,33.48
6180,41.4
5609,78.1
1256,168.0
1437,31.85
00842B,28.27
7780,16.25
00697B,34.01
3705,56.7
3093,44.7
5530,48.85
7703,201.5
4564,16.4
3050,11.95
00858,36.12
5481,21.8
6913,128.5
6192,109.5
7709,86.3
3686,16.3
00799B,27.53
3054,59.4
00686R,0.94
6111,38.65
6235,39.1
8222,35.8
5258,42.4
3466,23.9
2536,19.15
8937,26.2
2017,9.13
5202,14.15
6558,25.0
6237,36.5
00986D,13.88
6126,30.9
3622,46.1
2106,16.65
2460,30.55
6596,97.3
8249,39.5
1611,11.55
5426,28.45
3716,34.25
6101,37.4
6208,76.0
1104,26.7
5521,10.6
7786,119.5
00895,51.7
8478,141.0
6277,77.0
3306,48.05
1336,17.35
5511,69.6
6803,267.0
009812,13.17
00730,29.72
4129,83.4
6186,29.15
2453,53.6
6024,60.4
00779B,25.9
3556,58.1
6877,126.0
3025,52.9
1455,9.94
00695B,33.7
1201,11.65
009810,21.32
00849B,37.23
2471,51.8
5410,32.95
1603,30.6
4580,81.8
1558,112.5
00746B,33.3
1522,26.8
3564,50.6
2028,17.15
6914,119.0
0051,149.05
00863B,29.41
2442,14.4
1103,13.2
4714,12.05
8083,156.0
00984B,15.22
4952,49.4
6756,98.7
009814,11.42
5210,30.6
3501,37.65
00969B,7.5
00668,60.1
6735,67.3
8071,22.05
7722,259.0
00980B,8.85
5381,23.65
4924,16.5
2107,27.0
00985D,9.49
3303,48.65
1472,88.8
3207,38.8
4164,27.35
00639,15.2
2611,14.5
6233,22.8
2836,12.1
1218,14.6
4741,40.8
00847B,23.45
3056,13.85
6417,102.0
2250,57.0
5484,39.6
1532,22.3
00848B,32.44
7821,35.9
2832,56.9
3555,168.5
2505,17.0
3530,59.2
3024,14.2
00763U,34.67
6164,12.6
00728,70.2
6492,34.35
6821,42.8
00983D,9.59
6986,44.05
4549,97.1
2397,63.0
1789,18.95
1786,43.3
2387,36.45
6140,20.2
00782B,28.37
3002,19.3
6785,95.1
00862B,29.19
5209,167.5
5452,27.4
3630,26.95
2538,8.92
6170,48.65
1338,15.6
8349,40.4
3537,53.3
2887I,9.53
00791B,56.25
1524,26.1
4157,8.89
00710B,18.52
00921,23.61
6129,14.9
4119,55.5
3257,49.6
3631,40.5
00884B,27.54
8942,40.2
6875,31.35
6872,24.05
2459,65.0
00908,14.54
1565,96.5
3628,72.7
00902,12.43
6517,63.6
2908,22.05
1459,16.7
1702,33.05
2816,40.3
3046,53.6
1325,25.9
5468,25.85
1760,54.6
3297,32.6
6259,30.25
6768,62.7
8097,48.5
3558,125.0
00761B,31.89
009817,8.8
6823,60.8
2887H,43.05
3611,183.0
6598,27.4
5011,18.8
00760B,50.6
6203,60.0
6498,66.8
3438,61.9
4974,71.0
4137,77.3
5245,20.85
5225,55.4
2545,34.45
3360,15.35
00759B,50.9
006204,240.85
1580,97.1
009807,17.8
6103,38.3
2887F,45.55
00785B,32.75
6270,30.0
6134,29.2
5871A,100.0
1720,56.3
006201,46.5
5007,56.4
6021,41.8
00758B,48.45
00727B,38.89
6763,41.3
6684,50.2
009822,9.46
009809,18.58
6115,44.0
2534,16.95
8044,24.3
5203,58.4
4113,15.55
4562,30.95
6570,47.55
00960,22.38
1732,26.15
1784,61.2
3027,18.9
8048,50.6
00657,79.3
00669R,5.37
2613,22.4
00645,58.35
2364,65.0
6591,42.85
2511,8.34
00789B,44.46
009818,21.17
1109,13.35
7704,61.4
00756B,29.09
00726B,31.2
6576,79.5
1587,24.45
2537,11.25
6703,100.5
1737,30.05
00912,36.2
3390,22.6
4720,19.3
9955,23.1
5519,25.3
2414,53.3
2070,63.3
9942,114.5
3684,52.9
00741B,36.73
3284,19.9
5538,36.25
4569,157.5
6934,75.3
1436,35.7
4503,24.15
4168,22.35
1731,20.9
2228,74.8
6906,83.6
00781B,25.77
2702,12.25
9924,38.2
8462,158.5
8404,13.25
6988,11.7
9934,9.87
5306,88.8
8171,20.8
8446,84.8
6151,34.75
2881A,61.6
00780B,35.34
8045,53.9
1615,42.95
00991B,14.33
8411,11.9
4138,54.3
2852,27.85
7715,28.4
00860B,37.74
5529,26.45
5512,7.71
6171,26.75
00852L,33.09
3484,46.55
1264,245.0
7818,60.1
00944,21.95
3546,72.6
6136,25.05
5014,10.25
9940,20.1
1533,30.3
2923,25.45
009811,13.49
4807,29.35
3679,108.0
6266,25.0
00834B,32.07
6123,43.05
8284,68.0
1903,47.8
6496,23.65
00681R,22.79
00958B,8.64
6130,23.75
5531,6.92
2887G,44.45
4439,98.4
1217,9.95
2102,16.55
00920,24.88
1616,18.65
006207,31.11
3540,23.05
5201,29.95
6625,74.0
00674R,29.28
020025,40.23
5228,39.75
1449,12.5
6923,75.2
6494,51.8
00754B,30.36
6230,113.0
5016,25.55
00846B,34.1
2488,48.85
6921,68.0
6486,80.6
3040,33.85
3226,60.4
6838,25.8
9951,47.0
4933,54.4
8476,20.1
6776,52.9
00972,21.82
9943,50.4
6924,135.0
3308,22.35
1506,9.53
00956,13.59
8499,258.0
1110,14.65
0057,333.45
3669,33.0
2440,14.4
5287,137.5
5438,17.35
1438,21.15
00903,21.85
1734,32.1
3567,26.2
5487,28.6
2838A,52.0
1780,25.3
4555,42.15
00755B,30.5
6574,118.5
00736,31.63
1799,29.0
1540,19.3
00778B,31.79
6657,32.7
2528,19.4
00845B,31.53
00890B,30.01
4935,34.2
6969,31.35
6229,24.2
6272,25.6
1733,29.6
00851,73.15
00750B,30.68
3607,14.0
5403,92.8
9946,17.0
2477,23.15
00749B,29.66
00717,14.47
6573,16.45
00792B,29.14
6183,91.8
1446,13.4
5490,25.65
5283,52.8
8442,45.6
00777B,30.08
3570,167.0
3268,21.75
2390,10.3
6609,39.95
5903,186.0
1268,175.0
4582,22.5
7823,80.2
3188,23.3
4552,15.8
4744,29.2
00734B,14.88
1604,23.45
2608,28.6
6441,24.7
5206,22.7
1464,9.98
8049,24.6
5344,13.85
2237,26.75
3071,23.05
4995,50.5
00723B,28.37
4942,31.9
4905,76.5
3322,11.3
6908,26.65
1414,17.65
4557,50.3
6418,34.65
6527,75.0
00841B,26.42
00840B,27.65
4107,110.5
2849,16.05
9908,29.0
3520,17.35
9960,41.5
8432,50.7
3058,8.2
8072,27.85
3011,10.15
4163,136.0
4139,41.8
3527,53.1
8099,59.6
4543,29.45
1614,31.15
00711B,14.77
00702,23.38
6674,18.25
1783,37.25
1419,66.1
1466,14.85
1439,28.9
009808,32.05
2516,15.35
5478,97.1
2013,41.6
6612,72.5
3086,27.4
1460,6.26
4506,118.0
5905,7.32
5902,34.5
7803,17.95
2415,27.2
8403,18.95
6895,151.5
00957B,12.48
6859,120.5
4417,49.55
8089,19.5
8059,17.15
2704,45.45
4737,55.4
6465,41.75
1321,32.4
1527,32.7
6733,24.95
00687C,8.71
5312,89.9
1471,9.46
6423,85.9
8435,53.4
00689R,23.91
6771,42.6
00775B,29.77
2109,14.4
2755,98.9
3052,10.4
4433,18.05
6283,19.5
4155,14.65
00844B,29.35
1234,33.0
9919,13.85
8277,15.5
6114,23.45
2596,35.1
3447,27.55
2887Z1,22.85
8927,18.75
1339,42.35
8068,17.75
7642,68.5
00870B,26.2
5706,44.15
5244,35.6
5278,23.95
4513,16.2
7820,110.5
00739,26.6
2745,84.9
1315,68.8
2729,156.0
5324,12.45
7738,155.5
4414,8.14
00986A,14.8
2482,16.45
2762,79.2
00967B,8.53
6790,37.8
1598,20.5
1535,45.8
3489,23.35
2007,7.0
6534,90.6
6577,80.0
3710,8.32
2115,23.9
4106,24.35
1517,10.5
7721,62.2
6167,10.3
2640,157.0
006203,203.2
4747,23.6
1473,19.25
5251,30.0
3597,28.1
2939,21.9
6241,16.3
1526,15.05
3511,19.75
4188,14.25
4572,138.5
4438,57.0
6281,51.0
4108,11.5
5704,22.65
1337,4.47
4588,56.0
8085,14.4
5488,12.1
9905,21.35
6216,19.95
6996,169.5
2748,38.8
2450,28.2
0061,23.25
6728,109.0
4413,20.3
4160,39.1
3652,34.2
2524,34.7
00647L,138.3
2438,19.9
3296,28.4
6220,25.2
6792,59.6
9103,4.98
2752,177.0
3122,24.2
6516,56.5
009825,9.78
6928,46.0
7718,45.8
8938,52.6
00867B,28.34
4946,101.5
6865,29.15
1762,34.35
7757,90.2
2065,35.55
9935,18.3
8032,36.2
3158,84.9
2891C,60.5
3687,60.3
7819,33.7
2739,36.55
4754,37.9
1570,33.2
2462,19.95
6590,65.9
4205,68.5
1417,8.14
6113,22.65
9136,9.14
1410,24.1
3541,24.4
2705,15.1
5450,14.8
1730,51.2
6606,24.8
9949,24.3
2227,45.0
5315,18.75
4126,78.1
1108,11.15
5302,9.81
00641R,3.63
8440,20.35
1219,11.45
3321,18.25
6720,127.5
8429,5.91
6158,17.2
3118,31.3
6461,24.45
6961,48.1
6887,38.1
4178,16.7
8034,20.35
8472,69.5
5525,22.0
1470,24.15
5489,42.55
3434,31.4
00971,17.8
4131,30.65
8291,28.55
6552,25.0
2230,21.8
4442,54.1
6248,17.15
4726,22.95
6874,69.8
6951,69.2
6109,10.55
6796,53.0
1451,17.0
7842,98.3
6470,42.7
6794,71.8
2022,7.33
6697,41.3
3522,12.5
1235,33.15
2114,89.9
3083,22.6
7835,20.2
1295,47.4
00737,40.87
6464,76.8
4554,28.25
1805,10.05
2881C,51.8
2433,40.45
1259,68.1
2248,61.3
8924,49.45
006206,36.72
2373,52.9
00671R,2.36
6185,12.5
2732,63.1
2380,17.0
6194,29.85
1323,21.45
1725,34.15
4420,36.05
7743,25.0
2754,68.0
4550,24.45
00943,21.02
3557,23.0
6184,40.3
1742,17.6
1817,39.85
6581,108.5
1806,8.0
5213,20.9
00648R,3.91
00788B,28.13
1467,8.03
2012,14.4
6614,35.3
3332,63.7
6504,36.95
9937,54.5
1432,15.0
7760,32.55
7705,29.85
4166,24.1
5603,13.35
2430,18.25
5353,28.45
8916,41.05
6569,92.2
5310,27.6
4523,23.9
7736,68.5
8930,28.75
3379,27.7
1468,13.5
3625,11.15
8024,12.55
2906,13.4
4907,45.0
8426,20.65
5460,17.15
1456,14.65
1294,50.4
1203,43.7
2239,18.95
4161,21.75
6219,12.2
3128,20.35
1726,76.5
00886,49.55
8424,70.7
4994,81.8
5212,48.9
1522A,51.3
1340,5.24
6804,18.35
2718,40.45
9962,10.35
3666,25.3
6752,96.0
6506,18.6
4171,16.45
6931,38.9
9926,49.1
4121,12.75
6855,116.0
6982,44.1
7708,92.2
2062,18.05
6666,45.55
1225,24.55
00899,22.14
2743,53.3
2882A,60.2
3043,20.35
7770,42.6
6918,74.3
7791,55.3
6128,19.2
3373,16.0
3232,20.9
6431,17.6
8176,9.76
6881,214.5
8489,22.45
1752,31.5
00683L,22.29
6240,25.55
8102,59.9
4111,28.9
9902,13.2
6968,41.45
9906,39.45
8107,12.0
2949,68.9
5548,20.15
1418,18.35
3310,68.8
2063,23.5
6160,13.9
2314,11.2
8421,12.95
1236,25.45
00700,16.92
2431,10.15
6508,26.95
6637,53.8
3276,14.05
2945,39.85
2901,24.15
1474,10.05
7723,18.4
00709,39.46
911868,1.16
020020,30.3
2616,13.3
2066,52.2
8279,78.0
8487,70.8
2910,23.6
4304,17.3
6578,16.45
5356,25.7
5015,21.9
6294,28.25
8093,23.65
1457,14.4
2514,11.7
6844,57.5
4502,15.9
3432,14.9
00638R,6.95
1521,25.6
2751,52.7
5523,30.35
5355,7.05
3713,13.9
8410,27.8
6582,31.1
2496,55.0
3325,11.9
4133,20.65
2506,8.43
6791,99.5
00660,46.43
2642,20.4
6028,99.0
2897B,11.85
00651R,5.35
912000,2.49
4207,19.35
4116,39.8
1416,11.45
4173,17.3
4568,39.45
5533,13.95
6916,18.7
1423,36.0
2911,6.08
1906,10.9
7753,35.6
6762,158.0
1735,20.2
4999,17.85
020000,32.87
3609,23.0
4535,27.0
2722,21.4
8940,15.1
1531,11.65
8463,21.25
8467,87.7
6958,17.5
6560,32.2
1240,54.3
3206,34.95
4702,9.31
3499,13.8
4581,48.2
1463,17.5
00980T,12.02
2938,18.6
1445,10.1
4102,18.45
6474,35.7
1441,10.0
3224,31.45
4109,11.05
4175,51.0
5907,4.81
00982T,15.41
6899,49.8
6856,42.0
5547,20.15
6754,41.5
6201,44.6
9928,17.75
5215,37.9
1452,10.8
2882B,58.8
4440,17.55
6228,18.8
8437,10.2
3266,14.0
1583,46.8
3168,42.8
3164,16.55
1788,128.0
00771,14.96
9944,17.2
1776,18.15
2706,12.2
3288,21.2
8933,4.5
8367,40.45
8908,40.35
2947,60.5
7814,28.25
6936,32.0
6955,96.0
4911,28.2
4430,17.75
9931,34.2
1233,28.1
2701,10.3
4735,36.1
6154,14.2
2929,5.83
910861,4.7
4432,15.4
8443,11.15
3285,41.5
8087,22.8
8466,15.1
6721,50.0
3646,24.95
1525,63.7
2643,62.6
9918,43.15
6910,26.95
8906,28.6
1530,26.8
3252,15.3
4558,16.95
6722,32.5
8077,42.15
3593,11.0
2509,14.3
6629,103.5
6597,68.7
4584,37.0
2916,40.55
2008,31.1
4728,399.0
6884,30.55
5211,20.65
00982B,9.09
7839,43.2
3512,19.2
4148,32.0
6624,38.25
6210,17.9
2734,14.45
3259,10.65
3018,12.0
7713,74.3
8481,40.95
2904,12.6
2926,30.2
2740,30.15
5398,13.85
3150,15.65
4402,13.8
3516,25.4
8092,12.6
3191,16.75
6846,58.5
1324,9.99
1465,11.65
2924,18.3
4401,13.9
3492,19.15
8450,14.3
4745,12.2
3349,19.95
00786B,30.67
7794,30.6
1220,10.85
2002A,37.25
4426,7.61
3313,10.45
6246,12.85
1413,9.22
8929,13.2
1443,23.45
3465,29.7
1626,9.6
6124,27.2
6542,40.5
6593,32.25
4120,45.9
8112A,45.8
1593,31.7
8433,52.8
5604,31.2
5701,4.06
2736,11.35
8354,16.9
1599,23.05
1777,73.9
8482,49.2
4711,16.35
3272,13.95
1512,6.11
3205,46.8
1539,15.45
8080,27.8
4190,24.95
3095,33.5
6751,44.5
8272,64.5
6195,28.25
4153,31.45
8401,22.75
6655,125.0
6835,31.2
6020,20.75
6556,62.1
4530,24.75
2067,4.91
00703,18.81
5543,26.7
3521,11.85
5345,21.5
3171,58.8
9950,10.2
1454,12.2
5205,18.9
6807,32.3
6730,32.0
1516,13.7
8941,43.8
1453,10.9
1101B,43.4
2836A,24.0
8917,53.7
00654R,7.13
4154,12.5
4972,16.3
6264,6.03
1781,9.99
00634R,3.27
009806,13.77
8928,22.95
6242,34.05
6641,17.0
2712,13.55
9912,13.1
3115,8.5
9941A,48.8
3523,15.0
3057,16.2
6276,19.3
6592A,96.1
3494,7.1
6692,23.85
5878,37.85
8488,9.95
3073,20.6
4406,10.3
2881B,60.7
1475,26.0
5276,17.6
1796,29.15
4930,15.9
2424,8.3
4538,17.35
7584,28.7
4767,28.2
8477,14.1
8416,169.0
910322,23.45
8423,18.2
1312A,23.05
6671,22.7
1435,22.4
6680,51.9
2024,12.9
2348A,38.55
3664,8.86
911608,2.7
9929,11.1
5546,14.35
3632,7.15
6971,23.5
4950,15.65
2726,8.0
5514,15.05
2941,31.0
2891B,61.9
5906,41.0
6904,123.0
1341,59.9
6222,19.3
6645,12.85
6843,38.55
1538,7.48
7747,111.5
3672,12.35
00986B,9.26
00856B,37.01
6649,36.5
8409,18.0
8066,15.15
1541,20.9
8905,34.65
6615,33.5
8101,11.05
4198,49.5
8067,12.35
6592B,94.6
6482,23.5
7767,46.3
00787B,30.29
00636K,8.16
8455,22.1
6929,21.8
5364,8.39
8342,83.5
2432,27.65
00783,27.15
6952,38.8
7782,25.25
2073,25.2
4192,18.65
6767,24.5
7811,73.5
3629,17.3
4706,33.85
6997,67.0
2756,62.8
6144,12.55
6512,20.25
4528,14.95
6616,8.18
4529,3.33
1813,11.3
2235,28.0
2035,26.5
00657K,24.84
00656R,6.13
3085,12.1
4943,6.91
5516,12.0
2937,44.7
3531,20.9
00682U,20.81
4183,13.55
5703,13.35
00668K,18.78
2948,37.4
1213,7.47
6236,18.5
911622,3.6
8444,4.35
8921,16.8
7732,33.5
5348,16.35
00836B,26.49
4609,4.15
2321,24.3
6169,12.0
9110,2.99
7716,23.9
5223,23.1
6958A,22.0
6198,20.05
2719,19.75
00666R,9.33
8923,18.0
0054,28.25
0058,43.71
0059,42.85
00625K,8.33
00643K,3.74
00649,19.12
00658L,37.0
00659R,11.21
00667,20.79
00672L,0.75
00677U,1.48
00684R,14.81
00691R,10.46
00704L,18.84
00705R,19.03
00707R,31.9
00716R,13.96
00718B,19.05
00721B,48.06
00729R,20.56
00732,40.74
00742,22.2
00743,24.2
00744B,42.35
00745B,42.04
00747B,51.85
00748B,42.52
00765B,38.72
00766L,11.92
00767,17.4
00769B,60.3
00774B,40.85
00774C,9.12
00776,20.78
00784B,39.32
00790B,53.2
00793B,29.55
00794B,39.82
00796B,41.84
00797B,41.36
00798B,42.65
008201,101.2
00831B,41.42
00832B,42.92
00833B,43.87
00835B,45.16
00837B,37.64
00838B,40.38
00839B,41.85
00843B,40.37
00854B,41.86
00855B,38.6
00866,21.84
00868B,36.17
00869B,36.69
00872B,37.13
00873B,37.28
00874B,38.04
00883B,30.98
00906,11.95
00925,16.1
020001,28.63
020002,11.12
020003,15.89
020004,33.28
020005,19.35
020006,32.05
020007,41.23
020008,13.31
020009,26.67
020010,13.56
020011,16.4
020012,24.05
020013,14.84
020014,6.3
020015,18.69
020016,28.32
020018,24.94
020019,21.59
02001B,8.75
020021,4.42
020022,7.62
020023,7.2
020024,5.94
020026,6.37
020027,10.65
02002L,7.38
02003L,4.34
1258,26.85
1262,34.9
1333,1.44
1507,64.8
1566,19.65
1589,5.54
1592,2.57
1701,21.15
1724,15.6
1787,26.15
1902,20.65
2064,11.9
2358,4.56
2443,3.57
2448,41.4
2456,94.6
2499,4.12
2601,5.91
2724,13.1
2809,56.6
2823,30.55
2841,2.68
2867,9.7
2888,11.8
2888A,36.5
2888B,36.8
2928,31.85
2936,40.35
3036A,52.0
3064,17.2
3067,16.9
3089,81.0
3144,38.2
3202,3.96
3383,1.7
3426,47.8
3452,1.47
3454,99.4
3536,2.92
3562,14.8
3642,3.87
3682,7.47
3698,22.25
4130,26.7
4141,26.1
4144,26.9
4152,99.6
4180,70.9
4305,41.75
4429,40.8
4527,40.9
4712,2.85
4725,17.9
4803,3.6
4804,3.27
4806,10.4
4944,11.6
4945,76.1
4947,228.5
4987,81.6
5102,24.65
5259,7.86
5264,87.1
5281,15.8
5301,4.99
5304,3.32
5305,42.3
5349,25.4
5371,83.5
5383,41.5
5455,30.7
5520,83.2
5601,28.9
5820,11.7
6131,5.18
6172,20.1
6212,33.65
6238,179.5
6247,15.45
6251,20.3
6287,8.89
6288,20.95
6289,1.35
6404,4.64
6452,56.6
6457,62.1
6497,5.66
6514,50.8
6594,31.3
6661,16.2
6662,28.5
6747,199.0
6806,3.51
6950,34.35
8183,28.2
8287,0.73
8349A,45.35
8406,278.5
8418,8.95
8420,40.6
8427,74.9
8480,84.6
8497,65.5
8913,13.3
8934,36.1
910482,0.25
911616,0.48
911619,0.11
912398,5.15
9157,0.86
9188,3.47
```

