# 收盤價 MD
# T:2026-10-01 10:03

## [CLOSE]
```csv
代號,收盤價
2327,590.0
2409,39.35
6488,1080.0
6182,130.5
3189,990.0
8046,1405.0
3481,53.1
2330,2495.0
2492,318.0
5483,210.0
4958,501.0
1303,251.5
3037,1180.0
2454,4925.0
2408,515.0
3105,536.0
3017,3435.0
3026,820.0
6147,221.0
8039,287.0
8358,520.0
8996,1555.0
2368,1100.0
2303,157.0
2345,1880.0
3231,188.5
6672,384.5
2426,105.5
3167,933.0
6770,74.6
2344,177.5
3665,2535.0
8150,111.5
6213,624.0
2308,1890.0
6533,354.5
6207,144.5
3624,148.0
4919,152.0
2383,4885.0
3532,475.5
6274,1525.0
00919,31.43
6173,296.0
0050,112.0
5347,187.5
3533,1775.0
8227,370.0
3008,5865.0
2317,251.0
3042,215.0
2449,294.0
2883,36.45
3443,7785.0
3711,700.0
3149,73.4
3324,1495.0
6805,2370.0
2030,39.15
5314,30.9
8299,2115.0
3081,2645.0
2484,82.7
2360,2070.0
3661,3770.0
1709,53.2
3094,67.7
6116,15.75
2486,250.0
3563,757.0
3293,799.0
2887,40.25
3673,74.2
8027,210.5
6223,5025.0
2481,174.5
3163,660.0
3441,202.5
7856,4370.0
6446,1190.0
00406A,9.92
00631L,38.99
0056,56.45
3529,3285.0
6187,1270.0
2404,1305.0
6683,1585.0
6861,300.0
6257,253.5
6139,761.0
5536,958.0
6505,93.7
3264,240.0
3406,879.0
00981A,30.62
6456,87.0
6620,147.0
3036,210.5
3653,6750.0
2354,65.4
3006,280.0
2059,11865.0
3707,76.8
6127,56.8
2301,280.5
3693,659.0
2382,332.0
00927,40.11
2881,149.0
8210,829.0
6510,3090.0
4939,79.1
2337,120.5
6239,288.5
6515,5870.0
1301,66.8
2340,43.1
3450,519.0
6706,154.5
7799,550.0
00918,33.71
1605,38.05
7769,5525.0
5309,63.7
2498,44.6
2891,67.4
6691,738.0
6155,69.6
1815,114.5
2882,109.0
6643,532.0
2371,30.5
1727,107.5
3576,18.9
1326,67.9
1101,25.75
2376,364.0
8028,277.0
2313,223.5
8064,143.0
4956,48.5
2379,761.0
6640,1125.0
3605,169.5
00937B,13.68
3131,2405.0
2885,66.9
6669,2100.0
6531,920.0
00403A,10.81
2305,61.9
1595,85.5
3016,166.5
00878,34.71
3518,41.15
6196,596.0
3490,48.0
6532,123.5
00685L,12.88
2466,132.5
8042,116.0
6199,128.0
4991,482.0
4768,387.0
00712,7.32
6957,372.5
3211,391.0
3498,217.5
009816,16.45
5328,57.6
7788,288.0
2464,193.5
1560,973.0
3090,167.0
3702,116.5
3162,89.0
7734,2815.0
6442,1490.0
2603,236.5
3034,550.0
1802,58.8
6789,486.5
5274,18855.0
6834,115.0
8043,138.5
8240,62.2
2020,28.1
4931,247.5
2834,17.45
6271,229.5
7711,589.0
5425,96.7
2324,36.8
2027,48.0
8261,180.0
2375,122.0
6120,14.95
3701,50.4
7795,520.0
00991A,18.1
6414,403.0
00985A,23.66
6278,217.0
2357,965.0
1785,100.5
00992A,18.81
3363,646.0
6944,796.0
00679B,24.52
6217,175.5
2472,220.5
2395,721.0
2884,44.2
6209,81.6
2890,43.2
6933,372.5
2002,18.95
3714,69.2
4722,203.0
3311,45.15
6425,80.5
3035,209.0
6449,223.0
2351,209.5
1717,73.6
2316,166.5
00687B,25.47
3221,53.9
3260,377.5
3675,336.0
3583,706.0
2399,50.1
6290,278.0
3236,47.55
6907,196.0
2478,125.0
5289,1285.0
4763,47.55
4749,762.0
6538,360.5
4760,288.5
3615,43.85
00830,89.3
2886,48.45
3715,126.0
3455,260.5
5351,108.5
4906,40.8
2221,181.0
2363,60.0
00929,29.44
2609,58.9
3354,30.3
2342,49.55
00409A,10.14
2880,44.05
4938,89.5
5880,25.65
6526,834.0
2436,74.1
3491,1490.0
6830,536.0
8021,500.0
5443,113.0
2892,38.2
2489,41.2
4526,35.3
4556,104.5
6472,431.0
0052,65.45
3362,173.0
6175,76.1
4961,187.0
6133,29.6
6197,326.0
8111,79.7
5475,179.5
8103,120.0
1314,8.88
2356,59.2
3044,523.0
3706,80.1
7610,1735.0
00405A,9.23
2467,545.0
6415,410.5
2302,46.65
6485,83.3
2451,288.0
2388,74.2
1519,689.0
3030,280.0
6693,210.0
6426,337.0
3680,553.0
4566,76.5
3645,74.6
2615,112.5
8040,96.3
00922,43.48
1590,1180.0
6831,479.0
00400A,15.48
2801,27.1
6285,234.0
6727,484.0
3357,211.5
00720B,30.63
4971,533.0
2912,211.5
8096,88.0
4968,102.0
8054,90.5
5439,250.5
4772,265.5
3592,238.5
7717,586.0
2618,42.15
6462,107.5
1809,46.35
2061,62.6
4551,171.0
3581,115.5
009828,10.22
8033,174.5
2455,545.0
00881,52.1
6451,416.0
2428,257.0
00988A,16.89
1513,166.5
00891,37.57
2377,152.0
6202,60.1
2412,143.5
00795B,24.61
2406,31.15
3055,204.0
00402A,10.12
8110,48.65
5434,557.0
5871,106.0
00965,25.15
2441,123.0
00751B,28.71
8155,315.5
2049,333.0
7822,998.0
4764,183.5
8069,144.0
00632R,9.48
2483,35.9
8109,143.5
6291,496.5
1597,143.0
4916,104.0
3717,27.5
2812,18.8
00990A,16.1
1216,74.0
3014,143.5
4770,275.5
00680L,5.66
6530,101.5
5269,1465.0
8147,145.5
2034,24.15
6005,31.5
3234,170.5
2254,94.2
00935,60.95
2353,31.75
2347,94.7
6016,23.6
00947,40.32
2421,163.5
009820,10.56
00407A,10.04
6603,29.85
8086,112.5
1617,24.85
00933B,14.89
00411A,10.64
1609,38.35
00713,62.65
6708,56.8
1569,63.5
2889,16.15
9904,24.75
00663L,112.55
00662,125.1
2413,52.3
2855,55.0
4967,273.0
5388,70.9
2542,38.35
3374,451.0
00982A,23.04
006208,256.5
3413,291.0
1409,24.45
7828,1885.0
00888,36.19
3265,183.0
6613,279.0
6168,45.95
6265,49.65
2367,43.1
2493,197.0
5864,37.85
6903,318.0
8182,43.9
6174,50.0
2634,64.1
009829,10.73
3219,131.5
4577,92.0
6269,64.6
4739,86.4
3019,136.0
8112,82.8
00715L,65.45
2385,105.5
2241,45.45
3376,175.0
6919,80.3
8016,286.5
4977,169.0
6547,62.0
2474,207.0
2637,95.4
3580,108.5
00772B,30.96
1708,53.3
7728,674.0
00725B,32.68
6435,256.0
4908,206.5
3013,86.0
6443,28.0
5234,303.5
2033,46.55
2032,19.75
00708L,71.65
6405,45.1
4576,233.0
00953B,9.51
3023,307.0
6664,369.5
6214,189.5
1718,10.55
2610,20.15
6179,36.4
3504,79.5
1476,274.0
5876,48.85
3543,51.5
8105,15.6
2338,47.5
6432,64.8
2312,30.85
1312,14.65
6409,892.0
00673R,10.8
4960,24.3
2605,35.25
3228,183.5
6122,62.2
6438,166.5
6667,264.0
6190,71.2
6282,43.35
4979,562.0
6166,131.0
6244,24.0
4542,325.5
7792,420.0
00670L,212.5
7777,38.4
3114,38.05
8084,24.2
6937,306.5
6227,135.0
00961,13.22
3294,33.2
5285,92.5
2458,137.0
8050,63.2
3045,120.5
3317,65.4
8271,201.0
6715,437.0
6962,33.1
2851,46.2
6284,77.3
6781,1020.0
4174,43.1
8289,49.0
3141,84.9
6548,73.0
6224,81.6
4903,41.65
6829,205.0
2420,57.7
2485,40.6
4915,63.4
00997A,11.77
0055,48.14
6739,1115.0
6925,74.3
3663,65.1
1504,69.1
6949,49.5
1402,28.1
00996A,14.54
7751,1590.0
1711,40.1
1714,16.25
00675L,341.0
00951,18.86
4989,61.2
1795,177.5
6226,45.05
3691,115.5
3718,64.9
4541,60.4
2402,57.3
3551,190.0
2332,20.3
4540,61.9
6719,188.5
009821,13.21
6668,47.0
1773,169.0
8215,29.6
00719B,31.04
2369,31.8
5292,235.0
2025,14.15
2359,128.0
00984D,9.72
6153,17.9
6138,279.5
00904,43.54
6108,25.8
1528,25.2
7827,166.0
5904,69.0
3380,31.4
3025,58.1
00939,23.82
9105,8.45
3290,50.4
3596,152.5
6416,118.0
2329,44.35
00735,107.95
7712,168.5
5386,288.0
7749,398.0
6742,55.7
3467,71.3
4927,43.9
9921,91.7
1313,12.35
00637L,18.29
1102,35.75
6023,84.4
3031,31.1
2401,26.65
7714,171.0
3550,26.1
00696B,26.7
00954,20.09
00738U,48.1
00646,77.2
2006,85.8
4923,64.1
6176,91.4
3588,59.2
8201,17.55
3060,28.75
3169,119.0
00635U,42.85
6221,30.9
6945,146.0
2439,76.6
7750,1900.0
8131,62.1
2897,10.8
9933,41.7
6491,411.0
2465,90.6
4545,39.45
3029,118.5
3416,164.0
8431,65.7
3515,214.0
2352,29.3
00688L,5.65
9945,29.2
2915,57.9
3048,52.1
6423,94.4
1477,191.0
2845,13.05
6218,62.3
3388,84.6
00865B,49.06
4721,80.7
8422,25.65
8926,58.7
00998A,16.65
2374,66.6
3535,91.0
6617,138.0
00993A,13.81
1319,77.8
3005,117.5
00401A,14.16
3066,29.3
9958,92.4
6121,377.0
3147,241.5
2328,47.55
3227,185.0
2645,174.5
6191,83.9
00657,80.8
8936,53.0
6695,56.2
009826,10.02
6141,51.4
6525,135.5
4966,570.0
3587,239.0
9927,64.0
00940,13.09
6015,17.45
2201,29.3
3229,58.0
2105,30.6
6983,363.0
3022,92.9
6902,159.0
00722B,32.9
9939,124.0
2606,73.5
6231,237.5
2393,64.3
4912,102.0
6588,109.5
3402,136.5
6901,17.25
6788,348.5
009824,10.67
2009,39.2
1514,101.5
4743,46.9
009813,11.54
6584,540.0
5009,32.95
00404A,9.82
6205,70.5
6499,80.3
3537,55.4
3033,42.35
00955,15.84
7768,297.5
2476,122.0
4973,137.0
2444,15.25
00962,15.1
00915,32.81
1608,35.95
00950B,13.08
00893,45.75
00894,49.79
2231,93.0
5288,190.0
5340,80.5
3545,52.2
00909,47.88
1722,41.2
8932,93.1
5432,164.5
4904,103.0
009803,21.63
6877,138.5
3021,28.6
00924,33.91
5471,52.9
6237,37.05
2468,45.2
2753,182.0
6716,116.0
6204,106.5
00913,52.65
1229,40.05
00896,27.74
6412,75.1
00931B,12.4
5465,33.5
00981B,8.96
3059,38.3
2355,41.45
5498,51.0
6670,270.5
8438,80.8
4976,36.15
6148,38.05
3704,40.25
2031,46.4
3526,271.0
00952,18.46
9914,68.0
2069,26.15
00999A,11.24
5243,91.0
8121,32.15
1721,25.9
00980A,25.32
3049,12.45
3709,66.1
2208,19.05
3138,99.1
6782,238.0
2236,107.5
00773B,33.15
6509,48.65
2405,15.55
00984A,15.63
6104,91.5
2014,17.1
1440,13.35
6579,158.5
6150,64.8
00877,35.1
2023,13.9
3289,140.5
00911,57.1
2883B,8.61
3437,22.4
2104,11.1
8070,50.1
8088,44.05
5469,73.6
1210,51.8
7631,147.5
8081,253.5
2103,27.85
8255,148.5
3088,134.0
3591,27.7
3570,166.5
3305,105.5
7744,526.0
8383,68.0
00985B,10.07
2548,91.9
00887,15.14
4147,63.0
7730,183.5
2820,16.7
4707,29.6
2392,41.5
4303,33.6
3041,24.8
6234,39.65
6841,57.5
6725,220.0
6811,241.0
00757,144.3
009802,19.86
009823,10.47
00923,41.47
5392,39.85
2211,79.3
1503,197.0
6245,87.8
00988B,19.05
3339,45.95
00948B,8.74
00858,36.19
00941,26.13
00633L,44.11
3062,22.4
6862,142.0
6840,97.6
6994,28.4
3135,158.0
2072,133.5
8464,367.0
6799,92.4
00994A,17.16
00945B,14.19
1710,16.8
6869,71.8
5474,164.5
2646,20.1
00740B,35.72
2010,22.7
8162,66.9
1434,17.95
00892,42.96
5228,42.2
6753,132.5
2349,10.4
5013,42.6
8454,240.5
3092,24.1
00959B,8.72
2850,159.5
2527,49.2
00987B,15.17
3479,136.5
1810,24.1
2614,19.2
2419,29.1
9941,77.6
00900,19.24
00981T,11.59
2434,63.7
00984B,15.09
3312,52.1
2495,38.9
4729,20.4
6118,16.45
00995A,17.76
00942B,13.1
00912,36.0
5209,171.5
6477,34.95
5220,23.35
009815,12.05
7812,64.0
00882,14.91
5291,61.5
1310,9.07
00642U,31.04
00770,65.75
6885,31.2
4563,53.2
7703,204.0
00733,72.15
5608,16.8
7810,237.5
3528,86.0
00949,22.01
00746B,33.15
00876,91.7
6854,92.5
6225,66.9
6125,49.65
5464,87.2
00857B,21.18
3338,67.5
00853B,25.43
3577,116.0
6658,181.5
5284,298.5
8091,215.0
2207,512.0
00934,29.95
6261,79.0
8234,63.2
3594,48.65
7547,64.8
3004,120.5
00987D,9.44
00983B,14.36
6243,40.4
1612,35.2
2258,32.0
6743,32.6
00897,14.18
1304,12.4
2617,31.1
00987A,17.22
8390,90.5
6206,139.5
00930,23.74
5299,103.0
1707,85.4
00768B,45.62
6156,21.85
6026,15.8
00697B,33.88
4583,424.0
4951,91.3
2101,29.85
00964,14.75
2233,166.0
3689,110.5
00782B,28.15
00969B,7.34
1723,80.3
6180,41.75
009800,13.53
1336,17.85
00885,17.93
00910,56.9
8114,177.0
8436,105.0
4746,49.0
2905,18.0
4105,78.5
2457,22.05
1104,26.6
00764B,25.42
1307,31.4
4949,76.1
6215,97.0
6605,137.0
9910,68.4
1215,105.0
2836,12.1
7765,236.0
7740,104.5
6233,23.35
009805,14.86
6188,62.0
00859B,40.77
3010,125.0
1905,12.95
00905,27.6
1316,10.65
6592,57.0
3213,124.0
3015,55.2
6112,47.65
6870,322.0
1472,88.8
009801,11.72
6690,175.5
00917,22.27
2633,25.65
4178,18.35
7772,178.0
00753L,8.61
00693U,23.5
00963,12.44
3230,42.1
6947,68.4
2838,20.45
6165,50.2
6761,164.0
1904,24.35
4532,24.75
3552,45.0
6292,67.4
7855,41.4
5230,23.15
00861,89.2
00410A,12.39
4127,46.5
5222,105.5
00678,43.8
00990B,9.82
00981D,10.09
4952,49.95
6146,181.0
6922,219.0
6756,99.6
00907,17.54
6275,47.85
00946,15.45
2630,46.9
3686,15.9
6270,30.8
2515,11.85
6589,53.1
00864B,46.29
1536,46.65
4953,118.0
2727,234.0
1515,29.25
6651,147.0
1309,13.7
3287,41.75
00852L,32.38
3630,27.05
3209,45.65
00676R,5.24
3028,62.7
4123,31.1
7825,84.4
3032,79.0
5263,91.0
4755,116.5
3050,11.8
2641,17.3
4580,80.7
3078,45.5
6189,50.0
3708,97.9
3694,51.4
8473,39.2
7402,100.5
3430,111.5
3485,209.0
6259,31.15
2537,11.1
00850,95.8
6024,60.0
3623,30.55
6163,41.45
00669R,5.44
2029,22.2
6642,82.0
2887I,9.52
009827,10.33
3508,26.5
4128,15.4
2636,70.6
6679,208.0
6177,46.7
5321,68.0
6152,15.1
8163,30.35
4924,16.45
2107,26.8
00980B,8.78
009819,9.67
00692,96.55
1342,100.5
3483,78.2
9802,64.8
2365,28.05
1712,39.7
1537,114.0
1308,14.15
2723,76.6
6171,27.3
1909,10.2
5306,87.9
1736,127.5
1232,153.5
5607,51.8
5534,73.3
6535,81.2
3178,69.8
6419,154.5
6192,109.0
5287,137.0
5521,10.55
4510,43.7
6279,111.5
2362,46.85
2425,37.55
4905,84.1
5515,51.9
6469,64.3
00875,57.75
1907,28.05
2546,105.0
6908,27.4
00968B,8.6
00664R,1.54
0053,253.3
2887H,43.0
6712,161.5
6208,77.4
2816,39.8
2520,36.65
3548,76.8
6585,103.0
2607,53.6
1582,71.1
4164,27.15
3617,242.0
1558,110.0
6890,148.0
2491,40.7
8415,35.4
3054,58.6
9917,105.5
4590,88.2
9925,39.5
00970B,8.65
4585,290.5
3346,24.0
8213,33.9
00706L,19.08
3356,65.8
2206,62.2
2038,12.9
2501,21.15
3556,58.6
2539,34.05
6698,32.5
00989B,9.85
00681R,23.13
2535,88.9
6894,362.5
2852,27.65
3257,50.2
3297,31.95
8071,22.1
6235,39.15
2331,19.15
6117,61.7
6546,59.6
2497,44.0
00665L,8.81
5258,41.75
00991B,14.24
00661,88.5
1568,32.25
6684,50.7
4909,36.05
4536,160.5
5426,28.35
5508,53.8
2543,38.45
1618,38.9
6541,30.65
3003,60.0
4934,14.6
6875,30.95
2480,160.0
4142,18.1
5227,31.0
2417,38.9
2460,30.1
4716,16.7
8349,40.1
009804,23.91
00724B,31.43
6597,62.0
5457,24.1
8104,31.6
1305,12.15
4560,29.65
1442,26.8
3217,130.0
4736,130.0
3564,50.6
00655L,30.73
3323,29.7
2108,28.45
7805,491.0
3024,14.15
2243,52.5
4534,30.55
3051,23.0
3631,40.85
2429,30.85
2504,30.7
1584,18.65
8374,77.4
1227,28.0
4167,19.65
6142,9.21
8476,20.05
00645,58.3
8074,51.7
2536,19.15
00980D,19.42
4766,341.0
1231,79.6
1444,6.99
6494,52.7
6803,266.5
009817,8.69
00895,51.9
4533,25.4
3176,37.2
6895,146.5
8038,34.05
6474,35.7
7786,118.0
2881A,61.5
6550,17.5
00938,26.52
8047,50.9
8097,48.8
8478,140.5
009812,13.06
4306,14.6
4714,11.95
3444,80.9
8083,156.5
00898,12.05
1268,177.0
5381,23.35
1201,11.55
2731,144.0
6143,81.0
4114,29.5
6967,71.1
00985D,9.43
1565,96.4
1563,75.0
4169,150.0
00652,31.06
2348,70.3
1623,198.0
3489,23.95
1529,15.75
6486,81.4
009825,9.62
2028,17.1
6735,66.5
5522,60.8
3152,231.0
5211,21.1
00701,40.92
3207,39.6
5452,27.1
00690,82.2
3093,44.35
4441,170.5
009811,13.57
9938,38.1
2612,61.3
00640L,109.7
00986A,14.87
1447,6.57
2461,17.6
3002,19.5
00786B,30.47
00842B,28.02
00761B,31.7
00966B,12.93
4188,14.25
6732,152.5
3047,14.6
4942,31.45
3712,20.45
6873,67.8
6517,63.4
8341,74.3
4416,13.4
7689,158.5
00714,20.36
00639,15.12
2762,79.0
4162,55.5
5236,136.5
7780,16.2
9907,15.0
6757,53.6
6411,78.3
00989A,17.88
1591,42.0
3218,134.0
3038,20.7
2547,9.79
00982T,15.5
2913,11.05
1586,17.9
00972,21.48
2752,175.5
5484,39.35
1532,22.3
6913,127.5
00653L,40.41
6821,41.85
5202,14.15
2459,64.7
1615,42.55
5511,69.2
6909,42.35
8942,40.05
8076,21.65
6186,29.1
2887G,44.35
00408A,10.47
2540,48.35
3040,33.7
00756B,28.76
3484,46.9
2903,22.0
2204,52.1
5490,25.55
00983D,9.56
2364,64.9
8068,17.95
00710B,18.52
1459,16.9
00960,22.31
2511,8.29
1603,30.6
4771,214.0
9911,81.4
3685,34.85
2427,23.35
6654,213.0
6021,41.45
1103,13.15
00928,33.49
8045,54.0
1808,31.65
3372,16.45
6863,95.7
4555,41.6
8249,39.45
00967B,8.47
3527,51.9
7556,264.0
00752,22.29
4195,15.4
6136,25.15
3303,48.7
00799B,27.33
6741,55.6
3669,33.1
8284,67.5
6111,38.5
6230,110.0
006201,46.47
2597,167.0
3056,13.75
3438,61.7
2832,56.6
1737,30.0
009822,9.3
1760,54.4
4726,23.55
9934,9.84
6838,25.5
4720,19.1
5493,90.6
8462,159.5
00668,59.6
6914,119.0
00983A,13.31
8404,13.3
6568,141.5
3625,10.95
7821,35.7
1786,43.35
4571,154.0
4564,16.2
4543,29.55
1416,11.5
3158,84.6
00870B,25.99
4157,8.8
3360,15.35
5245,20.8
1338,15.3
1611,11.45
4119,55.3
1451,16.95
3530,59.0
7722,259.5
6689,64.8
2453,53.5
5016,25.65
3046,53.4
00671R,2.33
8044,24.1
6115,44.0
6612,74.2
8099,60.0
8222,35.6
9902,13.05
6126,30.85
2707,176.0
2007,6.91
006205,39.37
6872,23.3
00916,26.9
00723B,28.15
6140,20.1
3321,18.25
0051,149.1
6134,29.05
1780,25.3
2070,62.3
6113,23.2
2250,56.3
6170,48.9
5315,18.85
6101,37.55
6596,96.9
6558,25.25
8935,19.6
6277,77.0
6928,46.0
5468,25.55
2106,16.6
4974,71.4
5548,20.0
00943,21.07
2611,14.4
8277,15.35
6965,62.5
00921,23.43
3703,19.65
00726B,30.97
5251,30.05
1616,18.45
4562,30.7
3622,45.95
9940,20.05
1733,29.8
1455,9.84
00762,121.7
009814,11.41
5530,48.85
1789,18.85
2423,71.3
6771,42.7
2397,62.7
00711B,14.65
2477,23.1
7704,61.0
3071,23.0
7736,68.6
00781B,25.59
2442,14.3
5210,30.6
4137,77.4
6794,71.8
00695B,33.63
3332,65.0
6953,243.5
4572,139.0
1784,60.0
9930,60.0
7709,86.6
1527,32.75
3546,73.0
3628,72.3
5609,78.1
6657,32.3
4561,42.45
00986B,9.14
00717,14.5
1225,24.3
5272,17.75
2247,225.5
3716,34.1
6969,30.55
1234,32.8
2471,51.8
6577,79.7
00650L,15.9
3558,124.5
7794,30.0
8048,50.9
6785,95.9
3567,25.8
020025,40.41
6129,14.85
1713,42.2
00641R,3.63
2387,36.45
00730,29.9
2530,19.9
3052,10.4
6164,12.55
1522,26.65
1506,9.48
6229,24.25
6591,43.2
5531,6.89
1604,23.35
3419,11.9
2613,22.15
4155,14.75
6263,157.5
6763,41.35
9955,23.05
2230,21.65
6203,59.9
3322,11.45
9962,10.35
00643,17.12
009818,21.36
1702,32.9
3224,31.3
6768,62.5
4417,49.55
6918,74.3
6272,25.2
5519,25.1
1218,14.55
4104,72.4
5410,32.9
3349,19.45
7823,79.7
6790,37.6
8049,24.5
00936,21.52
00958B,8.6
3609,22.7
9928,18.0
00932,17.52
00957B,12.4
2488,49.05
2538,8.8
00636,26.37
5529,26.25
1417,8.08
2745,84.8
2887E,48.45
4549,96.3
6248,17.25
1436,35.4
1533,30.55
4503,24.0
8072,27.9
6498,66.8
6968,41.45
4107,110.0
4173,17.35
6881,214.5
1788,128.0
3501,37.6
3130,209.0
7757,89.5
2390,10.25
2516,15.25
6418,34.6
3540,23.0
2908,22.1
7721,61.8
5014,10.1
6561,308.0
1439,28.95
006203,202.55
3268,21.7
3390,22.4
4557,50.2
2415,27.3
2608,28.6
5512,7.67
2438,19.8
1464,9.97
5203,58.4
5905,7.38
2545,34.2
4109,10.95
00702,23.07
1799,28.7
1587,23.9
1734,31.85
4523,23.85
6570,47.6
9935,18.25
3259,11.7
1720,56.0
1219,11.4
1217,9.94
3607,13.9
6576,79.2
4807,29.15
5225,55.3
00660,45.6
1466,14.7
3679,108.5
3057,16.3
1410,24.35
009810,21.38
1598,20.5
4168,22.1
5215,37.8
8403,18.85
8499,263.0
1419,65.6
6609,40.1
2015,64.0
6722,32.0
3188,23.25
9946,17.0
9919,13.7
3705,56.2
6161,50.5
5015,21.95
4737,55.8
5011,18.6
3285,41.8
1731,20.85
3555,166.0
9924,38.2
00862B,29.04
4933,54.8
1264,245.0
2705,15.25
9941A,48.8
5478,97.5
5353,28.65
8011,16.0
2414,52.9
6574,118.5
3434,31.5
2062,18.1
5538,36.2
3058,8.19
3379,27.45
5244,35.8
7738,155.0
2102,16.6
2505,17.0
8085,14.3
6465,41.5
4161,21.7
2704,45.3
3027,18.75
6523,89.1
1777,73.9
00956,13.38
2739,36.5
2534,16.8
6581,109.0
3086,27.2
1457,14.4
4113,15.4
1531,11.6
4568,38.95
9103,4.96
3687,60.5
8440,20.15
1449,12.4
00982D,9.3
8938,52.3
1524,25.95
2002A,37.5
3150,15.8
6988,11.4
4163,136.0
2314,11.3
4513,16.2
1725,33.65
00902,12.48
6266,24.95
6441,24.9
020000,33.19
1806,7.95
6986,44.1
6924,132.0
00971,17.9
2065,35.8
6931,38.95
00727B,38.88
1580,97.1
2017,9.03
7791,55.1
6804,18.35
2496,55.0
1742,17.45
1593,31.95
5488,11.95
5489,42.45
5438,17.35
3306,47.6
6103,38.0
9951,46.9
6796,53.4
4430,17.8
3011,10.1
5533,13.8
4741,41.35
7811,73.5
6283,19.25
3492,19.05
3447,27.8
5312,89.8
5278,23.75
2509,14.1
009808,31.96
3171,58.5
2748,38.8
6674,18.3
1735,20.4
00926,26.65
9942,114.5
7642,68.5
4438,57.0
1762,34.0
7715,28.3
00689R,24.23
00867B,28.19
1256,168.0
6906,83.9
3466,23.8
1474,10.05
4588,55.2
6552,25.15
9944,17.1
7820,108.0
1468,13.45
4744,29.0
00780B,35.28
7835,19.8
2640,157.5
6982,45.0
3308,22.45
8489,22.3
6240,26.0
00709,38.99
00763U,34.6
4554,28.25
6573,16.35
6417,102.5
2947,60.5
6923,75.3
7839,43.0
6791,100.0
7818,59.9
1339,42.55
3284,19.65
3520,17.2
00731,97.2
8171,20.75
4166,24.1
2013,41.3
5344,13.75
00737,41.22
6961,47.7
00944,21.91
4148,31.6
6874,70.5
6516,56.1
5403,93.0
00647L,138.25
6492,34.25
6534,91.3
00755B,30.23
4935,34.0
8354,17.0
1432,15.05
2528,19.35
5450,14.9
1108,11.1
8927,18.95
00903,22.1
2373,53.0
5706,44.0
2115,23.9
6461,23.75
4711,16.2
1325,25.9
2881C,51.8
2109,14.35
8931,42.85
1730,51.2
1337,4.47
8937,25.3
6220,25.05
1517,10.4
8410,27.65
7770,41.4
6697,41.1
4994,81.9
9136,9.1
2431,10.1
5212,48.3
5460,17.25
8367,40.25
6158,17.1
1471,9.46
3276,13.9
1295,46.85
4304,17.85
1473,19.25
1540,19.25
00779B,25.64
1109,13.35
6527,75.0
6865,28.1
4133,20.4
3432,14.9
8411,11.75
4702,9.3
009809,18.54
00686R,0.94
6625,73.7
3272,13.7
6649,36.5
00908,14.53
8032,36.05
6598,27.0
7753,35.9
2722,21.3
5523,30.2
4747,23.45
8487,70.2
3465,30.0
6776,52.5
6151,34.6
2067,5.04
3557,22.9
00674R,29.4
6856,41.05
8916,41.0
3652,34.15
2911,6.02
6281,51.0
4102,18.5
8481,40.6
2916,40.5
3043,20.25
2433,40.35
4111,28.7
2440,14.3
1781,9.99
5487,28.5
1460,6.23
9960,39.8
8924,49.6
3296,28.25
5525,21.9
8437,10.35
3541,24.55
7760,32.55
3288,21.35
2732,62.8
8429,5.88
2237,26.75
2643,62.4
3205,46.8
5302,9.85
5213,20.7
6823,61.9
1465,11.6
3325,11.6
1783,36.9
3226,61.0
6210,17.9
3664,8.86
2022,7.32
6167,10.3
4440,17.45
8467,87.1
6431,17.4
9908,28.95
1452,10.8
8930,28.7
2450,28.3
8446,84.8
6996,169.5
6496,23.95
5546,13.8
8087,23.2
8034,20.25
1321,32.35
1446,13.45
2718,40.3
8908,40.1
2945,39.95
4108,11.4
2506,8.39
6807,31.8
8401,22.65
00778B,31.61
2012,14.3
8279,78.5
3511,19.6
4126,78.1
2066,52.0
8089,19.45
1539,15.5
2729,154.5
6680,51.5
3666,25.25
1467,7.95
6733,25.0
4995,49.85
7713,74.3
2948,36.9
8176,9.75
00648R,3.94
1110,14.55
5601,28.9
1903,47.8
4999,17.8
2642,20.3
3128,20.25
1414,17.5
6216,19.7
4907,45.95
3310,68.8
00700,16.77
2616,13.25
2482,16.4
5907,4.85
1324,9.96
2939,21.5
6470,42.65
9905,21.3
2756,62.5
4190,25.0
6835,31.25
6160,13.85
1516,13.7
6020,20.55
4414,8.15
4106,24.2
8107,12.05
2882A,60.2
4139,40.0
2719,19.95
6859,119.5
4558,16.95
5201,29.6
1906,10.75
3521,11.8
3313,10.65
7814,28.5
00849B,37.22
2702,12.3
00980T,12.12
9937,54.2
4433,18.05
6637,53.6
9943,50.5
6703,100.0
3710,8.32
6154,14.15
2755,98.9
4946,98.5
7842,98.2
8093,24.35
4401,13.85
2901,24.15
6241,16.0
6752,95.5
2063,23.75
6592B,94.6
1752,31.45
5603,13.4
1614,31.15
6916,18.6
7708,92.1
1535,45.9
6482,22.9
3083,22.75
6183,91.0
6616,8.27
6194,30.3
2227,45.0
8442,44.7
1526,14.8
1796,29.3
4538,17.45
5481,21.8
6123,43.1
3168,42.8
9918,42.75
2380,17.05
6219,12.1
4129,83.2
4426,7.55
3164,16.55
5543,27.3
5701,4.08
6542,40.25
5547,20.05
4116,40.0
6910,26.6
4930,15.9
8488,9.82
6843,39.05
1732,26.0
4584,38.95
2024,12.95
1236,25.65
2239,19.05
6624,38.05
4754,37.65
8024,12.55
6887,37.6
6606,25.0
8466,15.0
00920,24.8
4943,6.7
00741B,36.72
4735,36.1
2701,10.3
2836A,23.95
912000,2.47
2596,35.5
8472,70.0
2524,34.7
8905,34.7
00986D,13.87
1315,68.9
4706,34.3
5206,22.7
5704,22.65
1259,67.9
7819,33.8
1512,6.1
6615,33.35
6590,65.7
4171,16.35
4972,16.15
6730,32.2
4121,12.75
6109,10.6
8463,21.2
8092,12.6
4131,31.25
5205,20.75
5324,12.4
1541,20.65
006207,30.9
00656R,6.14
4432,15.35
6884,30.6
6556,60.7
2462,19.85
6846,59.2
5514,14.7
4207,19.35
911868,1.16
00792B,28.97
6844,57.5
8291,28.55
6662,28.5
00788B,27.97
5310,27.55
1240,54.1
1220,10.8
2751,53.6
2743,53.3
8435,53.2
5283,52.9
6958,17.5
8421,12.9
8059,17.15
6144,12.85
4175,50.8
8432,50.6
00760B,50.3
1294,50.3
4530,24.95
3522,12.45
7743,24.5
9926,48.7
9949,24.25
00901,48.07
4502,15.7
7716,23.5
0061,23.21
6666,45.95
6692,22.95
8112A,45.8
8349A,45.4
4582,22.5
00789B,44.3
8455,22.1
6751,44.15
1101B,43.4
1438,21.3
6754,41.6
3266,13.85
3499,13.7
8933,4.5
4406,10.1
6184,40.3
1445,10.05
9906,39.45
00634R,3.26
6276,19.5
2348A,38.55
2430,18.1
7803,17.95
009807,17.93
6614,35.2
3206,35.15
5276,17.4
6578,16.55
5348,16.35
6560,32.3
00785B,32.17
2726,8.04
00834B,32.0
2849,15.8
3064,15.75
5604,31.5
3118,31.3
6582,31.2
9950,10.25
1538,7.56
00787B,30.12
1805,10.0
8940,15.0
00777B,29.96
4528,14.9
7705,29.8
8066,14.8
2740,29.1
8906,28.95
3597,28.1
1413,9.22
6124,27.5
00884B,27.26
00982B,9.07
00783,27.2
2035,26.9
1530,26.65
4535,26.65
1475,26.15
2904,12.7
3646,25.05
911608,2.71
6767,23.8
00847B,23.24
1599,23.1
2736,11.35
2887Z1,22.7
00683L,22.28
00899,22.28
6958A,21.95
00654R,7.2
1323,21.45
5345,21.4
3232,21.0
3073,20.6
1626,9.75
6236,19.1
00703,18.9
2924,18.85
1776,18.35
6228,18.25
9110,3.02
8409,18.0
3191,16.75
00651R,5.35
2424,8.02
3373,16.0
2734,14.35
4402,14.15
4183,14.0
5398,13.85
6246,12.9
9912,12.9
6185,12.55
1454,12.35
4745,12.25
3672,12.05
6169,11.85
3593,11.75
9929,11.15
1453,10.9
1340,5.2
910861,4.7
5364,8.39
6264,6.06
4609,4.15
0054,28.25
0057,333.45
0058,43.71
0059,42.85
006204,240.85
006206,36.72
00625K,8.33
00636K,8.16
00638R,6.95
00643K,3.74
00649,19.12
00657K,24.84
00658L,37.0
00659R,11.21
00666R,9.33
00667,20.79
00668K,18.78
00672L,0.75
00677U,1.48
00682U,20.81
00684R,14.81
00687C,8.71
00691R,10.46
00694B,41.65
00704L,18.84
00705R,19.03
00707R,31.9
00716R,13.96
00718B,19.05
00721B,48.06
00728,70.2
00729R,20.56
00732,40.74
00734B,14.88
00736,31.63
00739,26.6
00742,22.2
00743,24.2
00744B,42.35
00745B,42.04
00747B,51.85
00748B,42.52
00749B,29.66
00750B,30.68
00754B,30.36
00758B,48.45
00759B,50.9
00765B,38.72
00766L,11.92
00767,17.4
00769B,60.3
00771,14.96
00774B,40.85
00774C,9.12
00775B,29.77
00776,20.78
00784B,39.32
00790B,53.2
00791B,56.25
00793B,29.55
00794B,39.82
00796B,41.84
00797B,41.36
00798B,42.65
008201,101.2
00831B,41.42
00832B,42.92
00833B,43.87
00835B,45.16
00836B,26.49
00837B,37.64
00838B,40.38
00839B,41.85
00840B,27.65
00841B,26.24
00843B,40.37
00844B,29.35
00845B,31.53
00846B,34.1
00848B,32.27
00851,73.15
00854B,41.86
00855B,38.6
00856B,37.01
00860B,37.74
00863B,29.41
00866,21.84
00868B,36.17
00869B,36.69
00872B,37.13
00873B,37.28
00874B,38.04
00883B,30.98
00886,49.55
00890B,30.01
00906,11.95
00925,16.1
009806,13.77
020001,28.63
020002,11.12
020003,15.89
020004,33.28
020005,19.35
020006,32.05
020007,41.23
020008,13.31
020009,26.67
020010,13.56
020011,16.4
020012,24.05
020013,14.84
020014,6.3
020015,18.69
020016,28.32
020018,24.94
020019,21.59
02001B,8.75
020020,30.3
020021,4.42
020022,7.62
020023,7.2
020024,5.94
020026,6.37
020027,10.65
02002L,7.38
02003L,4.34
1203,43.7
1213,7.47
1233,28.1
1235,33.15
1258,26.85
1262,34.9
1312A,23.05
1333,1.44
1341,59.9
1418,18.35
1423,36.0
1435,22.4
1437,31.85
1441,10.0
1443,23.45
1456,14.65
1463,17.5
1470,24.15
1507,64.8
1521,25.6
1522A,51.3
1525,63.7
1566,19.65
1570,33.2
1583,46.8
1589,5.54
1592,2.57
1701,21.15
1724,15.6
1726,76.5
1787,26.15
1813,11.3
1817,39.85
1902,20.65
2008,31.1
2064,11.9
2073,25.2
2114,89.9
2228,74.8
2235,28.0
2248,61.3
2321,24.3
2323,11.0
2358,4.56
2432,27.65
2443,3.57
2448,41.4
2456,94.6
2499,4.12
2514,11.7
2601,5.91
2706,12.2
2712,13.55
2724,13.1
2754,68.0
2809,56.6
2823,30.55
2838A,52.0
2841,2.68
2867,9.7
2881B,60.7
2882B,58.8
2887F,45.55
2888,11.8
2888A,36.5
2888B,36.8
2891B,61.9
2891C,60.5
2897B,11.85
2906,13.4
2910,23.6
2923,25.45
2926,30.2
2928,31.85
2929,5.83
2936,40.35
2937,44.7
2938,18.6
2941,31.0
2949,68.9
3018,12.0
3036A,52.0
3067,16.9
3085,12.1
3089,81.0
3095,33.5
3115,8.5
3122,24.2
3144,38.2
3202,3.96
3252,15.3
3383,1.7
3426,47.8
3452,1.47
3454,99.4
3494,7.1
3512,19.2
3516,25.4
3523,15.0
3531,20.9
3536,2.92
3562,14.8
3611,183.0
3629,17.3
3632,7.15
3642,3.87
3682,7.47
3684,52.9
3698,22.25
3713,13.9
4120,45.9
4130,26.7
4138,54.3
4141,26.1
4144,26.9
4152,99.6
4153,31.45
4154,12.5
4160,39.1
4180,70.9
4192,18.65
4198,49.5
4205,68.5
4305,41.75
4413,20.3
4419,50.2
4420,36.05
4429,40.8
4439,98.4
4442,54.1
4506,118.0
4527,40.9
4529,3.33
4550,24.45
4552,15.8
4569,157.5
4581,48.2
4712,2.85
4725,17.9
4728,399.0
4767,28.2
4803,3.6
4804,3.27
4806,10.4
4911,28.2
4944,11.6
4945,76.1
4947,228.5
4950,15.65
4987,81.6
5007,56.4
5102,24.65
5223,23.1
5259,7.86
5264,87.1
5281,15.8
5301,4.99
5304,3.32
5305,42.3
5349,25.4
5355,7.05
5356,25.7
5371,83.5
5383,41.5
5455,30.7
5516,12.0
5520,83.2
5703,13.35
5820,11.7
5871A,100.0
5878,37.85
5902,34.5
5903,186.0
5906,41.0
6028,99.0
6114,23.45
6128,19.2
6130,23.75
6131,5.18
6172,20.1
6195,28.25
6198,20.05
6201,44.6
6212,33.65
6222,19.3
6238,179.5
6242,34.05
6247,15.45
6251,20.3
6287,8.89
6288,20.95
6289,1.35
6294,28.25
6404,4.64
6452,56.6
6457,62.1
6464,76.8
6497,5.66
6504,36.95
6506,18.6
6508,26.95
6512,20.25
6514,50.8
6569,92.2
6592A,96.1
6593,32.25
6594,31.3
6629,103.5
6641,17.0
6645,12.85
6655,125.0
6661,16.2
6671,22.7
6720,127.5
6721,50.0
6728,109.0
6747,199.0
6762,158.0
6792,59.6
6806,3.51
6855,116.0
6899,49.8
6904,123.0
6921,68.0
6929,21.8
6934,75.3
6936,32.0
6950,32.4
6951,69.2
6952,38.8
6955,96.0
6971,23.5
6997,67.0
7584,28.7
7718,45.8
7723,18.4
7732,33.5
7747,111.5
7767,46.3
7782,25.25
8067,12.35
8077,42.15
8080,27.8
8101,11.05
8102,59.9
8183,28.2
8272,64.5
8287,0.73
8342,83.5
8406,278.5
8416,169.0
8418,8.95
8420,40.6
8423,18.2
8424,70.7
8426,20.65
8427,74.9
8433,52.8
8443,11.15
8444,4.5
8450,14.3
8477,14.1
8480,84.6
8482,49.2
8497,65.5
8913,13.3
8917,53.7
8921,16.8
8923,18.0
8928,22.95
8929,13.2
8934,36.1
8941,43.8
910322,23.45
910482,0.25
911616,0.48
911619,0.11
911622,3.6
912398,5.15
9157,0.86
9188,3.47
9931,34.2
```

