# 收盤價 MD
# T:2026-09-18 05:17

## [CLOSE]
```csv
代號,收盤價
2330,2425.0
2303,147.5
6274,1320.0
2454,4500.0
2383,4695.0
3105,471.0
1303,236.0
2408,488.0
2344,170.0
6213,495.0
2308,1685.0
2455,534.0
3037,940.0
6147,209.5
3443,6500.0
8358,478.5
2368,950.0
3189,805.0
3008,6020.0
4958,476.0
2327,529.0
3081,2720.0
2409,30.0
2481,163.0
3406,965.0
6669,2135.0
3026,760.0
3661,3295.0
3441,192.5
3017,3185.0
6488,912.0
3324,1385.0
8046,1065.0
3450,525.0
6770,71.2
6173,303.5
2345,1800.0
00918,36.25
3481,48.5
00631L,36.41
2313,218.5
6182,110.5
2317,250.5
3711,614.0
2492,297.0
3665,2010.0
7769,6135.0
2426,96.0
1815,112.0
3605,140.0
3231,186.5
8039,257.0
3374,429.0
2382,344.0
00981A,28.13
2489,43.2
2059,12295.0
3264,244.5
8299,1970.0
0050,108.05
5347,165.5
3653,5355.0
8021,450.0
00406A,9.31
6257,222.5
3532,441.5
6223,5500.0
2449,265.0
3036,204.0
3167,817.0
6239,274.5
6683,1575.0
2337,116.5
5483,182.0
6442,1510.0
6505,86.2
5274,18275.0
2357,948.0
00685L,11.98
3006,278.5
3491,1485.0
6672,293.5
00919,32.11
2338,48.8
3529,2710.0
2301,278.0
6531,920.0
2887,44.05
3016,115.5
3363,655.0
6515,6120.0
2891,71.2
6446,1195.0
6291,517.0
3624,118.0
2360,2085.0
4908,238.0
2609,62.0
1560,815.0
6715,394.0
6805,2090.0
3044,502.0
2615,120.5
2882,112.0
2884,47.3
2412,145.0
2379,715.0
8028,244.0
3042,178.5
6510,3200.0
2881,151.5
2603,242.5
3693,697.0
2395,686.0
7717,579.0
6451,419.0
6706,145.0
2883,39.65
00403A,10.01
4971,555.0
8996,1300.0
2376,355.0
2354,66.3
2801,29.6
4991,431.0
1301,64.6
2890,45.95
1326,68.6
2885,69.0
1709,42.95
1727,105.0
3293,725.0
7610,1770.0
1590,1245.0
0056,56.3
6187,1210.0
2464,179.5
6139,696.0
3260,395.0
6218,56.0
1802,58.5
8103,132.0
5425,92.6
00632R,9.84
8150,86.7
5475,171.5
3702,111.0
3533,1555.0
7799,502.0
5269,1480.0
3034,545.0
009816,16.04
6290,266.0
2834,18.75
1314,8.96
2892,40.75
2886,51.9
5289,1260.0
7734,2580.0
00712,8.02
3714,65.5
00991A,16.96
6168,35.35
3680,527.0
3455,246.0
4977,173.0
3163,652.0
7795,483.0
2221,116.0
6933,345.5
6226,43.85
6271,225.0
2324,37.4
5904,72.6
2377,153.0
2413,53.1
00878,34.73
2371,29.7
2351,238.0
2399,49.0
8111,73.5
6207,113.5
2049,336.0
6285,226.5
3211,360.5
8227,258.0
6588,118.5
009828,9.18
5351,106.0
2493,206.5
5314,27.75
6830,512.0
3675,284.0
00929,28.56
8064,130.0
3045,124.0
00937B,14.21
8069,145.5
4904,106.5
8210,891.0
6727,470.5
0052,62.7
3131,2395.0
2486,229.0
4931,233.0
2880,47.9
6227,137.5
3234,177.0
4938,90.4
3498,184.5
7828,1935.0
1785,96.0
6834,101.5
1216,75.5
2618,42.05
2404,1030.0
2441,118.5
2353,32.4
00881,49.81
3035,179.0
00663L,104.8
4939,77.6
00992A,17.52
6209,78.0
6415,411.0
1101,24.45
6179,41.45
5880,27.55
2542,46.85
3094,47.0
2812,19.5
3706,80.5
00405A,8.43
2605,37.15
6530,99.7
2484,70.3
6533,251.5
2451,277.0
4979,556.0
2474,208.5
3141,94.4
3362,175.0
00927,37.6
2027,47.1
00935,56.55
3715,118.5
00891,35.41
4966,556.0
3029,116.0
6861,209.0
3090,160.0
2467,519.0
6217,162.5
4916,103.0
8027,173.0
4967,271.0
6617,143.0
2634,63.9
3707,61.9
2356,61.5
6426,363.0
1717,71.3
8271,204.0
6197,304.5
5386,283.5
2359,131.0
3149,62.0
2302,44.2
00400A,14.57
3376,175.5
1519,705.0
6196,516.0
2468,41.7
00708L,76.7
00679B,25.52
8042,110.5
3583,688.0
00673R,10.15
2305,54.3
8110,43.1
5871,112.0
6199,105.0
3005,118.0
2637,102.0
4763,47.7
6640,1120.0
6278,184.0
6414,371.5
00988A,15.97
1605,37.15
2421,162.0
8261,169.0
6133,26.05
2006,82.5
8112,82.8
4956,38.75
7711,565.0
00953B,9.58
1409,24.8
00940,12.99
8086,108.0
9904,24.8
6643,438.0
8033,168.0
2472,208.5
00830,80.45
2002,18.7
4764,203.5
8096,88.2
7788,287.0
6472,425.0
4915,63.9
00675L,317.7
6620,147.0
1504,70.9
5439,238.5
6789,433.5
5443,108.0
9945,28.95
3019,136.5
5434,530.0
5536,825.0
1528,24.1
1513,165.0
4576,231.5
5876,49.95
1102,35.3
4770,242.0
6538,353.0
00713,64.95
006208,247.4
00687B,26.54
00888,34.58
4961,181.0
6691,610.0
2889,17.3
6190,68.4
1402,28.1
6739,1080.0
6214,193.0
00982A,22.15
2316,155.5
00407A,9.35
8436,104.0
6116,13.95
4749,740.0
00922,41.96
4927,43.4
1312,14.95
3563,659.0
2610,20.35
2363,52.9
1476,284.0
6949,54.4
2606,77.0
3055,161.0
6526,629.0
3490,45.35
2388,69.7
2369,30.3
6548,72.6
6693,180.5
2385,105.5
00715L,69.0
6121,374.0
1708,51.1
1477,194.0
1718,10.9
00637L,19.25
6781,996.0
3138,104.5
6945,124.0
2478,118.0
2103,28.2
6919,82.9
8431,64.8
3265,168.0
4542,278.5
3718,64.1
5464,90.1
2436,67.6
3467,73.5
00961,13.31
3580,94.6
6782,249.0
6148,36.25
2375,117.5
00998A,17.3
2312,31.0
2855,52.5
6491,401.0
1710,16.65
6005,31.3
6206,141.5
5340,81.5
2912,217.5
4919,115.0
2367,40.65
00662,119.2
6957,274.0
2347,89.5
3229,58.6
5285,88.7
2851,47.0
3413,281.0
2352,29.0
6409,877.0
3022,88.9
6603,27.9
7750,1900.0
4989,59.9
6269,63.7
6831,525.0
3023,317.0
1714,16.05
3339,44.95
00411A,9.91
2915,58.6
00896,26.63
5469,73.0
6112,48.75
00795B,25.64
6584,551.0
00900,19.77
00892,41.43
9958,91.9
00738U,50.3
3673,63.8
8155,317.5
2428,254.5
5388,73.9
2515,12.05
6456,65.1
3066,28.3
6176,93.4
6944,686.0
00865B,48.95
1503,197.5
6416,119.0
3147,232.5
00635U,44.29
1711,39.6
2061,52.4
6668,44.8
4722,183.0
8043,130.0
6224,86.5
8422,25.85
6547,60.7
6605,136.0
4540,59.0
6023,88.0
00859B,40.69
6937,291.0
00409A,9.53
2207,532.0
2254,75.2
6449,211.5
1795,180.0
6282,42.75
6016,22.9
009826,10.0
2439,79.3
00980A,24.05
6840,101.5
2485,39.35
3227,182.5
3014,133.5
2645,172.5
00990A,14.89
00947,37.1
00757,139.4
009829,10.4
7822,850.0
00665L,8.77
2458,129.0
8926,58.8
00724B,32.46
9921,90.0
00751B,30.26
2329,42.9
8050,58.9
6829,211.5
4768,308.5
2332,19.4
2845,13.75
5328,52.3
00923,39.9
3030,264.0
00404A,9.52
6907,179.0
8932,89.1
8464,372.5
2033,30.85
2501,21.4
3515,211.0
2498,39.85
3357,200.0
8016,276.0
1773,163.0
00646,76.3
1597,138.0
8040,78.3
7751,1420.0
3021,26.3
00981B,9.13
2465,89.2
8215,27.0
1722,42.15
3031,26.65
6811,249.5
6166,112.0
00984D,9.87
9933,42.4
4739,79.7
00720B,31.79
00753L,8.74
4532,25.0
8070,50.1
1609,37.65
3504,78.7
1319,79.9
00764B,26.45
7792,313.0
4771,213.0
2633,26.05
2105,30.1
2476,119.5
6191,82.2
2342,39.6
2374,66.8
00933B,15.34
6742,51.2
9105,8.43
6664,332.0
00735,102.55
00722B,34.16
6108,24.3
4960,22.0
4906,36.1
8081,251.0
2340,32.95
7765,231.0
6525,129.0
3704,40.3
5243,88.8
3033,41.8
00995A,16.56
6138,269.0
1736,129.0
009803,20.82
00680L,6.2
6443,23.75
8454,249.0
2548,93.6
6719,181.0
3311,37.0
3088,126.0
00999A,10.96
6245,84.4
00913,49.04
2520,37.35
00939,24.41
9914,67.6
6127,48.4
009802,19.79
3135,161.5
2820,17.45
6589,51.2
0055,50.85
2201,30.6
00401A,13.95
3354,29.25
1514,101.0
9910,69.1
2393,63.2
2466,102.5
009827,10.01
4551,158.0
6141,49.5
1808,34.15
4585,300.0
00719B,31.07
3535,86.5
2348,73.9
00725B,33.88
3615,36.2
00670L,194.15
00915,33.03
1569,52.0
00642U,33.44
3617,243.5
00877,38.2
5498,50.4
6126,31.6
1313,12.3
00768B,47.5
00864B,46.25
00650L,15.96
5864,34.85
2233,157.0
3543,44.3
00994A,16.37
00633L,46.53
1229,40.35
7772,146.0
3305,101.0
009821,13.95
3663,61.0
3717,22.9
00887,15.79
6204,100.0
6146,176.0
3162,72.7
00740B,37.05
009824,10.05
4973,138.0
3437,20.35
8054,83.5
1310,9.03
6788,324.5
6689,65.5
2897,11.25
00773B,34.3
2323,10.75
6885,29.5
6712,159.0
6231,212.0
2617,33.1
00955,16.56
6716,117.0
4760,256.5
2646,20.25
8131,59.1
6265,48.7
4772,241.5
8091,213.5
3577,118.5
2838,21.8
2392,42.1
3479,130.0
3236,42.75
6435,241.0
6690,178.0
6221,28.65
7714,174.0
8383,66.2
00951,16.37
5234,294.0
00985B,10.13
3708,96.5
2328,46.35
3176,39.9
2836,12.5
00731,99.3
6532,93.9
4556,82.8
5608,16.9
3587,236.0
3444,85.4
3551,176.0
3576,16.3
6869,68.0
2030,23.5
2104,10.75
00410A,11.65
3596,154.0
3289,133.5
5284,293.5
00894,46.38
00910,57.2
8936,52.2
6613,261.0
6679,196.5
6261,75.4
00770,62.2
4912,92.7
6753,133.0
1309,14.1
3380,30.35
3592,223.5
8114,178.5
00997A,10.9
4510,44.05
2727,227.0
00945B,14.35
4147,62.5
6015,17.35
4949,73.6
4526,31.15
1215,107.0
00772B,32.11
3701,41.25
8240,50.6
00882,14.75
4766,342.0
6177,47.65
2355,41.1
5474,154.5
00965,25.37
3049,12.0
3645,68.8
9941,80.7
7825,83.9
1608,36.1
2816,40.95
00931B,12.9
9917,106.0
7744,508.0
3221,47.1
6579,152.0
2495,37.5
2453,54.6
1304,12.6
00948B,9.09
6903,297.5
4746,47.65
4707,26.8
3372,16.4
00996A,13.55
3689,108.0
8473,38.15
6462,97.6
7712,153.0
00664R,1.59
4736,132.5
9939,126.5
4105,78.6
2419,27.9
1536,46.65
00643,18.0
2406,26.6
2540,49.75
6215,98.0
00930,24.1
00692,92.9
00934,29.47
2236,117.0
00985A,22.6
00907,18.06
00904,41.19
2206,64.0
3694,50.2
00676R,5.44
3028,61.1
3219,81.7
5321,70.1
1440,13.45
4566,64.7
3032,76.1
7777,36.9
4968,91.6
009805,14.85
1434,17.85
3059,38.3
1210,52.0
00701,42.15
7749,358.0
6913,128.5
3287,38.5
4123,30.8
5522,60.7
3013,82.5
3526,265.0
4953,119.0
00962,14.9
00984A,15.28
2597,172.0
2401,24.75
1723,81.0
6188,61.9
6155,55.5
6202,54.3
4743,44.6
2640,172.0
6163,41.55
2402,54.3
00993A,12.95
1904,25.0
3550,22.75
4951,82.5
5291,58.2
00938,27.1
4541,57.5
6284,75.1
1789,19.6
3010,124.0
5209,176.0
3312,48.75
1809,37.3
2427,23.3
2034,21.05
00850,92.15
3048,50.4
6205,63.3
6870,322.0
00853B,26.31
1305,12.3
9938,38.0
2905,18.65
5288,188.5
6412,74.0
6670,273.5
5508,54.8
00875,56.65
6279,111.0
00990B,9.98
2072,129.0
00402A,9.52
2009,39.2
2331,19.0
2543,39.0
2101,30.35
00909,46.04
5471,51.1
3338,66.0
00917,23.23
6667,238.5
3388,80.6
6890,147.5
4577,83.2
4583,420.0
2480,161.5
6962,30.9
6021,45.1
00954,17.48
2630,47.0
6292,66.2
1529,14.8
5309,50.6
00885,18.47
6725,216.0
4976,35.9
6104,90.9
00949,22.13
6658,169.0
6026,15.5
5009,32.55
00924,32.82
00928,31.93
2491,40.3
3004,117.0
3209,45.35
2636,70.9
4714,11.5
2731,144.0
6469,64.0
6438,145.5
6568,139.0
5426,29.05
3062,21.2
8045,54.6
6244,22.35
00981D,10.2
6153,17.25
1563,76.2
3213,124.0
6405,41.35
2883B,8.35
3228,164.0
2612,63.4
6024,61.5
1905,13.5
3545,50.5
00963,13.01
9802,65.5
00693U,24.24
2504,30.85
6695,49.55
00942B,13.65
009820,9.82
6174,43.9
1810,23.7
2546,104.0
5607,52.9
6152,14.75
2723,79.1
2850,158.5
2753,178.5
7827,150.0
5534,74.4
6417,104.0
2434,60.0
4167,19.5
7786,120.5
8255,135.5
2069,24.2
00858,35.6
00696B,27.8
3317,55.1
6799,81.2
009804,23.0
3078,44.6
009823,10.34
3217,128.0
00988B,19.37
3060,26.65
3518,31.1
4923,55.3
00408A,10.15
2108,29.0
6175,69.1
00981T,11.75
5292,216.5
1308,14.4
6651,147.0
3623,28.4
6894,355.0
6425,62.9
00952,17.94
3152,219.5
5227,32.7
1595,64.4
00898,11.11
3290,46.75
5392,40.0
1558,110.0
7730,175.5
2365,27.9
00849B,37.35
6873,69.4
4142,17.75
6761,162.0
6757,53.4
2031,44.3
4536,165.0
4162,55.8
4174,27.75
4114,29.65
00987A,15.83
8105,14.6
3691,94.9
8415,34.8
00964,14.78
3622,45.95
8182,38.85
6411,77.7
2457,22.2
00678,42.38
5521,10.65
1909,10.3
2832,59.1
3581,96.2
2211,80.5
00862B,30.25
2362,47.3
6509,45.85
6125,48.35
6143,82.0
6785,104.0
1721,22.15
00984B,15.67
00895,49.72
00752,22.29
00733,66.45
3416,161.0
6768,62.5
00690,78.15
6485,59.4
2641,17.6
00902,12.63
00905,26.3
6140,19.85
2442,14.3
4416,11.05
3003,58.3
2364,65.0
009819,9.55
00848B,33.07
2208,19.0
2887I,9.52
009815,11.52
4903,34.2
5251,29.7
2204,52.6
2425,36.6
3402,125.5
3430,102.5
2483,32.4
7855,42.1
2014,16.55
5299,95.0
6208,73.6
00688L,6.19
1582,70.5
6419,152.0
6122,51.3
4303,34.85
6477,33.8
2471,52.3
00863B,30.4
3024,14.8
2903,22.05
00989B,9.97
4169,147.0
00847B,24.2
3218,134.5
3297,30.1
6499,74.0
00946,15.16
00884B,28.29
00697B,34.79
5263,89.7
8074,49.75
009813,11.27
6684,47.5
6535,76.2
8478,143.5
6120,12.3
6922,188.0
5202,14.0
00857B,22.31
6994,26.75
3703,19.95
3485,196.0
4569,153.0
3528,82.2
1568,30.35
1227,28.2
00912,35.28
6189,47.4
6129,14.55
00950B,13.5
9911,81.5
8289,43.05
2607,53.4
2010,21.9
6859,119.0
00968B,8.95
4721,73.1
6546,60.4
00763U,34.19
6925,56.7
4909,34.2
7703,198.5
1232,154.5
4306,14.6
3611,181.0
1907,29.45
7402,100.0
2405,14.9
2536,19.45
3002,18.6
7810,219.0
6862,130.0
5481,21.85
8438,68.8
9907,14.95
6156,20.6
6732,150.5
2349,10.4
6901,15.5
1442,30.9
00960,22.53
00983A,12.39
2539,34.4
00970B,8.98
7740,121.0
00980D,19.85
6909,41.7
3548,79.0
00636,27.18
4563,46.2
3169,101.5
6756,95.7
1444,7.01
2913,11.1
7728,632.0
1231,79.5
1515,29.3
6272,27.0
6277,78.1
6432,53.5
3628,74.0
3346,20.3
6517,63.5
2417,38.95
00959B,9.04
1580,96.7
1712,39.75
1565,96.5
1612,34.95
0057,324.1
6492,34.35
4506,119.5
1618,38.95
4755,114.0
006201,44.34
2243,49.05
8084,41.65
3570,169.5
2420,53.5
8076,21.5
00728,68.5
2527,43.75
8234,62.3
8390,92.3
00706L,19.66
6165,48.6
1713,41.8
3230,41.8
8044,24.2
6164,11.8
009811,13.23
6225,60.2
3051,21.7
6590,65.5
2023,13.7
3434,31.2
1522,25.85
6841,53.3
1307,30.6
00916,26.86
6117,60.9
2258,30.9
2247,231.0
1707,87.0
6803,267.5
2397,59.9
2241,33.7
4744,30.3
00987D,9.82
6186,30.05
2535,89.7
00985D,9.72
3631,40.15
1455,9.89
4534,27.95
00921,23.32
00782B,29.2
6596,95.9
4737,60.3
8374,77.3
3483,74.0
00936,21.25
00639,15.91
8071,21.5
4119,59.2
7722,265.5
4590,89.3
5236,132.5
6872,21.0
4157,9.06
6592,59.8
6854,89.0
8163,29.8
3056,14.05
00989A,16.98
5244,35.45
4533,24.6
1218,14.4
009800,12.91
7631,136.5
00932,17.33
1316,10.65
6541,30.8
6743,29.3
8088,41.8
5315,18.85
1591,39.4
2601,6.3
00852L,33.51
3558,123.0
00761B,32.83
7805,503.0
6561,316.5
7689,161.0
4104,72.2
00779B,26.71
9925,39.5
6902,128.5
00781B,26.54
2707,177.0
3709,63.0
00893,42.82
5871A,99.9
00941,23.96
3594,46.1
006205,39.83
00991B,14.72
8147,132.0
3294,30.0
2547,9.87
6235,38.0
3040,33.7
00980B,9.11
8121,27.25
3555,173.5
2106,16.65
3556,56.9
5258,42.65
4571,149.5
00746B,34.15
3705,56.6
3716,33.95
6498,65.8
5287,136.0
2231,90.5
1447,6.63
00982D,9.52
8341,74.5
3257,47.95
3047,13.85
1449,12.3
8162,60.1
4807,29.9
4164,25.8
5228,39.05
4128,14.65
4564,15.8
3685,35.85
6243,37.2
6192,110.5
6230,110.5
4137,77.0
6170,48.25
7709,80.1
6585,104.5
4129,82.3
2762,79.4
7780,16.25
3046,53.2
00669R,5.34
6486,81.2
2029,20.85
2537,11.4
2852,28.15
8462,161.5
8097,48.85
8109,130.5
3015,51.4
5222,103.5
009814,11.31
1321,32.5
8222,35.0
00695B,34.23
3130,208.0
4952,47.45
1342,100.5
6560,34.25
3041,22.45
1104,26.8
4441,173.0
1524,25.95
7768,262.5
2938,18.15
1584,18.2
2530,20.15
9930,61.0
00897,13.02
2461,17.55
00967B,8.79
4552,16.2
00640L,106.65
2608,28.9
5457,24.75
00674R,28.53
2614,18.1
5515,49.55
6924,132.0
6763,41.3
2887E,48.55
6263,156.5
00901,45.95
3537,52.7
00760B,51.8
6111,34.75
6441,23.45
3050,11.3
5488,12.0
6609,39.0
2387,36.35
1336,16.75
00655L,32.47
6184,39.55
4728,392.0
6863,94.5
8249,38.4
6576,83.3
6237,33.9
5452,26.7
3712,20.75
0053,241.95
3630,25.85
8048,49.0
1537,115.5
2460,29.1
1786,43.75
2596,34.7
2390,10.25
00791B,56.55
00671R,2.46
5478,97.6
1108,11.05
00987B,15.59
6275,45.15
8213,32.55
1110,15.5
2729,154.5
6574,120.0
6150,61.4
5381,23.35
2228,76.9
00647L,135.25
2380,16.5
4716,16.8
6180,40.8
006207,31.78
00756B,29.89
1617,18.45
3303,48.4
3501,38.1
00759B,52.35
8104,30.1
00983D,9.76
3564,48.2
3530,57.1
5432,145.5
00683L,21.81
6947,67.1
8404,13.6
00726B,31.82
3207,37.15
3054,57.1
4934,13.75
4924,14.25
00762,113.65
3484,45.9
00694B,41.73
6875,33.0
8937,28.55
00758B,49.98
4560,29.2
1532,22.45
00727B,39.32
1256,170.5
2444,12.2
6234,35.0
4720,18.65
6968,41.5
1623,204.0
1616,18.45
1720,56.1
6240,25.0
5519,25.25
2887Z1,23.3
3011,9.97
5511,69.7
2025,12.35
6838,24.2
6101,38.4
2613,22.3
1903,47.15
00943,20.83
2908,22.1
1465,11.55
3546,71.9
2107,26.85
6136,24.85
6629,103.5
2745,84.5
00792B,30.14
4420,36.0
1437,32.45
00789B,45.99
2414,52.6
5484,39.4
5306,89.4
6573,16.75
8038,31.9
4974,70.6
00686R,0.97
6967,66.0
3323,27.0
00723B,29.29
3093,44.15
5225,54.7
1604,23.5
3540,23.0
1410,24.25
9940,20.3
00741B,36.96
4555,42.75
1474,10.05
1466,14.95
2070,61.7
00969B,7.92
6134,28.7
3508,21.6
7721,60.5
2239,19.2
8499,251.5
1611,11.5
009818,20.08
1734,31.5
4935,31.65
6983,350.0
8183,28.0
3025,51.2
1760,54.4
00780B,36.0
8099,59.6
2064,11.95
6953,231.5
2032,16.85
4562,29.7
1201,12.1
00755B,31.41
6914,121.5
6657,34.3
6708,39.15
6161,48.9
3588,51.3
00657,75.85
2611,14.3
3679,107.5
8476,19.9
5490,25.5
4126,77.8
1217,10.0
5203,58.2
00860B,37.84
00666R,9.36
3114,30.35
2511,8.39
5410,33.2
4168,21.8
9934,9.87
2849,15.95
6642,75.6
1725,33.6
00734B,15.31
1702,32.7
2015,64.2
2102,18.1
6741,59.1
5206,21.65
2497,43.65
6776,52.0
6570,46.7
1780,25.15
1586,17.95
3178,62.8
5609,78.5
3390,21.65
6877,114.5
4442,54.6
00966B,13.41
6220,25.15
6735,60.5
00926,26.26
1464,9.94
6698,31.65
2528,19.75
1325,25.8
00846B,34.85
3092,22.15
9942,114.0
4438,56.7
00982T,14.92
00661,83.05
5278,23.85
2459,65.5
4588,55.0
8916,41.25
1268,173.0
3527,50.1
3552,41.15
8083,156.5
8942,41.35
00730,28.36
9927,69.8
4580,81.0
8931,43.6
00983B,14.97
00799B,28.3
3522,13.05
6874,68.8
3052,10.35
00778B,32.88
3669,32.55
8072,26.6
8421,13.15
00834B,32.95
2505,17.25
4106,24.4
00890B,30.96
5706,43.75
00754B,31.38
2923,24.7
00845B,32.21
3188,23.9
1236,25.55
3360,14.6
1103,13.05
5210,29.05
4127,59.6
2545,33.85
00736,31.43
00876,84.2
4163,133.0
6923,76.0
3038,20.4
1540,19.5
00777B,31.01
00750B,31.63
00710B,18.79
1436,36.7
5493,85.3
6823,59.4
00911,51.2
6790,38.0
8349,38.35
00714,21.2
00749B,30.56
8463,20.9
7738,161.0
5530,49.85
5460,17.6
6516,57.6
1603,30.25
6591,42.65
1799,28.5
8011,15.8
9905,21.3
2415,26.95
6796,50.4
6465,41.45
4166,24.45
8938,52.4
6582,31.3
6142,8.83
00851,70.2
1315,66.9
9935,18.05
1339,43.2
00840B,28.5
009808,31.24
3609,22.2
2881A,61.7
4561,40.3
8049,24.45
00717,14.59
1225,25.0
2248,60.8
9943,50.8
5468,24.6
6494,49.6
2020,21.5
3466,23.8
5903,184.0
9908,29.05
6259,28.15
6771,42.4
6625,74.4
2755,98.3
3652,33.5
6203,59.6
6895,144.0
5245,20.7
00841B,27.3
009825,9.97
6996,170.0
1419,66.2
00653L,43.02
1446,13.55
7818,60.1
6752,96.1
1264,244.5
00700,16.75
6969,32.4
2838A,51.9
3625,11.75
5230,18.7
00856B,37.43
00971,17.32
3296,25.75
6115,44.05
2524,34.1
3419,10.75
0051,143.85
3058,8.04
3438,62.4
4942,31.2
2887G,44.2
3128,20.25
1737,30.6
5213,20.45
009809,18.17
6728,107.5
2429,31.15
00775B,30.65
8924,49.9
2743,53.0
4148,32.5
5403,93.3
2534,17.05
00645,57.55
6934,75.5
00844B,30.18
7803,19.3
4933,51.3
00641R,3.68
8354,17.05
8435,53.0
1784,59.1
6270,28.6
1776,18.55
4530,24.3
6558,23.8
3284,19.85
4188,13.8
009817,9.03
4439,94.5
1234,33.35
6216,19.35
00687C,8.98
6151,34.35
7556,247.5
8446,85.1
5533,13.9
6928,46.9
6266,25.0
5512,7.71
00972,22.18
2440,14.2
00958B,8.95
9946,17.0
3489,22.2
3499,13.75
2538,8.69
8472,76.0
4726,22.6
4107,111.5
7708,92.0
5324,12.25
6233,20.4
3322,10.65
9955,23.65
00737,39.97
1471,9.35
2739,36.75
2882A,60.2
6906,81.7
3607,13.7
9919,13.95
1416,11.3
5283,53.3
6283,17.9
2704,45.95
5531,7.26
4549,95.1
00651R,5.33
4513,15.8
6167,10.25
6821,41.4
009810,21.12
4572,141.0
9951,48.0
3057,16.25
2250,56.1
1219,11.25
6733,25.4
2230,21.95
1459,15.75
3071,23.4
6961,48.25
4433,18.15
2887H,42.3
6598,27.9
5312,90.3
4523,23.7
1516,13.35
8935,17.55
3447,27.45
1598,20.3
4139,41.95
6918,74.9
6020,20.55
2065,35.25
1414,17.4
1762,33.8
8085,14.3
2237,27.25
4417,49.75
2017,8.74
2227,45.35
7820,106.0
6654,200.0
1456,13.9
2462,19.35
4543,28.25
1527,32.35
009812,13.08
7823,80.5
9906,37.6
00684R,15.04
6754,41.8
6171,25.4
2488,48.65
3268,18.1
8176,9.78
00783,27.58
6703,100.5
4545,33.15
2022,7.18
1432,14.9
00785B,33.54
3086,28.9
00986D,14.17
6194,30.4
6794,76.0
6461,25.2
4905,79.2
00711B,15.24
6418,34.5
2433,40.25
1337,4.49
9918,43.2
2373,52.8
3511,18.6
3310,68.2
8927,19.0
4741,37.85
00793B,29.55
6965,70.5
2066,52.3
4155,14.85
9103,4.96
3306,44.8
1451,17.1
00944,21.7
3321,17.05
5212,47.1
6158,17.2
1452,10.8
1533,30.65
7821,38.75
5355,6.93
2906,13.8
1517,10.5
8068,15.95
6612,71.0
6183,90.9
00652,32.0
6955,96.0
8034,19.85
7767,46.2
3232,21.3
8482,47.25
6697,40.85
2748,38.75
1615,43.1
00786B,31.42
00861,83.7
5465,24.3
5302,9.77
6606,25.05
4735,35.65
6986,40.4
6655,124.5
1460,6.38
8908,40.25
6281,50.9
2477,22.0
1220,10.8
00980T,11.78
5011,18.05
6649,36.1
9924,37.95
6506,18.0
8171,20.15
4178,16.6
00648R,3.96
1731,20.95
6464,77.8
9902,13.25
2754,69.5
2929,5.72
1726,76.9
8284,69.1
3027,17.7
009801,11.17
6534,90.1
3308,21.7
6931,39.3
1467,8.14
1614,30.95
5529,25.5
6844,57.1
4729,18.55
4930,16.15
6248,16.75
1788,128.0
1783,36.3
2062,18.05
4109,11.15
7842,96.5
6792,59.1
2423,72.8
1472,87.5
1732,25.95
2616,13.3
6123,43.1
1109,13.4
00920,24.49
8089,18.1
7743,24.3
3684,54.1
6577,79.3
4582,22.3
3206,34.75
1445,10.0
6109,10.45
00956,13.89
4133,20.4
2314,10.55
2114,89.1
4528,14.85
3349,20.0
5356,25.8
2516,14.55
4304,15.7
2901,22.95
1733,30.35
1587,23.75
1570,32.6
00842B,29.07
2450,28.3
1259,64.5
2887F,45.65
6185,12.4
5014,9.81
3043,20.45
6569,90.3
2881C,51.5
4138,53.9
4108,11.45
2701,10.4
4995,50.5
5538,35.25
5007,55.6
020025,37.7
910861,4.36
5905,7.4
4503,22.8
6804,18.4
5603,13.5
6578,16.7
1777,73.9
5489,40.9
3226,56.7
6542,42.45
3520,17.4
1468,13.1
2002A,37.3
2115,23.95
1752,31.3
6103,35.45
4207,19.45
1535,44.9
2705,15.35
6637,54.4
9937,54.4
006203,195.8
8467,88.6
2038,12.1
00886,47.87
009822,9.5
3158,86.0
3276,13.9
8411,12.6
3557,23.0
4113,15.85
00656R,5.98
0061,23.88
8432,50.1
7705,29.95
4205,69.0
2482,16.0
4195,13.15
9136,9.56
3313,10.45
3205,46.65
3083,22.15
2438,19.2
6423,79.6
8440,19.9
3379,27.3
6592A,96.2
8930,28.85
6552,23.95
1806,7.97
1323,21.45
3687,61.0
6201,44.8
2424,7.88
3686,14.15
1470,24.25
7770,38.3
1457,14.45
1531,11.75
3122,24.45
4116,39.55
8442,46.1
5215,37.65
6527,75.0
1593,31.55
7760,32.8
8403,19.05
6470,43.1
2012,14.1
4994,81.5
4527,40.7
3325,11.15
5525,21.9
8093,24.5
6791,100.0
4557,49.85
2642,20.4
5907,4.88
2430,18.05
2013,41.35
6971,24.4
5272,16.75
6597,69.9
6988,11.9
6113,22.3
4558,17.55
2732,62.8
6614,35.65
2509,14.35
00908,14.92
1417,8.02
7794,31.0
8087,24.0
4120,46.45
6865,26.5
9950,10.25
6767,24.55
00982B,9.4
00788B,28.94
1526,14.75
4111,28.8
5450,14.65
2028,15.6
6666,44.75
5013,29.8
006206,37.2
1506,9.8
2882B,58.8
00903,21.13
6899,49.6
00957B,12.88
6722,32.4
6130,24.05
9944,17.25
2706,12.15
7704,60.7
6921,60.6
00668,60.45
1438,21.4
8032,34.7
912000,2.54
1583,46.3
2836A,24.0
8906,29.4
3523,15.05
6128,19.15
4414,8.3
2904,12.5
4190,25.7
9931,34.1
1805,10.15
6431,17.4
5438,16.45
6229,23.3
8429,5.93
2506,8.61
3288,20.05
4401,13.95
00709,39.88
6504,36.95
3465,29.25
4121,12.7
5201,28.95
4581,48.1
3272,14.0
4102,18.95
00986A,14.19
7835,21.0
8077,43.5
1817,40.25
7791,55.8
8024,12.95
8279,79.5
5353,27.75
8102,61.5
4747,24.0
7718,46.0
6581,109.5
00739,27.3
4946,89.8
4999,17.9
6160,14.5
7753,35.7
1295,44.5
8367,40.8
8488,9.82
7757,88.2
6219,12.0
5310,24.95
8941,43.4
8291,28.85
8489,21.55
5547,19.85
6720,129.0
1730,51.3
1418,17.6
4192,18.15
1233,28.05
2643,62.6
00899,22.63
8342,82.0
7642,70.0
6982,44.4
2916,40.65
4911,28.65
4426,7.56
4907,43.9
6028,95.6
6154,14.05
1203,43.35
4440,17.6
6592B,95.0
6645,12.5
2007,6.81
4950,15.55
2008,30.9
2911,6.32
7715,28.5
8112A,45.5
2063,23.8
3516,25.0
2431,9.92
4198,49.45
3521,12.0
7716,23.3
2718,40.1
8080,28.75
3018,11.65
1338,14.35
5211,20.45
1626,9.69
8487,71.0
1512,6.19
3597,26.3
1463,17.45
2035,27.8
7723,18.75
1294,51.5
1522A,51.1
3713,14.05
2514,11.6
5301,5.14
8940,14.75
3191,16.55
1340,5.15
4171,16.5
6908,30.2
1475,26.05
4160,39.05
8272,64.9
5704,22.8
2348A,38.75
3168,42.75
2432,27.45
5487,29.5
4550,23.95
3494,7.07
8410,29.35
5902,34.45
6118,15.15
2722,21.0
1235,37.5
8928,23.4
4754,37.4
2109,14.8
2734,14.55
3512,19.1
6241,15.75
2947,60.2
2752,180.0
00986B,9.45
6523,89.7
1906,10.85
2945,39.6
4702,9.34
1454,12.6
1521,25.15
6951,70.4
4131,31.9
3666,25.0
3118,31.65
7547,49.7
9926,49.4
1101B,43.1
6887,38.3
6294,28.65
7814,28.5
1735,19.9
6835,30.75
8416,169.0
1473,19.8
9928,17.7
8466,13.95
3224,33.3
2736,11.4
3150,15.0
5344,13.2
1813,11.35
6508,25.25
4413,19.3
3567,25.15
5548,20.15
8433,53.6
6482,24.7
8401,22.9
4568,39.6
8092,12.65
2756,63.0
6958,17.5
8107,12.1
4502,15.7
6952,39.25
8443,11.2
4406,10.1
00634R,3.19
5701,4.28
2881B,60.9
4706,33.7
7839,43.0
1530,27.2
5543,27.0
2024,12.9
1539,15.55
6212,32.3
8066,15.05
3492,18.9
3432,14.15
020000,31.06
7736,69.5
6910,25.05
3285,39.35
4173,17.05
6624,38.75
8047,45.15
2712,13.45
4432,15.6
00681R,22.05
6264,6.01
6692,23.45
4175,51.5
1439,28.55
1443,23.35
5220,19.7
6662,28.4
2067,5.21
9960,31.05
1423,35.0
7819,34.55
4430,17.25
8450,14.15
5455,29.95
3266,13.9
006204,232.65
1541,20.85
6222,19.1
2702,12.7
1742,17.55
8437,9.12
2235,28.3
5398,14.15
4538,17.35
4161,22.25
1240,55.6
2937,44.45
6276,20.0
6674,15.65
6916,18.1
2897B,11.85
910322,23.7
6881,212.0
2910,23.4
8481,41.0
7782,25.45
1213,7.09
8423,17.8
8921,16.3
8477,15.0
5546,14.75
6246,12.6
5604,31.1
2891B,62.0
1599,23.1
00660,45.83
4419,45.65
9912,13.0
3332,60.5
3095,36.0
6474,35.55
8905,35.0
8201,11.65
4554,28.4
2726,8.1
9949,24.15
2939,21.0
6751,42.0
3073,20.85
4711,16.5
2496,54.9
5516,11.65
6124,27.1
00654R,6.98
4153,32.0
1435,22.4
8929,13.0
4943,7.36
3541,22.0
6210,17.1
1453,10.95
8067,11.7
2941,30.0
1324,9.99
7811,72.5
3373,15.95
9962,9.95
3593,9.9
8424,68.9
5223,22.9
8349A,45.3
6242,33.9
4535,27.1
6615,33.5
6997,67.0
6807,32.9
6730,31.9
6936,31.85
6856,41.35
6556,61.4
009806,13.6
5523,30.35
00702,24.25
1781,10.05
1796,29.5
6843,39.1
3115,8.18
7584,27.95
3164,15.8
00638R,6.8
6616,8.36
3531,21.3
6721,51.0
009807,16.84
3664,8.15
8444,5.0
6593,31.45
00703,18.72
6114,23.0
8409,18.1
8933,4.5
4305,42.7
6929,21.35
00682U,20.65
8426,20.65
6661,16.05
2719,19.5
3646,24.95
4584,37.0
8101,12.3
1413,9.21
7713,73.1
00689R,23.15
4529,3.45
6671,22.95
5345,22.6
1525,65.0
4972,16.2
6144,12.9
4806,9.15
5348,15.95
6958A,21.0
6512,20.55
6884,30.5
2926,30.0
3171,59.3
1341,59.2
6846,58.8
3085,11.7
5364,8.32
6195,27.7
00870B,27.12
2751,53.5
2924,17.45
911622,3.66
3632,7.08
5016,24.7
6169,12.3
6496,24.45
00657K,23.9
3252,15.35
4154,11.25
9929,11.2
5015,21.6
2724,10.75
4609,4.24
5906,39.0
2948,37.75
00668K,18.84
3672,11.8
4745,11.7
6641,17.05
7732,34.1
2740,31.8
00787B,31.58
911868,1.16
00771,15.22
5514,15.0
00867B,29.17
4767,28.1
00836B,27.81
5703,13.75
4183,13.05
00636K,8.54
4402,14.45
3259,10.8
9110,2.96
0054,28.25
0058,43.71
0059,42.85
00625K,8.33
00643K,3.77
00649,19.12
00658L,37.0
00659R,11.21
00667,20.79
00672L,0.75
00677U,1.48
00691R,10.46
00704L,18.84
00705R,19.03
00707R,31.34
00716R,13.96
00718B,19.05
00721B,48.06
00729R,20.56
00732,40.74
00742,22.2
00743,24.2
00744B,42.35
00745B,42.04
00747B,51.85
00748B,42.52
00765B,38.72
00766L,11.92
00767,17.4
00769B,60.3
00774B,40.85
00774C,9.12
00776,20.78
00784B,39.32
00790B,53.2
00794B,39.82
00796B,41.84
00797B,41.36
00798B,42.65
008201,101.2
00831B,41.42
00832B,42.92
00833B,43.87
00835B,45.16
00837B,37.64
00838B,40.38
00839B,41.85
00843B,40.37
00854B,41.86
00855B,38.6
00866,21.84
00868B,36.17
00869B,36.69
00872B,37.13
00873B,37.28
00874B,38.04
00883B,30.98
00906,11.95
00925,16.1
020001,28.5
020002,11.12
020003,15.89
020004,33.28
020005,19.35
020006,32.05
020007,41.23
020008,13.31
020009,26.67
020010,13.56
020011,16.4
020012,23.22
020013,14.84
020014,6.3
020015,18.69
020016,28.32
020018,24.94
020019,21.59
02001B,8.75
020020,28.68
020021,4.42
020022,7.62
020023,7.2
020024,5.94
020026,6.37
020027,10.65
02002L,7.38
02003L,4.34
1258,26.85
1262,34.9
1312A,22.8
1333,1.44
1441,8.72
1507,64.8
1538,8.85
1566,19.65
1589,5.54
1592,2.57
1701,21.15
1724,15.6
1787,26.15
1902,20.65
2073,26.0
2321,15.1
2358,4.56
2443,3.57
2448,41.4
2456,94.6
2499,4.12
2809,56.6
2823,30.55
2841,2.68
2867,9.7
2888,11.8
2888A,36.5
2888B,36.8
2891C,61.1
2928,31.85
2936,40.35
2949,65.0
3036A,52.0
3064,16.9
3067,17.0
3089,81.0
3144,38.2
3202,3.96
3356,59.4
3383,1.7
3426,47.8
3452,1.47
3454,99.4
3536,2.92
3562,14.8
3591,23.65
3629,18.2
3642,3.87
3682,7.47
3698,22.25
3710,5.13
4130,26.7
4141,26.1
4144,26.9
4152,99.6
4180,70.9
4429,40.8
4712,2.85
4725,17.9
4803,3.6
4804,3.27
4944,11.6
4945,76.1
4947,228.5
4987,81.6
5102,24.65
5205,18.65
5259,7.86
5264,87.1
5276,17.9
5281,15.8
5304,3.32
5305,42.3
5349,25.4
5371,83.5
5383,41.5
5520,82.0
5601,30.65
5820,11.7
5878,38.05
6131,5.18
6172,20.1
6198,19.5
6228,17.85
6236,19.05
6238,179.5
6247,15.45
6251,20.3
6287,8.89
6288,20.95
6289,1.35
6404,4.64
6452,56.6
6457,62.1
6497,5.66
6514,50.8
6550,9.92
6594,31.3
6680,53.9
6747,199.0
6762,161.0
6806,3.51
6855,112.0
6904,122.0
6950,26.25
7747,112.5
8059,13.4
8277,8.05
8287,0.73
8406,278.5
8418,8.95
8420,40.6
8427,74.9
8455,23.95
8480,84.6
8497,65.5
8913,13.3
8917,52.6
8923,18.5
8934,36.1
910482,0.25
911608,2.69
911616,0.48
911619,0.11
912398,5.15
9157,0.86
9188,3.47
9941A,48.9
```

