# 收盤價 MD
# T:2026-09-15 09:23

## [CLOSE]
```csv
代號,收盤價
2308,1695.0
2330,2390.0
6147,205.5
2454,4560.0
3105,473.0
3008,5970.0
2303,140.5
2408,470.5
8358,508.0
1303,226.5
2481,160.5
6173,300.5
2327,549.0
6488,950.0
2344,161.0
6274,1435.0
4958,484.0
3443,6285.0
3653,5580.0
3406,933.0
2492,309.0
3037,978.0
3711,606.0
8046,1085.0
2409,28.4
6182,109.5
8039,281.0
2301,280.5
3081,2720.0
3324,1335.0
6770,69.7
2305,46.9
3026,737.0
3624,126.5
2351,251.0
2368,1010.0
2383,5350.0
3189,803.0
3532,438.5
6683,1465.0
2345,1890.0
6226,35.2
3016,117.0
3017,3280.0
6213,521.0
6706,146.5
00919,32.85
3481,47.85
2891,69.0
0050,106.8
3441,162.0
6669,2280.0
1815,118.5
2317,249.0
3260,388.5
6510,3335.0
3665,1950.0
3661,3555.0
3374,424.0
8299,1920.0
2395,691.0
6223,5720.0
00631L,35.45
2426,93.2
5483,182.5
3450,519.0
3034,534.0
6446,1205.0
7769,6245.0
6239,278.0
3231,182.5
7711,450.0
6271,230.5
2382,335.0
3529,2645.0
3006,267.0
3167,816.0
3363,669.0
6531,945.0
6112,51.1
00981A,29.37
00918,35.5
2881,152.0
2313,222.5
2887,43.4
009816,15.82
2412,143.0
2883,38.35
1326,65.4
2338,48.95
6861,231.5
7610,1700.0
2059,11975.0
2337,115.5
3693,674.0
5347,155.5
6442,1580.0
1528,24.9
2049,323.5
0056,55.15
2882,111.5
3029,118.5
2449,260.5
2464,179.5
2357,919.0
2360,2135.0
3491,1405.0
6187,1250.0
4908,229.0
2884,45.85
2441,119.5
3044,503.0
3675,281.5
6515,6650.0
00685L,11.7
6139,720.0
2468,43.25
4991,443.5
1301,61.7
7765,254.0
5425,90.9
2404,1045.0
2801,28.1
2603,235.0
3042,181.0
4967,268.5
2885,69.4
3264,228.5
6805,2165.0
00632R,9.98
00881,49.7
3704,41.7
6426,311.0
3045,122.5
00878,34.24
6415,413.0
2890,44.4
6715,364.5
6505,81.1
2324,37.7
6672,295.0
6690,196.5
2892,40.0
5289,1280.0
4939,82.3
2379,710.0
00830,79.55
2609,59.1
2834,18.25
2615,112.0
8996,1260.0
4971,546.0
8064,114.0
8150,87.4
6834,99.5
3229,63.7
00403A,10.12
7828,1990.0
2489,39.2
5475,177.0
5314,34.2
6148,37.5
5351,105.0
3605,125.5
5386,294.5
6217,164.5
00991A,17.18
6290,262.0
6689,72.0
5880,27.35
6933,292.5
7788,288.0
6451,414.0
00679B,25.41
00406A,9.42
2886,52.0
1519,700.0
2880,46.6
00929,28.62
006208,244.4
6416,120.0
00923,39.67
5536,860.0
6291,463.5
1560,744.0
6811,250.0
3036,194.0
00961,13.37
3376,180.0
3211,363.0
8042,112.5
6257,214.0
3141,92.2
1709,35.8
3706,78.1
3680,504.0
00708L,77.25
2486,236.5
00935,58.2
6830,552.0
4915,64.2
6214,190.5
5871,113.5
8227,245.0
8261,169.5
2356,62.2
5274,18090.0
6179,34.9
6727,491.0
7795,487.5
3498,187.0
2542,44.9
00715L,69.95
6739,1100.0
1216,74.3
2377,150.0
2376,345.5
6196,525.0
00953B,9.55
7734,2470.0
3234,171.0
1802,57.5
3702,107.0
3163,652.0
3090,163.5
0052,61.9
4977,164.5
3362,169.0
4931,231.5
4576,230.5
8069,148.5
2342,40.15
00896,27.95
7717,493.0
3055,162.0
6285,224.0
6209,76.0
2221,91.1
3715,122.5
3707,61.6
2634,63.1
3718,59.6
4763,48.45
7714,186.0
2002,18.75
8210,891.0
6245,86.2
00937B,14.16
2359,128.0
2455,530.0
5269,1360.0
1597,135.5
3583,684.0
00637L,19.41
00400A,14.66
3094,43.05
2354,64.4
00663L,102.25
8111,71.0
00927,37.07
2889,16.75
8028,223.5
00712,8.3
6829,210.0
3533,1585.0
2388,71.6
8033,171.0
00687B,26.74
3147,228.5
00757,139.4
2451,274.0
2027,45.45
4722,192.0
2467,531.0
2618,42.0
6005,31.35
2812,19.3
6199,99.3
00982A,22.33
2375,120.5
00992A,17.65
6176,92.8
6620,130.5
5340,84.8
6949,55.2
4961,177.0
4556,89.9
2421,162.5
8086,108.5
8043,134.5
2484,68.0
00988A,15.81
2413,50.3
3580,90.0
4938,89.9
1605,36.8
6640,1145.0
8431,61.6
6472,408.5
00891,34.99
6207,108.0
00680L,6.2
2478,120.0
6831,537.0
6945,109.0
8096,86.0
3019,133.5
8112,83.6
6414,376.5
3673,63.7
009803,20.69
6781,1005.0
2472,211.0
7728,688.0
1717,69.3
00922,41.67
2605,36.1
6919,80.5
6789,435.0
1312,14.65
00673R,10.06
1101,24.05
3162,70.2
5904,73.5
1590,1260.0
00405A,8.54
00998A,17.81
00939,24.01
009828,9.41
6409,877.0
1402,27.85
00770,68.1
2474,204.5
8103,114.5
6693,181.0
5876,49.6
4953,123.5
3455,231.5
4919,113.5
2637,98.8
3131,2340.0
2887I,9.51
1722,41.95
2436,67.5
4979,539.0
3714,61.5
2912,216.0
1785,95.3
5328,54.3
00692,91.85
7750,1935.0
8027,169.0
6168,29.85
00675L,310.15
8021,441.0
6691,621.0
2428,256.0
2353,31.3
00940,12.82
3293,699.0
3022,87.4
6449,215.5
00900,19.56
00990A,14.63
6227,127.5
1503,198.0
009802,19.91
6278,185.5
2332,19.1
4989,60.1
6548,72.9
8271,201.0
6197,299.0
2855,52.1
00404A,9.81
6526,630.0
2254,73.2
1504,70.5
4749,710.0
6206,139.5
2845,13.7
3490,42.55
2439,77.6
3035,172.0
9958,91.9
3467,70.8
5285,85.9
3005,115.5
7825,86.0
5439,245.5
3357,203.0
00947,36.55
1409,24.1
2312,31.05
6127,47.95
00407A,9.46
00962,14.76
7751,1425.0
5443,104.0
6533,232.0
1513,164.0
6603,25.2
6116,13.8
00662,119.05
2465,90.0
2897,11.1
9939,125.0
6221,28.15
00795B,25.51
8050,57.8
1591,41.15
5202,14.15
2606,75.4
00888,33.89
6588,106.5
3149,60.8
00696B,27.68
2453,53.9
6269,64.5
6230,113.5
00653L,43.77
00701,41.4
6668,42.35
00720B,31.5
8155,322.5
6282,42.9
4904,106.0
2385,105.0
2352,28.95
00945B,14.38
9914,67.8
2471,51.9
2371,27.8
00999A,11.34
6443,23.45
6617,129.0
00915,33.02
00751B,29.98
009805,14.73
00865B,48.8
00670L,194.8
7799,410.5
6191,83.2
6547,58.4
6133,23.4
00994A,16.58
3023,318.0
3236,43.8
5388,71.9
6907,178.0
6994,26.3
00938,26.7
3479,132.0
6456,62.6
3576,16.35
3563,654.0
00713,64.15
6584,548.0
8464,381.0
00895,49.2
00735,102.4
2548,92.2
2851,47.5
1102,34.9
2207,534.0
5251,29.15
2427,23.2
2367,40.25
6231,212.5
2495,38.05
3354,29.35
5434,536.0
6138,268.0
6530,89.9
00410A,11.64
00901,45.45
2493,171.0
3504,78.3
009821,14.03
6224,85.8
3013,82.6
8016,276.5
2363,51.1
2340,32.1
00642U,33.57
3135,160.0
2316,156.0
2302,41.9
1714,15.1
6284,77.0
1795,175.0
4906,35.25
1477,193.0
2610,20.15
8926,57.8
3030,261.5
8932,91.5
8110,41.45
2347,89.8
6435,243.0
6462,98.8
9105,8.37
009829,10.54
9921,89.4
2480,159.0
00904,40.55
00850,91.55
2466,103.5
00933B,15.32
1718,10.6
6121,377.0
00996A,13.7
2392,42.2
4760,261.0
00980A,24.13
009819,9.52
00931B,12.85
00725B,33.57
2501,21.7
2645,173.0
2905,18.7
2206,63.0
5263,90.0
1314,8.17
00635U,44.4
4973,137.0
3645,67.9
9802,64.1
2476,119.5
00913,48.19
6643,418.0
6177,46.2
3413,277.0
00924,32.74
5206,21.7
1476,287.5
2633,25.9
3088,125.5
6937,284.0
00995A,16.93
1727,89.0
2374,66.6
7792,315.5
009826,9.99
00857B,22.2
8054,82.9
0055,49.97
2105,30.2
00409A,9.55
00401A,13.88
2498,40.1
6716,119.0
6141,49.2
4542,253.5
2369,29.3
8454,242.0
5464,87.6
4956,32.65
00989B,9.93
1711,38.15
6957,238.5
009827,9.97
00988B,19.28
7822,821.0
00934,29.67
6613,252.5
5522,60.8
1708,47.8
2399,44.75
00997A,10.81
5234,285.5
6525,129.0
8038,33.0
1707,86.9
5469,72.9
2838,21.4
6538,372.5
6166,112.0
8072,27.4
3265,164.5
2457,21.65
6016,22.4
00753L,8.93
1773,157.5
6265,49.25
1713,42.4
6155,56.6
9904,24.1
8383,64.3
3311,35.05
00984D,9.83
9933,41.2
009824,10.0
4764,210.5
8114,179.0
1609,37.5
6753,132.5
00984A,15.23
009813,11.24
5321,73.0
00772B,31.97
8040,78.1
3434,32.5
4551,156.0
8131,59.1
3663,59.5
00733,66.35
3033,41.4
00738U,50.35
00664R,1.61
3305,100.0
8436,106.5
00877,36.76
2061,47.55
4105,78.5
3587,234.0
5864,35.2
2617,32.8
8422,26.05
00646,76.35
6925,60.7
00665L,9.08
9945,27.85
3221,46.45
6143,81.1
00946,15.03
3515,202.5
6944,695.0
4768,301.5
2329,42.15
3545,49.15
4903,34.3
2915,57.0
6412,75.0
4123,30.7
6752,105.5
3297,30.85
2402,54.8
2328,45.8
2006,81.4
2201,30.25
00411A,9.69
4916,93.8
2458,126.5
6204,90.6
3526,266.5
00993A,13.05
4927,41.25
2069,23.4
6719,182.0
1514,101.0
1710,15.9
6218,44.85
4541,56.7
2355,41.1
2211,80.5
2434,62.5
5009,31.95
6108,22.7
00678,42.6
6782,227.0
6202,54.7
00960,22.4
009815,11.5
3128,21.55
3339,42.05
2646,20.15
4949,72.7
2323,10.55
4976,35.15
1229,40.35
2101,30.2
4770,224.5
1608,35.8
1319,78.7
8070,50.0
3689,107.0
2034,20.65
2491,40.25
4714,11.45
2546,103.0
4585,298.0
8045,52.6
3059,37.35
2030,23.0
1215,107.0
00932,17.18
00951,16.51
5534,73.1
2530,19.9
6104,91.2
5243,86.6
6667,244.0
00724B,32.24
5284,296.0
00952,17.87
7744,484.0
5871A,100.0
00987D,9.8
00943,20.98
2539,34.2
00981B,9.09
2731,141.0
00657,75.6
3535,82.8
6140,20.05
6862,132.0
4707,26.25
7749,341.0
4510,42.25
00949,21.94
2009,38.3
5474,152.5
6190,66.2
6015,17.15
6215,96.6
00875,56.3
00773B,34.19
2850,155.5
6870,311.0
2406,26.7
3010,124.0
4566,63.5
2485,38.65
6491,378.5
3049,12.05
3176,37.25
4966,538.0
9938,38.0
3596,154.0
3380,30.0
6509,45.55
00894,46.9
00731,98.5
6023,84.4
1808,33.1
00987A,16.13
1210,51.7
6152,15.1
4912,87.7
4721,71.3
4960,19.95
009820,9.69
2233,157.0
3014,130.0
00893,42.29
6605,137.0
7777,35.85
2362,46.45
6947,67.0
6579,149.5
00912,34.74
00950B,13.39
5608,16.45
1309,13.6
4540,56.1
3617,240.0
5471,51.2
2442,14.45
5498,50.8
3232,21.55
00985D,9.71
2033,26.45
009800,12.88
2014,16.45
00942B,13.51
6469,64.9
2515,11.95
3543,42.5
00916,27.03
2103,25.35
6120,11.95
00892,41.2
1308,14.05
8289,42.25
9941,81.8
5291,58.9
00944,21.5
00690,78.2
00964,14.93
4739,77.7
6153,17.2
2401,24.05
3021,23.3
7402,100.5
00955,16.43
3227,181.5
9910,68.0
3048,50.1
6670,271.5
3518,30.25
6550,10.05
6962,30.9
00980B,9.02
6225,74.1
009801,11.07
5902,34.45
6432,53.4
4303,35.15
6761,164.5
2547,9.7
2072,129.0
6292,65.2
3004,115.5
3003,57.7
6279,111.5
2349,10.2
1909,10.15
6803,267.5
2903,22.1
2520,36.3
3609,19.8
2820,17.3
009823,10.35
9937,54.4
6244,22.2
6175,69.6
4951,80.9
00694B,41.63
4129,82.2
4736,129.0
1440,13.3
00907,17.78
3217,127.5
2630,47.85
00633L,47.0
1569,48.55
3691,95.4
5309,49.65
2540,48.0
00909,47.07
6174,42.1
6438,145.0
1536,46.9
3708,96.5
4526,30.15
6679,196.0
4772,237.5
00719B,30.95
1809,37.0
2641,17.45
2597,167.5
00650L,16.48
4590,88.2
00981D,10.24
6788,326.0
3581,97.7
6909,41.25
3289,133.0
2612,63.3
00763U,33.41
6863,93.6
00655L,32.75
1736,125.0
7823,82.1
6695,46.2
00941,23.98
3219,85.1
8390,90.5
2527,43.15
00882,14.86
2723,77.1
1907,29.15
5457,24.7
2596,36.35
5392,39.85
6136,24.75
4743,43.9
2636,69.6
6532,93.6
6953,225.0
00954,17.6
2419,26.8
1264,243.5
6903,294.5
1313,11.7
5209,173.5
2236,118.0
3564,48.0
3290,46.8
8255,134.5
3041,22.45
00905,26.15
00722B,33.8
00985A,22.63
3024,14.55
6150,61.4
1304,12.15
3032,71.3
2601,6.28
2504,31.0
2108,27.7
1712,39.7
3388,81.3
1515,29.65
3701,39.85
00989A,16.84
00693U,23.6
6913,126.5
1410,24.2
00864B,46.02
2364,64.1
8182,38.25
6188,62.4
6996,169.0
3402,124.0
4577,84.1
3060,26.15
6664,336.0
1810,23.75
00963,13.08
4128,14.7
1904,24.75
9925,39.4
3028,61.1
1231,79.8
2483,30.75
1580,95.6
2208,18.9
1310,8.59
00730,27.95
4968,89.3
6125,48.2
2023,13.75
3537,52.7
00887,15.35
3548,78.4
6163,39.8
6026,15.2
3213,121.5
2393,62.3
00985B,10.09
1563,74.8
3508,22.35
00728,67.55
3218,135.0
6146,180.0
00859B,41.11
3623,27.0
7712,150.0
6869,63.3
3622,45.3
2425,36.2
00676R,5.51
8936,51.4
6885,27.55
2397,59.9
1905,13.2
3430,101.5
7730,169.0
3066,24.1
6021,44.7
4766,332.0
00402A,9.44
4167,19.15
6873,68.5
4147,60.0
6263,152.0
3416,162.0
1737,30.35
6411,77.5
009818,19.97
3209,44.6
6890,147.5
6589,47.8
6924,136.5
3628,72.8
1721,21.65
8234,62.7
5519,25.4
3230,41.75
2640,155.5
6922,186.5
00717,14.56
8341,74.4
00688L,6.19
2887H,41.95
2243,48.0
6516,55.2
5203,58.6
9907,15.0
3312,47.7
3228,164.0
3694,49.65
00969B,7.87
6101,37.85
5607,52.2
1612,34.6
4114,29.4
2104,10.3
8240,50.2
6865,26.5
8213,33.0
6768,62.4
00910,56.1
8081,247.0
1723,81.4
2923,23.65
3015,51.6
3703,19.55
6651,141.5
00991B,14.6
2420,53.8
4571,150.5
6585,103.0
2832,56.8
6261,74.1
8222,34.6
4924,13.5
00970B,8.9
3317,55.1
00764B,26.62
2887G,44.1
6872,22.2
9935,17.85
5508,52.0
4169,141.5
6184,39.5
00917,23.63
7780,16.15
7768,252.5
4113,15.75
009811,13.2
1316,10.7
3594,46.7
2433,40.0
1227,28.25
8374,77.1
8091,207.0
1305,11.85
6592,59.8
2753,177.5
2015,64.1
2331,18.75
6189,46.85
1558,108.0
5201,30.5
8109,127.5
6757,53.9
00858,35.6
8044,23.5
2543,37.45
1595,62.7
6902,124.5
00761B,32.56
00695B,34.1
3485,190.5
00661,82.9
4119,57.4
6208,73.3
00930,23.92
5228,39.8
5432,145.5
2497,43.4
3546,72.2
2528,19.35
8499,259.0
6642,75.9
6609,38.85
8084,41.35
6874,70.8
00876,84.1
2535,89.4
6541,31.15
3338,65.5
6657,33.5
3709,61.9
6517,61.8
7772,123.0
3093,43.9
6742,45.05
00911,50.6
6441,23.85
3323,27.05
3550,21.95
6419,148.0
3346,19.65
2031,43.5
1434,17.5
6558,23.45
6658,166.5
5478,96.8
3062,20.4
00706L,20.0
4416,10.85
1522,25.25
2511,8.35
3592,222.0
6901,15.0
8473,38.15
4560,29.1
00957B,12.83
009825,9.99
8163,29.7
7855,42.05
3717,21.0
5515,49.45
00956,13.7
7842,98.1
6854,89.2
9940,19.75
1529,15.6
3528,81.3
4157,8.73
00885,18.18
7722,262.0
3437,17.75
2106,16.6
1104,26.8
2536,19.35
2010,21.7
00920,24.09
2365,27.8
3712,20.55
3551,170.5
00762,112.2
6703,100.5
3306,45.6
7740,125.0
2204,52.5
3046,52.4
00921,24.12
5227,29.9
6192,109.5
00968B,8.86
00983A,12.4
2611,14.0
3138,87.8
4536,160.5
4716,16.6
6111,34.0
4533,24.4
6180,41.3
2414,52.7
8942,41.1
5287,134.5
6405,37.55
00928,32.12
6498,66.2
006201,43.96
2247,229.5
6277,76.5
6477,33.9
5426,27.55
2258,30.25
2460,29.2
2816,39.25
00756B,29.79
2852,27.85
3615,34.0
4909,34.0
3011,9.38
3078,43.9
1455,9.72
3684,54.1
2913,10.95
6499,71.8
1256,172.0
6117,61.3
4583,429.0
8937,28.5
00674R,28.4
1447,6.35
4442,55.9
1582,69.8
2613,22.0
1702,32.15
3130,208.0
8099,59.4
8105,14.55
6791,103.5
00792B,30.4
4174,25.6
6576,81.8
6590,67.4
8438,67.0
2849,15.6
6024,60.9
00987B,15.52
6129,13.6
2429,30.3
3577,112.5
4923,52.4
1752,31.4
5452,25.8
6272,27.6
3051,21.4
8415,34.95
1464,9.95
3685,36.45
2545,33.15
8183,28.0
00959B,8.97
7827,150.5
00965,25.06
6596,93.1
5521,10.4
00980D,19.87
6841,52.5
6492,33.35
4562,29.3
009812,13.08
6732,145.5
6894,363.5
2417,38.25
3489,21.3
1789,18.1
5007,55.5
5222,102.5
3540,22.35
00948B,9.03
0053,237.55
00652,32.16
2070,58.9
1342,100.0
1786,43.55
4737,53.6
6151,34.5
1726,76.5
2727,227.5
00647L,135.85
6205,61.1
1565,96.0
4755,112.0
4807,29.2
5381,23.0
3152,222.0
00990B,9.93
2032,16.6
1307,30.15
00697B,34.62
8147,131.0
5292,213.5
6743,29.0
9917,106.0
6275,45.15
2348,70.2
1735,19.65
6561,313.0
8076,21.55
2405,14.8
6259,28.2
6712,154.5
9103,5.01
3705,55.8
2387,36.1
00898,10.92
9930,61.1
6122,50.9
3483,76.0
6535,75.8
3169,101.0
4433,18.35
8931,43.0
8074,50.1
2228,74.9
4306,14.6
009804,22.83
8162,59.2
2755,98.4
7703,195.5
3303,48.7
2423,72.7
3372,14.45
1444,6.72
4108,11.5
6756,94.2
3288,20.9
00791B,56.4
7743,23.45
8489,21.6
2107,26.65
00984B,15.53
1103,12.95
3555,185.0
6142,8.66
5484,39.45
3294,28.95
00669R,5.27
5288,182.5
00408A,10.24
1760,54.2
3047,13.55
4503,22.5
00870B,26.96
2836,12.25
3523,15.85
6237,33.6
4563,44.7
5211,20.5
1725,33.15
00700,17.08
00853B,26.4
8011,15.5
2373,52.5
8215,24.85
6243,37.0
6417,103.5
2705,15.2
4441,172.0
3056,13.55
3257,46.8
00686R,0.98
6186,30.1
4552,15.35
3570,168.5
9946,16.85
2745,84.0
4104,72.0
7805,501.0
4746,45.5
7709,82.7
4545,32.8
3031,23.4
7738,161.5
00936,21.05
6914,120.0
6546,59.6
7818,59.6
2607,52.7
4934,13.5
1218,14.25
3444,78.3
1611,11.4
3630,25.95
1586,17.95
5299,93.2
00903,21.16
1618,38.75
1232,154.0
6785,92.3
1416,11.25
3025,50.9
1537,114.5
5490,25.35
4438,56.5
4188,14.1
4304,16.1
00648R,3.95
1533,29.95
6494,49.8
5306,89.2
4532,23.45
00741B,37.02
7810,222.0
2102,17.75
8404,13.8
6234,33.95
00836B,27.44
4162,54.5
6126,28.8
8478,141.5
1541,21.2
4952,47.0
2882B,58.8
6763,41.15
9911,81.6
4527,40.6
009814,11.27
00752,22.52
1734,31.1
3207,36.75
1324,10.05
1535,44.55
6997,66.6
7631,133.0
2762,79.6
1234,33.1
5530,49.5
4163,131.5
5355,6.1
2431,10.0
6123,43.0
4905,77.0
6958,17.5
9905,21.25
4137,76.3
6235,38.05
8171,19.9
4164,25.2
8088,41.6
5531,7.06
6164,11.3
8068,16.2
00746B,33.87
2608,28.55
6425,61.6
6625,73.9
2534,16.75
6934,73.7
2756,61.2
2008,30.55
6283,18.2
6183,90.9
1730,51.5
4933,51.2
7839,44.65
4506,119.0
2752,177.0
00636,27.23
1437,31.9
00671R,2.47
4564,15.75
6698,31.5
1615,43.2
5210,28.8
4142,17.2
8071,21.35
3631,37.9
1584,17.9
5493,83.9
6606,25.65
6165,47.5
3188,23.65
5410,33.1
8272,66.0
6906,82.1
2459,65.4
3686,14.1
6967,64.7
4588,53.6
2017,8.66
5225,53.4
8049,24.6
4420,39.8
0057,318.35
00639,15.91
1449,12.2
1473,19.75
3484,44.55
4127,62.3
00681R,22.06
00777B,30.84
3588,51.4
5244,33.8
1604,23.35
2614,17.85
6735,60.5
2461,17.55
00897,12.94
8104,29.7
9934,9.84
2444,11.65
6465,41.5
4572,144.0
0051,142.95
00982T,15.8
5538,35.3
00737,39.82
9927,69.6
2227,46.2
2704,45.55
4720,18.15
2241,34.0
4419,45.2
3447,27.1
00981T,11.74
6708,38.45
2524,33.6
1419,66.3
6115,43.8
4741,37.5
5236,130.5
1616,18.3
2743,51.0
2029,20.85
00643,17.84
1731,20.75
3522,13.05
1532,22.5
9926,49.45
6418,35.2
2488,48.3
6423,80.5
4561,40.05
2038,12.0
3558,119.5
4148,33.6
2020,21.35
3652,33.35
2348A,38.55
4126,76.8
3321,17.65
00645,57.25
7786,114.0
6464,75.8
7747,113.5
1321,32.25
2450,28.1
3556,56.0
4543,28.0
4401,13.95
9944,17.15
6527,73.9
6581,110.0
6982,43.85
2712,13.7
5315,18.1
1614,31.0
2035,27.0
3349,19.5
7820,107.0
6881,210.0
6838,23.2
5511,69.2
3552,41.35
4771,203.5
6965,67.7
1623,203.0
3296,25.3
6156,20.05
006205,39.9
1217,9.96
1336,16.55
6506,17.9
5468,24.55
1225,24.5
6887,39.0
1617,17.65
4440,17.6
00971,17.35
4155,14.65
00726B,31.72
00768B,47.4
7767,47.05
1599,23.5
2904,12.5
5278,23.35
3438,62.1
6823,60.8
3611,182.0
6684,45.35
2906,13.75
6201,44.4
2707,177.5
5706,43.75
4168,21.8
9918,42.75
6270,28.15
1203,42.1
1439,28.05
6591,42.0
8085,14.0
1720,55.9
6697,41.8
2250,55.5
00967B,8.76
1432,15.05
3226,55.1
2013,41.15
4994,81.9
6486,81.2
2007,6.75
4580,80.8
6624,40.4
00689R,23.08
1527,32.3
4726,22.9
3285,40.0
8435,53.2
3360,14.45
5609,78.9
8083,157.5
00926,26.19
4582,22.35
1456,14.1
6796,51.5
1732,25.7
8093,25.7
6794,76.5
2908,21.85
4569,152.5
7547,50.7
1806,7.98
8432,50.0
4426,7.49
1603,29.9
6504,37.3
6266,24.75
1474,9.82
5013,29.1
1799,29.05
5011,18.15
7642,72.6
1568,29.0
009809,18.03
6170,47.95
8048,47.7
6614,35.55
1903,47.35
6134,28.3
8176,9.99
00902,12.71
1233,27.9
3287,34.75
4205,68.8
009817,9.05
8112A,45.2
6568,135.5
3557,22.45
8421,12.2
1101B,43.1
3669,32.3
6220,25.75
8488,9.9
7794,32.0
5481,21.1
4432,15.8
3276,14.0
5310,25.0
1414,17.45
8440,20.2
8908,40.4
5302,9.71
6792,58.0
7821,38.6
9942,113.5
4121,12.6
6790,37.8
8249,37.5
3058,8.02
6855,111.5
00641R,3.71
6598,27.7
3083,22.05
2025,12.2
7770,36.1
3679,108.0
6728,108.0
3308,21.3
1517,10.5
8032,35.0
5907,4.76
6629,104.0
2838A,51.9
6210,17.3
6776,51.5
5213,20.55
1219,11.35
1522A,51.0
3325,11.2
5529,25.0
4198,49.95
4417,49.65
6721,49.35
6899,49.15
1540,19.5
4171,16.05
6592A,96.0
4935,31.65
6222,18.95
4439,93.9
3071,23.45
6560,30.7
9960,30.15
2883B,8.22
1295,45.0
2231,89.6
3158,89.4
1466,14.8
00983D,9.78
3168,43.4
5258,42.55
00714,21.23
6219,12.1
009810,21.1
00861,84.35
4555,41.95
2440,13.9
7715,27.65
6958A,20.3
2514,11.55
4706,39.9
2390,9.96
8472,79.0
4950,15.75
3095,39.1
8349,38.4
7803,19.0
9924,38.0
3150,15.0
6118,15.0
8940,15.0
2739,36.9
1777,73.7
5465,24.3
4550,24.2
2910,24.05
6114,23.5
6951,70.0
7819,35.0
3206,34.95
2887Z1,22.5
00982D,9.53
1570,33.1
5245,22.0
8092,13.2
2477,21.95
5525,21.9
3390,21.6
2722,21.55
2482,15.95
6936,31.6
2643,62.9
6185,12.45
009808,30.83
5512,7.7
2947,60.5
6194,30.0
1442,29.85
6741,59.0
00793B,29.36
5905,7.34
5014,9.76
3178,58.2
5487,28.9
6160,14.45
3054,57.5
3492,19.0
5353,27.95
3511,18.6
4534,27.9
5230,18.35
8089,17.95
6680,53.8
6804,17.85
8433,53.5
3322,10.65
2616,13.3
4138,53.2
1742,17.45
8938,52.2
1524,25.85
2881C,51.4
6281,51.4
1451,17.0
6578,17.0
4747,25.0
8924,50.0
4178,16.55
5460,16.55
6496,24.7
9951,48.9
2887E,48.55
5348,16.15
4523,23.8
2897B,11.85
5212,46.95
8047,46.7
9955,23.3
6240,23.1
3252,15.35
3018,11.35
3092,22.55
6666,45.05
00958B,8.89
1108,11.05
3073,21.6
8066,14.3
2230,21.4
8463,21.1
3052,10.3
6968,41.2
6856,41.0
009806,13.63
6821,40.8
1417,8.14
8367,40.7
1109,13.4
3038,20.05
4139,40.0
8034,20.0
5220,19.75
4116,39.3
1506,9.8
9906,39.0
2024,12.9
6645,12.75
00710B,19.08
8411,12.7
1454,12.6
006206,37.25
00740B,36.79
2065,35.4
3027,17.7
4538,17.65
6474,35.2
5488,11.65
912000,2.48
00846B,34.48
2505,17.2
1813,11.25
3224,33.2
7760,33.0
1220,10.75
2740,32.1
00845B,31.85
6109,10.55
1110,15.65
00786B,31.22
6835,30.75
1733,30.4
6884,30.2
4131,30.15
7705,29.8
3114,29.7
8410,29.5
8930,29.1
9908,29.1
5450,14.5
2509,14.35
1471,9.5
4767,28.3
5543,28.2
7814,28.15
00986A,14.05
2012,13.95
9919,13.95
8466,13.5
3379,26.9
00781B,26.81
1446,13.4
6144,13.25
1468,13.05
7782,25.65
3666,25.0
6910,24.85
1521,24.6
4414,8.09
2726,8.08
5016,24.15
3466,24.0
910322,24.0
6229,23.9
0061,23.77
5516,11.75
1587,23.4
8928,23.25
6671,23.0
5704,22.9
8401,22.65
1337,4.48
3050,11.15
9929,11.0
2022,7.28
5301,5.2
2701,10.3
1598,20.4
6167,10.05
4413,19.85
2239,19.6
00703,19.07
6276,19.05
3593,9.51
8403,18.9
9136,9.38
4102,18.7
2062,18.15
8423,17.55
4558,17.25
2929,5.74
1441,8.58
6641,17.15
4173,17.1
2924,17.0
6158,17.0
8354,17.0
5272,16.8
3002,16.75
8921,16.55
3115,8.2
4972,16.3
3373,15.8
2028,15.65
3164,15.65
1340,5.18
4513,15.5
1459,15.35
00711B,15.32
00734B,15.24
5514,15.2
4528,15.15
1526,15.0
2516,14.6
4402,14.35
5398,14.3
3266,13.8
3607,13.55
00966B,13.24
4183,13.2
3499,13.1
1460,6.42
8024,12.7
1465,11.9
00980T,11.79
2314,11.5
4109,11.05
3259,11.0
8933,4.48
5364,8.32
5701,4.11
1467,7.91
2424,7.7
4943,7.59
3494,7.25
911622,3.56
2911,6.28
1512,6.11
4609,4.24
4529,3.54
911868,1.15
0054,28.25
0058,43.71
0059,42.85
006203,194.6
006204,230.1
006207,31.72
00625K,8.55
00634R,3.16
00636K,8.6
00638R,6.74
00640L,104.8
00643K,3.77
00649,19.12
00651R,5.26
00654R,6.92
00656R,5.93
00657K,23.7
00658L,37.0
00659R,11.21
00660,46.08
00666R,9.23
00667,20.79
00668,60.95
00668K,19.26
00672L,0.75
00677U,1.48
00682U,20.39
00683L,21.38
00684R,15.18
00687C,8.94
00691R,10.46
00702,24.3
00704L,18.84
00705R,19.03
00707R,31.1
00709,39.98
00716R,13.96
00718B,19.05
00721B,48.06
00723B,29.01
00727B,39.11
00729R,20.56
00732,40.74
00736,31.41
00739,27.25
00742,22.2
00743,24.2
00744B,42.35
00745B,42.04
00747B,51.85
00748B,42.52
00749B,30.35
00750B,31.23
00754B,30.93
00755B,31.04
00758B,49.34
00759B,51.75
00760B,51.4
00765B,38.72
00766L,11.92
00767,17.4
00769B,60.3
00771,15.08
00774B,40.85
00774C,9.12
00775B,30.36
00776,20.78
00778B,32.65
00779B,26.83
00780B,35.78
00782B,28.88
00783,27.23
00784B,39.32
00785B,33.28
00787B,31.2
00788B,28.58
00789B,45.38
00790B,53.2
00794B,39.82
00796B,41.84
00797B,41.36
00798B,42.65
00799B,28.03
008201,101.2
00831B,41.42
00832B,42.92
00833B,43.87
00834B,32.59
00835B,45.16
00837B,37.64
00838B,40.38
00839B,41.85
00840B,28.28
00841B,26.94
00842B,28.82
00843B,40.37
00844B,29.92
00847B,24.04
00848B,32.87
00849B,37.1
00851,70.15
00852L,34.27
00854B,41.86
00855B,38.6
00856B,37.16
00860B,37.72
00862B,30.23
00863B,30.38
00866,21.84
00867B,28.79
00868B,36.17
00869B,36.69
00872B,37.13
00873B,37.28
00874B,38.04
00883B,30.98
00884B,28.14
00886,46.51
00890B,30.7
00899,23.2
00906,11.95
00908,14.9
00925,16.1
00972,22.21
009807,16.7
009822,9.72
00982B,9.33
00983B,14.81
00986B,9.41
00986D,14.17
020000,30.22
020001,28.5
020002,11.12
020003,15.89
020004,33.28
020005,19.35
020006,32.05
020007,41.23
020008,13.31
020009,26.67
020010,13.56
020011,16.4
020012,23.22
020013,14.84
020014,6.3
020015,18.69
020016,28.32
020018,24.94
020019,21.59
02001B,8.75
020020,28.77
020021,4.42
020022,7.62
020023,7.2
020024,5.94
020025,37.52
020026,6.37
020027,10.65
02002L,7.38
02003L,4.34
1201,12.0
1213,7.49
1235,37.1
1236,25.85
1240,55.4
1258,26.85
1259,65.0
1262,34.9
1268,172.0
1294,50.9
1312A,22.8
1315,66.3
1323,21.7
1325,25.5
1333,1.44
1338,14.6
1339,42.45
1341,57.9
1413,9.2
1418,17.4
1423,34.8
1435,22.35
1436,36.45
1438,21.35
1443,23.3
1445,10.2
1452,11.1
1453,10.9
1457,14.45
1463,17.05
1470,23.8
1472,89.5
1475,26.05
1507,64.8
1516,14.0
1525,64.5
1530,27.35
1531,11.55
1538,8.85
1539,15.65
1566,19.65
1583,47.2
1589,5.54
1592,2.57
1593,31.45
1626,9.66
1701,21.15
1724,15.6
1762,33.5
1776,17.55
1780,24.8
1781,10.2
1783,36.4
1784,58.6
1787,26.15
1788,128.0
1796,29.5
1805,10.1
1817,40.3
1902,20.65
1906,10.9
2002A,37.2
2063,24.05
2064,12.3
2066,50.8
2067,4.88
2073,25.1
2109,14.75
2114,88.8
2115,23.8
2235,27.35
2237,26.8
2248,59.2
2321,15.1
2358,4.56
2380,17.0
2415,27.2
2430,17.95
2432,27.3
2438,19.0
2443,3.57
2448,41.4
2456,94.6
2462,19.2
2496,54.9
2499,4.12
2506,8.58
2537,11.25
2538,8.67
2642,20.2
2702,12.75
2706,12.15
2718,40.1
2719,19.45
2724,10.5
2729,153.0
2732,62.3
2734,14.6
2736,11.4
2748,38.8
2751,54.5
2754,70.3
2809,56.6
2823,30.55
2836A,24.05
2841,2.68
2867,9.7
2881A,61.6
2881B,60.9
2882A,60.3
2887F,45.7
2888,11.8
2888A,36.5
2888B,36.8
2891B,61.9
2891C,61.1
2901,23.5
2916,40.7
2926,30.1
2928,31.85
2936,40.35
2937,43.95
2939,19.55
2941,30.7
2945,39.8
2948,37.3
2949,63.9
3036A,52.0
3040,33.8
3043,20.0
3057,16.2
3064,16.9
3067,16.9
3085,11.95
3086,29.65
3089,81.0
3118,31.6
3122,24.0
3144,38.2
3171,59.6
3191,16.5
3202,3.96
3205,46.4
3268,17.3
3272,13.95
3284,19.3
3310,68.5
3313,10.7
3332,61.0
3356,59.4
3383,1.7
3419,11.0
3426,47.8
3432,14.3
3452,1.47
3454,99.4
3465,29.15
3501,38.45
3512,19.2
3516,25.4
3520,17.35
3521,12.2
3527,49.75
3530,56.5
3531,21.3
3536,2.92
3541,22.1
3562,14.8
3567,25.35
3591,23.65
3597,26.65
3625,12.45
3629,17.0
3632,7.11
3642,3.87
3646,24.9
3664,6.98
3672,11.95
3682,7.47
3687,61.6
3698,22.25
3710,5.13
3713,14.25
3716,33.85
4106,24.4
4107,111.5
4111,28.55
4120,47.1
4130,26.7
4133,20.2
4141,26.1
4144,26.9
4152,99.6
4153,31.9
4154,11.8
4160,39.2
4161,22.35
4166,23.7
4175,51.2
4180,70.9
4190,25.9
4192,18.85
4195,13.45
4207,19.35
4305,42.0
4406,9.95
4429,40.8
4430,17.5
4502,15.65
4530,25.7
4535,27.4
4549,95.4
4554,28.3
4557,50.5
4568,38.55
4581,47.15
4584,37.6
4702,9.24
4711,16.2
4712,2.85
4725,17.9
4728,400.0
4729,18.3
4735,35.9
4744,26.95
4745,11.55
4754,37.5
4803,3.6
4804,3.27
4806,9.03
4907,44.05
4911,28.5
4930,15.8
4942,31.7
4944,11.6
4945,76.1
4946,91.6
4947,228.5
4974,70.8
4987,81.6
4995,51.2
4999,17.9
5015,21.85
5102,24.65
5205,19.75
5215,37.5
5223,23.45
5259,7.86
5264,87.1
5276,17.65
5281,15.8
5283,53.6
5304,3.32
5305,42.3
5312,89.8
5324,12.25
5344,13.15
5345,20.55
5349,25.4
5356,25.85
5371,83.5
5383,41.5
5403,93.2
5438,16.4
5455,29.6
5489,40.35
5520,82.0
5523,30.35
5533,13.8
5546,14.75
5547,19.85
5548,20.3
5601,30.2
5603,13.6
5604,31.2
5703,13.8
5820,11.7
5878,38.1
5903,185.0
5906,38.5
6020,20.4
6028,95.0
6103,31.0
6113,22.25
6124,26.9
6128,18.95
6130,24.15
6131,5.18
6154,14.05
6161,48.0
6169,12.15
6171,25.9
6172,20.1
6195,27.9
6198,19.4
6203,59.7
6212,32.2
6216,19.6
6228,17.3
6233,20.3
6236,19.05
6238,179.5
6241,15.45
6242,33.7
6246,12.65
6247,15.45
6248,16.8
6251,20.3
6264,6.01
6287,8.89
6288,20.95
6289,1.35
6294,28.5
6404,4.64
6431,17.55
6452,56.6
6457,62.1
6461,25.5
6470,42.6
6482,24.65
6485,59.7
6497,5.66
6508,25.0
6512,20.1
6514,50.8
6523,90.0
6534,90.5
6542,43.1
6552,23.35
6556,60.4
6569,91.2
6570,47.2
6573,15.85
6574,119.5
6577,79.0
6582,31.2
6592B,94.9
6593,31.75
6594,31.3
6597,72.5
6612,71.8
6615,33.65
6616,8.35
6637,54.0
6649,35.95
6654,204.0
6655,122.5
6661,16.6
6662,28.7
6674,15.9
6692,23.45
6720,130.5
6722,32.15
6725,206.5
6730,31.9
6733,25.15
6747,199.0
6751,41.65
6754,41.7
6762,161.0
6767,24.65
6771,41.7
6799,78.7
6806,3.51
6807,33.75
6840,90.7
6843,37.85
6844,59.1
6846,59.9
6859,117.0
6875,32.0
6877,112.0
6895,150.0
6904,122.5
6908,30.85
6916,18.15
6918,73.1
6921,61.0
6923,75.7
6928,47.0
6929,22.05
6931,40.0
6950,25.6
6952,38.55
6955,99.0
6961,49.1
6969,32.65
6971,24.8
6983,349.0
6986,40.35
6988,12.0
7556,242.0
7584,28.3
7689,154.5
7704,61.0
7708,91.8
7713,73.5
7716,23.3
7718,46.0
7721,58.9
7723,19.05
7732,34.15
7736,68.4
7753,36.0
7757,88.6
7791,55.1
7811,72.2
7835,20.85
8059,13.4
8067,12.5
8077,42.35
8080,29.1
8087,24.4
8097,48.3
8101,12.55
8102,63.0
8107,12.3
8121,26.5
8201,11.9
8277,8.05
8279,78.7
8284,68.6
8287,0.73
8291,31.5
8342,85.2
8349A,45.4
8406,278.5
8409,18.05
8416,170.0
8418,8.95
8420,40.6
8424,68.8
8426,20.55
8427,74.9
8429,5.92
8437,9.11
8442,45.45
8443,11.2
8444,4.6
8446,85.5
8450,14.45
8455,22.5
8462,162.0
8467,83.2
8476,19.7
8477,15.3
8480,84.6
8481,40.8
8482,47.3
8487,70.1
8497,65.5
8905,34.0
8906,28.3
8913,13.3
8916,40.75
8917,52.1
8923,18.2
8927,19.1
8929,13.0
8934,36.1
8935,17.7
8941,45.4
910482,0.25
910861,3.99
9110,3.03
911608,2.72
911616,0.48
911619,0.11
912398,5.15
9157,0.86
9188,3.47
9902,13.3
9912,13.1
9928,17.6
9931,33.9
9941A,48.75
9943,50.9
9949,23.95
9950,10.25
9962,9.98
```

