# 收盤價 MD
# T:2026-09-02 09:00

## [CLOSE]
```csv
代號,收盤價
00400A,15.37
00401A,14.19
00402A,9.51
00403A,10.45
00404A,9.86
00405A,8.93
00406A,9.96
00407A,9.99
00408A,10.65
00410A,12.57
00411A,9.69
0050,108.45
0051,147.45
0052,63.05
0053,246.35
0054,28.25
0055,46.6
0056,54.85
0057,322.65
0058,43.71
0059,42.85
0061,24.47
006201,45.53
006203,197.5
006204,234.0
006205,40.87
006206,38.05
006207,32.42
006208,248.35
00625K,8.77
00631L,37.26
00632R,9.73
00633L,49.23
00634R,3.1
00635U,45.8
00636,27.8
00636K,8.77
00637L,20.26
00638R,6.58
00639,16.38
00640L,112.7
00641R,3.61
00642U,28.86
00643,18.44
00643K,3.9
00645,59.1
00646,76.55
00647L,137.8
00648R,3.92
00649,19.12
00650L,16.84
00651R,5.19
00652,32.95
00653L,46.2
00654R,6.75
00655L,34.26
00656R,5.82
00657,77.7
00657K,24.64
00658L,37.0
00659R,11.21
00660,47.0
00661,85.5
00662,119.5
00663L,107.85
00664R,1.57
00665L,9.36
00666R,9.03
00667,20.79
00668,61.55
00668K,19.46
00669R,5.18
00670L,199.35
00671R,2.43
00672L,0.75
00673R,11.89
00674R,27.6
00675L,327.35
00676R,5.4
00677U,1.48
00678,43.19
00679B,25.59
00680L,6.35
00681R,21.84
00682U,20.41
00683L,21.38
00684R,15.05
00685L,12.31
00686R,0.96
00687B,26.92
00687C,9.06
00688L,6.35
00689R,22.86
00690,79.85
00691R,10.46
00692,92.95
00693U,23.64
00694B,41.58
00695B,34.48
00696B,27.87
00697B,35.04
00700,17.26
00701,39.07
00702,24.92
00703,19.41
00704L,18.84
00705R,19.03
00706L,18.78
00707R,32.18
00708L,82.05
00709,40.65
00710B,19.04
00711B,15.52
00712,8.68
00713,62.35
00714,21.61
00715L,52.25
00716R,13.96
00717,14.67
00718B,19.05
00719B,30.95
00720B,31.73
00721B,48.06
00722B,34.06
00723B,29.18
00724B,32.6
00725B,33.8
00726B,32.1
00727B,39.12
00728,70.5
00729R,20.56
00730,29.26
00731,96.45
00732,40.74
00733,68.0
00734B,15.37
00735,104.5
00736,31.77
00737,41.32
00738U,52.7
00739,27.96
00740B,37.16
00741B,37.07
00742,22.2
00743,24.2
00744B,42.35
00745B,42.04
00746B,34.24
00747B,51.85
00748B,42.52
00749B,30.66
00750B,31.56
00751B,30.23
00752,22.96
00753L,9.36
00754B,31.2
00755B,31.34
00756B,30.21
00757,139.25
00758B,49.82
00759B,52.35
00760B,52.05
00761B,32.82
00762,111.7
00763U,35.05
00764B,26.81
00765B,38.72
00766L,11.92
00767,17.4
00768B,47.76
00769B,60.3
00770,67.65
00771,15.29
00772B,32.27
00773B,34.62
00774B,40.85
00774C,9.12
00775B,30.6
00776,20.78
00777B,31.08
00778B,33.06
00779B,27.13
00780B,36.23
00781B,26.98
00782B,29.22
00783,28.3
00784B,39.32
00785B,33.77
00786B,31.53
00787B,31.62
00788B,28.95
00789B,45.87
00790B,53.2
00791B,56.6
00792B,30.6
00793B,29.53
00794B,39.82
00795B,25.7
00796B,41.84
00797B,41.36
00798B,42.65
00799B,28.36
008201,101.2
00830,81.05
00831B,41.42
00832B,42.92
00833B,43.87
00834B,33.02
00835B,45.16
00836B,27.72
00837B,37.64
00838B,40.38
00839B,41.85
00840B,28.58
00841B,27.26
00842B,29.18
00843B,40.37
00844B,30.25
00845B,32.4
00846B,34.97
00847B,24.42
00848B,33.23
00849B,37.13
00850,93.2
00851,69.5
00852L,35.25
00853B,26.6
00854B,41.86
00855B,38.6
00856B,37.26
00857B,22.35
00858,35.7
00859B,40.92
00860B,37.72
00861,84.45
00862B,30.54
00863B,30.65
00864B,45.83
00865B,48.59
00866,21.84
00867B,29.23
00868B,36.17
00869B,36.69
00870B,27.23
00872B,37.13
00873B,37.28
00874B,38.04
00875,55.2
00876,86.3
00877,37.25
00878,33.76
00881,51.05
00882,14.93
00883B,30.98
00884B,28.52
00885,18.55
00886,47.2
00887,16.13
00888,34.08
00890B,31.04
00891,35.39
00892,41.37
00893,42.49
00894,48.27
00895,49.83
00896,28.52
00897,13.0
00898,10.76
00899,22.94
00900,19.54
00901,46.72
00902,13.41
00903,21.17
00904,41.29
00905,26.78
00906,11.95
00907,17.4
00908,15.31
00909,45.91
00910,57.3
00911,51.2
00912,35.24
00913,48.37
00915,32.38
00916,26.83
00917,24.02
00918,35.29
00919,32.31
00920,24.3
00921,24.76
00922,42.4
00923,40.35
00924,32.9
00925,16.1
00926,26.22
00927,37.35
00928,33.72
00929,29.46
00930,24.24
00931B,12.94
00932,17.61
00933B,15.5
00934,30.82
00935,59.6
00936,21.61
00937B,14.25
00938,25.76
00939,23.26
00940,12.93
00941,24.92
00942B,13.68
00943,21.45
00944,21.25
00945B,14.39
00946,15.74
00947,38.11
00948B,9.1
00949,22.19
00950B,13.58
00951,16.69
00952,18.52
00953B,9.63
00954,17.8
00955,15.93
00956,13.56
00957B,12.9
00958B,8.97
00959B,9.09
00960,20.96
00961,13.29
00962,15.6
00963,13.08
00964,14.94
00965,25.65
00966B,13.36
00967B,8.85
00968B,8.94
00969B,7.9
00970B,9.01
00971,17.41
00972,22.09
009800,12.95
009801,11.1
009802,20.49
009803,22.25
009804,23.11
009805,14.77
009806,13.55
009807,16.8
009808,31.36
009809,18.01
00980A,25.14
00980B,9.13
00980D,20.04
00980T,11.73
009810,21.23
009811,13.19
009812,12.95
009813,11.19
009814,11.33
009815,11.42
009816,15.89
009817,8.99
009818,19.74
009819,9.74
00981A,30.37
00981B,9.14
00981D,10.28
00981T,11.85
009820,9.77
009821,15.16
009822,9.55
009823,10.4
009824,9.96
009825,10.02
009826,10.07
009829,10.46
00982A,23.34
00982B,9.44
00982D,9.65
00982T,15.87
00983A,12.44
00983B,15.03
00983D,9.86
00984A,15.9
00984B,15.74
00984D,9.91
00985A,23.5
00985B,10.16
00985D,9.78
00986A,14.24
00986B,9.56
00986D,14.31
00987A,16.88
00987B,15.8
00987D,9.92
00988A,16.17
00988B,19.48
00989A,17.02
00989B,10.02
00990A,15.13
00990B,9.93
00991A,18.24
00991B,14.72
00992A,18.87
00993A,13.71
00994A,17.32
00995A,17.77
00996A,14.38
00997A,11.09
00998A,17.83
00999A,11.62
020000,31.25
020001,28.77
020002,11.12
020003,15.89
020004,33.28
020005,19.35
020006,32.05
020007,41.23
020008,13.31
020009,26.67
020010,13.56
020011,16.4
020012,23.0
020013,14.84
020014,6.3
020015,18.69
020016,28.32
020018,24.94
020019,21.59
02001B,8.75
020020,28.72
020021,4.42
020022,7.62
020023,7.2
020024,5.94
020025,37.82
020026,6.37
020027,10.65
02002L,7.38
02003L,4.34
1101,25.3
1101B,43.25
1102,35.15
1103,13.25
1104,27.1
1108,11.7
1109,13.5
1110,16.1
1201,12.2
1203,44.3
1210,51.7
1213,7.54
1215,108.0
1216,76.2
1217,10.0
1218,14.5
1219,11.5
1220,10.7
1225,25.35
1227,28.45
1229,41.6
1231,80.3
1232,157.0
1233,28.35
1234,33.3
1235,37.35
1236,25.85
1240,58.0
1256,178.0
1258,26.85
1259,63.8
1262,34.9
1264,253.0
1268,182.5
1294,53.9
1295,45.5
1301,67.8
1303,234.5
1304,12.65
1305,12.6
1307,30.6
1308,14.5
1309,13.85
1310,8.85
1312,15.65
1312A,23.0
1313,12.15
1314,8.26
1315,66.1
1316,10.95
1319,83.2
1321,32.65
1323,21.25
1324,10.1
1325,25.65
1326,74.3
1333,1.44
1336,17.0
1337,4.61
1338,14.55
1339,43.45
1340,5.21
1341,59.6
1342,103.0
1402,29.4
1409,25.65
1410,24.9
1413,9.24
1414,18.9
1416,11.7
1417,8.31
1418,17.65
1419,67.2
1423,35.6
1432,15.05
1434,18.35
1435,22.0
1436,38.7
1437,31.95
1438,22.4
1439,29.2
1440,13.85
1441,8.82
1442,29.55
1443,23.7
1444,7.08
1445,10.3
1446,13.6
1447,6.9
1449,12.4
1451,17.3
1452,11.4
1453,11.15
1454,12.3
1455,10.25
1456,14.25
1457,14.4
1459,15.5
1460,6.61
1463,17.55
1464,10.05
1465,12.35
1466,16.1
1467,8.3
1468,13.0
1470,24.85
1471,9.94
1472,88.5
1473,20.0
1474,9.97
1475,26.1
1476,314.5
1477,195.5
1503,208.5
1504,73.5
1506,10.05
1507,64.8
1512,6.38
1513,166.0
1514,103.5
1515,32.95
1516,13.8
1517,11.15
1519,761.0
1521,25.9
1522,27.6
1522A,51.0
1524,27.2
1525,67.6
1526,16.2
1527,32.6
1528,19.1
1529,17.0
1530,28.55
1531,11.95
1532,23.2
1533,31.1
1535,45.7
1536,49.35
1537,118.0
1538,8.96
1539,15.6
1540,19.55
1541,21.9
1558,103.0
1560,744.0
1563,66.0
1565,99.6
1566,19.65
1568,29.2
1569,46.35
1570,33.1
1580,104.5
1582,75.9
1583,48.25
1584,18.25
1586,18.05
1587,24.05
1589,5.54
1590,1445.0
1591,36.65
1592,2.57
1593,31.65
1595,66.4
1597,144.5
1598,20.25
1599,22.95
1603,30.6
1604,23.3
1605,38.75
1608,37.35
1609,37.25
1611,11.8
1612,34.75
1614,30.8
1615,44.1
1616,19.45
1617,19.6
1618,39.9
1623,208.0
1626,9.65
1701,21.15
1702,32.8
1707,90.8
1708,51.3
1709,36.4
1710,16.1
1711,44.0
1712,40.15
1713,45.0
1714,18.55
1717,84.7
1718,11.15
1720,56.1
1721,20.85
1722,44.65
1723,85.6
1724,15.6
1725,31.6
1726,77.0
1727,95.3
1730,51.4
1731,21.0
1732,26.1
1733,32.2
1734,30.6
1735,21.65
1736,124.0
1737,30.7
1742,17.9
1752,31.65
1760,58.0
1762,35.8
1773,171.5
1776,17.1
1777,74.2
1780,24.6
1781,10.4
1783,39.7
1784,60.5
1785,103.0
1786,47.1
1787,26.15
1788,129.0
1789,19.0
1795,186.5
1796,29.9
1799,30.5
1802,61.3
1805,10.15
1806,8.07
1808,34.85
1809,38.9
1810,24.7
1813,11.5
1815,129.0
1817,40.3
1902,20.65
1903,47.95
1904,24.85
1905,13.7
1906,11.3
1907,29.85
1909,11.0
2002,19.05
2002A,37.2
2006,81.2
2007,7.0
2008,31.2
2009,40.7
2010,22.45
2012,14.65
2013,41.8
2014,17.05
2015,64.2
2017,9.15
2020,21.9
2022,7.57
2023,13.7
2024,13.4
2025,12.8
2027,49.8
2028,15.8
2029,21.9
2030,22.75
2031,45.15
2032,17.35
2033,23.9
2034,20.6
2035,26.6
2038,12.8
2049,359.0
2059,14150.0
2061,55.0
2062,19.1
2063,24.05
2064,12.4
2065,36.55
2066,54.2
2067,4.92
2069,21.15
2070,68.1
2072,141.5
2073,26.4
2101,31.4
2102,18.5
2103,28.8
2104,10.45
2105,31.15
2106,17.45
2107,27.0
2108,30.5
2109,14.8
2114,89.3
2115,23.95
2201,31.5
2204,54.8
2206,63.2
2207,518.0
2208,19.15
2211,83.1
2221,77.7
2227,48.05
2228,74.6
2230,22.1
2231,91.9
2233,176.0
2235,28.3
2236,120.0
2237,27.95
2239,20.1
2241,34.05
2243,46.2
2247,231.0
2248,61.9
2250,58.8
2254,61.5
2258,31.5
2301,300.5
2302,44.0
2303,132.5
2305,29.55
2308,1865.0
2312,33.05
2313,252.0
2314,11.4
2316,166.5
2317,256.0
2321,14.35
2323,10.95
2324,39.9
2327,568.0
2328,47.5
2329,43.7
2330,2440.0
2331,19.7
2332,19.85
2337,122.5
2338,39.25
2340,34.1
2342,41.2
2344,176.0
2345,2205.0
2347,86.0
2348,70.7
2348A,38.3
2349,11.1
2351,226.0
2352,28.4
2353,31.75
2354,65.9
2355,44.2
2356,66.6
2357,1010.0
2358,4.56
2359,144.0
2360,2030.0
2362,47.7
2363,51.5
2364,66.9
2365,29.95
2367,44.65
2368,1225.0
2369,31.7
2371,28.65
2373,53.1
2374,68.7
2375,127.0
2376,359.0
2377,154.0
2379,744.0
2380,18.5
2382,342.0
2383,5640.0
2385,107.0
2387,36.9
2388,73.3
2390,10.25
2392,45.9
2393,65.4
2395,711.0
2397,62.4
2399,46.15
2401,25.45
2402,62.2
2404,1100.0
2405,15.3
2406,28.4
2408,518.0
2409,26.4
2412,136.0
2413,43.2
2414,52.3
2415,28.95
2417,43.5
2419,25.4
2420,55.1
2421,177.0
2423,74.3
2424,8.05
2425,37.45
2426,107.5
2427,22.2
2428,256.0
2429,32.7
2430,17.8
2431,10.3
2432,27.45
2433,41.55
2434,68.2
2436,66.7
2438,18.25
2439,78.6
2440,14.3
2441,119.5
2442,19.35
2443,3.57
2444,11.0
2448,41.4
2449,279.0
2450,28.15
2451,295.0
2453,52.2
2454,4315.0
2455,524.0
2456,94.6
2457,22.7
2458,138.0
2459,66.7
2460,29.1
2461,18.3
2462,20.55
2464,184.5
2465,95.8
2466,99.5
2467,624.0
2468,33.45
2471,50.5
2472,224.0
2474,213.5
2476,127.5
2477,21.6
2478,123.5
2480,155.5
2481,157.0
2482,15.95
2483,34.8
2484,76.7
2485,42.9
2486,276.0
2488,48.25
2489,42.8
2491,45.75
2492,302.5
2493,187.0
2495,37.95
2496,54.6
2497,45.2
2498,40.9
2499,4.12
2501,22.5
2504,31.45
2505,17.0
2506,8.56
2509,15.25
2511,8.3
2514,11.8
2515,12.05
2516,14.1
2520,36.1
2524,34.9
2527,43.95
2528,19.95
2530,19.75
2534,17.15
2535,89.2
2536,20.8
2537,11.7
2538,8.83
2539,35.55
2540,48.1
2542,47.9
2543,38.65
2545,34.55
2546,104.0
2547,9.98
2548,93.2
2596,35.2
2597,170.5
2601,6.76
2603,238.0
2605,34.75
2606,75.0
2607,53.6
2608,28.6
2609,57.6
2610,20.35
2611,14.8
2612,60.9
2613,22.7
2614,18.25
2615,114.5
2616,13.45
2617,31.2
2618,42.4
2630,51.3
2633,26.25
2634,67.0
2636,69.6
2637,95.6
2640,156.5
2641,17.9
2642,20.5
2643,63.2
2645,176.0
2646,20.65
2701,10.45
2702,12.7
2704,45.0
2705,15.85
2706,12.5
2707,179.0
2712,14.4
2718,41.8
2719,20.3
2722,21.65
2723,82.8
2724,10.9
2726,8.21
2727,232.5
2729,155.0
2731,143.5
2732,65.2
2734,15.0
2736,11.75
2739,37.85
2740,30.85
2743,59.0
2745,88.3
2748,38.85
2751,51.6
2752,177.0
2753,179.5
2754,69.5
2755,102.0
2756,62.3
2762,82.3
2801,25.2
2809,56.6
2812,19.1
2816,38.65
2820,16.55
2823,30.55
2832,58.9
2834,17.1
2836,12.0
2836A,24.1
2838,20.25
2838A,52.0
2841,2.68
2845,13.65
2849,14.4
2850,160.5
2851,45.85
2852,28.25
2855,50.0
2867,9.7
2880,41.95
2881,145.0
2881A,61.8
2881B,60.9
2881C,51.5
2882,111.0
2882A,60.4
2882B,58.9
2883,34.95
2883B,8.21
2884,39.9
2885,66.7
2886,48.5
2887,40.3
2887E,48.85
2887F,45.75
2887G,44.1
2887H,42.1
2887I,9.52
2887Z1,21.0
2888,11.8
2888A,36.5
2888B,36.8
2889,15.65
2890,41.5
2891,66.5
2891B,62.1
2891C,61.6
2892,35.9
2897,10.6
2897B,11.6
2901,23.55
2903,22.2
2904,12.85
2905,17.4
2906,13.9
2908,21.95
2910,23.8
2911,6.42
2912,216.0
2913,11.15
2915,56.7
2916,40.0
2923,24.75
2924,17.55
2926,30.6
2928,31.85
2929,5.55
2936,40.35
2937,44.45
2939,19.7
2941,31.8
2945,40.0
2947,61.5
2948,38.3
2949,61.1
3002,17.2
3003,68.0
3004,120.0
3005,118.5
3006,278.5
3008,7580.0
3010,128.0
3011,10.25
3013,92.4
3014,131.5
3015,53.6
3016,104.0
3017,3410.0
3018,12.8
3019,143.5
3021,20.4
3022,92.5
3023,320.0
3024,14.85
3025,52.2
3026,731.0
3027,18.2
3028,64.6
3029,112.5
3030,297.5
3031,24.5
3032,81.6
3033,44.25
3034,552.0
3035,183.5
3036,196.0
3036A,52.0
3037,971.0
3038,20.2
3040,36.25
3041,23.2
3042,182.0
3043,21.35
3044,503.0
3045,115.5
3046,56.6
3047,13.75
3048,54.8
3049,13.3
3050,11.6
3051,22.8
3052,10.6
3054,58.4
3055,129.5
3056,14.05
3057,17.6
3058,8.19
3059,39.2
3060,26.7
3062,20.8
3064,18.95
3066,25.55
3067,18.3
3071,24.7
3073,22.15
3078,48.45
3081,3425.0
3083,23.25
3085,11.8
3086,32.7
3088,125.5
3089,81.0
3090,173.0
3092,24.0
3093,48.2
3094,41.2
3095,35.8
3105,492.0
3114,34.15
3115,8.61
3118,31.9
3122,26.15
3128,20.1
3130,210.5
3131,2480.0
3135,173.0
3138,97.8
3141,90.5
3144,38.2
3147,219.0
3149,64.2
3150,17.05
3152,242.5
3158,83.5
3162,71.9
3163,761.0
3164,15.85
3167,800.0
3168,41.95
3169,110.5
3171,62.9
3176,35.15
3178,62.0
3188,24.65
3189,874.0
3191,17.6
3202,3.96
3205,47.05
3206,34.15
3207,38.6
3209,46.4
3211,406.0
3213,128.5
3217,138.0
3218,143.0
3219,89.2
3221,51.3
3224,34.25
3226,53.9
3227,196.5
3228,180.0
3229,50.9
3230,44.7
3231,182.0
3232,19.75
3234,200.0
3236,44.9
3252,15.5
3257,49.95
3259,13.75
3260,412.0
3264,237.5
3265,182.5
3266,14.0
3268,17.75
3272,14.25
3276,14.5
3284,20.65
3285,43.15
3287,37.7
3288,21.1
3289,143.0
3290,49.6
3293,711.0
3294,30.6
3296,24.05
3297,27.8
3303,51.8
3305,114.5
3306,44.85
3308,21.85
3310,68.8
3311,32.15
3312,52.4
3313,10.9
3317,63.2
3321,17.5
3322,11.25
3323,29.4
3324,1375.0
3325,11.35
3332,61.8
3338,66.8
3339,47.4
3346,19.6
3349,22.9
3354,23.7
3356,62.3
3357,215.5
3360,15.35
3362,200.0
3363,786.0
3372,14.95
3373,16.45
3374,421.5
3376,213.0
3379,29.15
3380,28.35
3383,1.7
3388,91.7
3390,22.4
3402,123.0
3406,1005.0
3413,284.0
3416,177.0
3419,12.0
3426,47.8
3430,113.0
3432,14.5
3434,29.7
3437,18.05
3438,66.7
3441,133.0
3443,5995.0
3444,81.7
3447,29.7
3450,625.0
3452,1.47
3454,99.4
3455,265.0
3465,29.3
3466,25.0
3467,49.1
3479,125.5
3481,49.3
3483,75.4
3484,49.6
3485,225.0
3489,22.7
3490,46.15
3491,1480.0
3492,19.25
3494,7.08
3498,203.5
3499,12.65
3501,39.6
3504,87.2
3508,22.2
3511,19.65
3512,19.7
3515,224.5
3516,25.9
3518,31.4
3520,17.3
3521,12.1
3522,11.6
3523,15.15
3526,285.0
3527,51.4
3528,84.0
3529,2640.0
3530,59.0
3531,21.45
3532,402.0
3533,1745.0
3535,88.7
3536,2.92
3537,55.3
3540,24.4
3541,21.65
3543,48.3
3545,49.9
3546,71.3
3548,85.5
3550,23.65
3551,181.0
3552,43.05
3555,205.0
3556,62.5
3557,24.4
3558,123.0
3562,14.8
3563,710.0
3564,44.7
3567,25.75
3570,163.0
3576,17.8
3577,115.0
3580,83.2
3581,113.5
3583,773.0
3587,253.5
3588,53.3
3591,22.7
3592,224.5
3593,10.9
3594,50.5
3596,159.5
3597,26.35
3605,125.5
3607,13.8
3609,18.05
3611,183.0
3615,37.55
3617,251.5
3622,53.1
3623,23.3
3624,90.2
3625,12.8
3628,68.5
3629,20.0
3630,26.05
3631,40.95
3632,7.32
3642,3.87
3645,73.5
3646,23.65
3652,32.8
3653,5885.0
3661,4275.0
3663,62.5
3664,7.59
3665,2315.0
3666,25.0
3669,35.25
3672,12.5
3673,67.8
3675,278.5
3679,108.0
3680,542.0
3682,7.47
3684,53.2
3685,37.7
3686,14.65
3687,63.8
3689,118.0
3691,106.5
3693,624.0
3694,50.8
3698,22.25
3701,41.05
3702,100.5
3703,19.55
3704,41.7
3705,55.9
3706,95.7
3707,63.2
3708,100.5
3709,66.6
3710,5.08
3711,610.0
3712,21.6
3713,14.75
3714,62.5
3715,132.5
3716,34.6
3717,22.3
4102,19.25
4104,71.1
4105,77.9
4106,24.35
4107,114.0
4108,11.55
4109,11.2
4111,28.75
4113,15.0
4114,29.8
4116,40.1
4119,56.3
4120,47.4
4121,13.05
4123,31.05
4126,77.8
4127,71.0
4128,15.0
4129,81.8
4130,26.7
4131,30.6
4133,20.75
4137,83.4
4138,51.8
4139,42.95
4141,26.1
4142,17.7
4144,26.9
4147,62.4
4148,31.05
4152,99.6
4153,32.1
4154,12.5
4155,14.5
4157,8.94
4160,39.6
4161,22.85
4162,58.4
4163,138.0
4164,25.9
4166,24.7
4167,19.5
4168,22.45
4169,154.0
4171,17.0
4173,17.4
4174,25.05
4175,51.7
4178,16.95
4180,70.9
4183,14.0
4188,14.55
4190,26.15
4192,19.0
4195,14.25
4198,43.95
4205,69.6
4207,20.5
4303,37.55
4304,22.8
4305,43.95
4306,15.05
4401,13.9
4402,14.85
4406,10.05
4413,19.95
4414,8.37
4416,12.45
4417,47.15
4419,45.75
4420,37.7
4426,7.57
4429,40.8
4430,17.8
4432,15.8
4433,18.95
4438,60.8
4439,96.7
4440,17.55
4441,172.5
4442,50.7
4502,15.65
4503,24.8
4506,122.0
4510,44.55
4513,16.1
4523,24.1
4526,30.55
4527,40.75
4528,15.05
4529,3.99
4530,28.6
4532,23.85
4533,26.45
4534,30.0
4535,28.05
4536,164.5
4538,17.7
4540,59.4
4541,66.5
4542,306.0
4543,30.45
4545,32.0
4549,102.0
4550,24.0
4551,167.5
4552,16.85
4554,29.85
4555,46.5
4556,70.6
4557,50.3
4558,17.5
4560,29.7
4561,43.65
4562,30.95
4563,44.75
4564,16.65
4566,65.3
4568,40.1
4569,168.0
4571,157.0
4572,144.5
4576,230.5
4577,87.4
4580,87.0
4581,47.55
4582,23.75
4583,467.5
4584,39.15
4585,294.5
4588,52.8
4590,87.9
4609,4.25
4702,9.68
4706,32.4
4707,32.25
4711,16.8
4712,2.85
4714,10.9
4716,17.55
4720,19.0
4721,73.7
4722,208.0
4725,17.9
4726,24.25
4728,405.0
4729,18.95
4735,37.8
4736,126.5
4737,57.5
4739,85.7
4741,42.85
4743,46.45
4744,27.0
4745,11.85
4746,48.75
4747,26.05
4749,799.0
4754,38.6
4755,120.0
4760,268.0
4763,50.0
4764,247.0
4766,350.0
4767,28.6
4768,307.5
4770,221.5
4771,215.0
4772,261.5
4803,3.6
4804,3.27
4806,9.0
4807,27.9
4903,37.6
4904,101.0
4905,89.4
4906,38.2
4907,47.8
4908,229.5
4909,39.15
4911,29.5
4912,98.7
4915,59.8
4916,99.7
4919,124.0
4923,54.2
4924,9.99
4927,41.75
4930,16.15
4931,260.5
4933,55.1
4934,14.0
4935,33.65
4938,91.0
4939,87.1
4942,33.2
4943,8.37
4944,11.6
4945,76.1
4946,91.8
4947,228.5
4949,81.7
4950,16.3
4951,79.2
4952,51.2
4953,122.5
4956,36.2
4958,535.0
4960,21.2
4961,167.5
4966,580.0
4967,276.0
4968,93.0
4971,660.0
4972,16.75
4973,153.0
4974,69.1
4976,37.8
4977,178.5
4979,600.0
4987,81.6
4989,64.7
4991,544.0
4994,83.1
4995,50.3
4999,18.8
5007,56.3
5009,34.15
5011,18.3
5013,28.55
5014,10.1
5015,22.1
5016,24.5
5102,24.65
5201,26.0
5202,12.0
5203,58.9
5205,20.55
5206,23.35
5209,155.5
5210,28.6
5211,19.15
5212,46.6
5213,21.0
5215,39.0
5220,20.0
5222,107.0
5223,23.5
5225,60.9
5227,31.45
5228,41.55
5230,17.9
5234,301.0
5236,137.0
5243,91.9
5244,34.7
5245,23.2
5251,26.3
5258,46.3
5259,7.86
5263,99.6
5264,87.1
5269,1470.0
5272,17.1
5274,17120.0
5276,18.3
5278,24.45
5281,15.8
5283,52.2
5284,337.0
5285,81.5
5287,136.5
5288,189.5
5289,1450.0
5291,72.4
5292,241.0
5299,98.1
5301,5.75
5302,10.35
5304,3.32
5305,42.3
5306,93.9
5309,53.5
5310,24.3
5312,91.6
5314,35.3
5315,19.15
5321,78.2
5324,12.3
5328,62.3
5340,84.3
5344,13.6
5345,21.9
5347,153.5
5348,16.8
5349,25.4
5351,119.5
5353,28.1
5355,5.86
5356,26.1
5364,8.46
5371,83.5
5381,26.5
5383,41.5
5386,277.5
5388,77.1
5392,44.7
5398,14.2
5403,94.3
5410,35.65
5425,95.2
5426,30.5
5432,151.5
5434,540.0
5438,16.85
5439,275.0
5443,111.5
5450,14.7
5452,27.85
5455,30.4
5457,27.9
5460,15.9
5464,69.0
5465,24.7
5468,25.2
5469,74.0
5471,61.4
5474,151.5
5475,200.5
5478,98.4
5481,20.8
5483,183.5
5484,40.0
5487,29.5
5488,12.05
5489,41.55
5490,27.9
5493,86.8
5498,56.4
5508,52.9
5511,71.0
5512,7.73
5514,14.8
5515,52.5
5516,11.75
5519,27.7
5520,82.8
5521,10.55
5522,62.4
5523,30.35
5525,21.85
5529,22.7
5530,50.2
5531,7.27
5533,13.95
5534,75.9
5536,883.0
5538,37.05
5543,29.95
5546,14.3
5547,19.85
5548,20.45
5601,30.5
5603,14.05
5604,30.85
5607,51.7
5608,16.7
5609,77.8
5701,4.45
5703,13.95
5704,23.55
5706,44.95
5820,11.7
5864,36.6
5871,114.0
5871A,100.0
5876,44.5
5878,38.5
5880,25.6
5902,34.7
5903,185.5
5904,73.5
5905,7.79
5906,38.0
5907,4.96
6005,32.05
6015,16.6
6016,21.55
6020,20.95
6021,39.1
6023,85.6
6024,63.1
6026,15.15
6028,96.2
6101,37.7
6103,44.6
6104,98.0
6108,23.9
6109,10.9
6111,38.15
6112,45.15
6113,23.1
6114,25.25
6115,44.1
6116,14.3
6117,64.1
6118,15.2
6120,12.65
6121,408.5
6122,48.05
6123,43.55
6124,27.05
6125,50.8
6126,30.15
6127,50.4
6128,19.95
6129,13.1
6130,26.8
6131,5.18
6133,23.05
6134,28.95
6136,24.6
6138,293.5
6139,770.0
6140,16.95
6141,58.0
6142,8.86
6143,88.5
6144,13.65
6146,194.0
6147,183.5
6148,28.0
6150,60.9
6151,35.9
6152,13.8
6153,17.95
6154,14.1
6155,57.6
6156,21.3
6158,16.85
6160,15.05
6161,50.0
6163,41.95
6164,12.25
6165,49.85
6166,117.5
6167,10.45
6168,27.95
6169,12.35
6170,48.0
6171,26.45
6172,20.1
6173,261.5
6174,44.75
6175,73.7
6176,92.1
6177,47.55
6179,30.2
6180,40.8
6182,116.0
6183,91.1
6184,40.65
6185,12.9
6186,31.35
6187,1375.0
6188,67.9
6189,48.15
6190,71.6
6191,84.3
6192,117.5
6194,29.75
6195,27.95
6196,507.0
6197,317.0
6198,19.4
6199,93.1
6201,44.2
6202,59.0
6203,60.3
6204,90.0
6205,68.5
6206,139.0
6207,107.5
6208,81.6
6209,81.9
6210,18.0
6212,30.95
6213,550.0
6214,182.5
6215,99.1
6216,20.5
6217,189.5
6218,41.6
6219,12.1
6220,25.85
6221,21.55
6222,20.0
6223,5410.0
6224,77.3
6225,57.5
6226,34.0
6227,113.5
6228,17.3
6229,23.95
6230,110.5
6231,222.5
6233,21.3
6234,35.8
6235,39.3
6236,19.05
6237,35.15
6238,179.5
6239,284.0
6240,25.8
6241,17.25
6242,33.6
6243,39.55
6244,23.9
6245,78.8
6246,12.35
6247,15.45
6248,17.15
6251,20.3
6257,221.5
6259,30.6
6261,81.9
6263,165.5
6264,6.05
6265,56.7
6266,24.75
6269,75.2
6270,29.65
6271,231.0
6272,25.15
6274,1450.0
6275,46.05
6276,20.2
6277,78.4
6278,200.0
6279,126.5
6281,51.3
6282,44.9
6283,19.95
6284,80.1
6285,249.0
6287,8.89
6288,20.95
6289,1.35
6290,259.5
6291,424.0
6292,61.8
6294,28.9
6404,4.64
6405,40.65
6409,1030.0
6411,80.6
6412,79.1
6414,396.0
6415,418.5
6416,100.5
6417,106.5
6418,35.6
6419,154.0
6423,82.8
6425,67.4
6426,270.0
6431,19.6
6432,62.8
6435,248.5
6438,156.0
6441,21.35
6442,1635.0
6443,25.75
6446,1310.0
6449,236.0
6451,455.0
6452,56.6
6456,70.4
6457,62.1
6461,16.65
6462,101.0
6464,77.3
6465,47.5
6469,67.6
6470,41.6
6472,420.0
6474,36.8
6477,35.6
6482,24.85
6485,62.0
6486,76.6
6488,994.0
6491,396.5
6492,34.35
6494,55.0
6496,24.35
6497,5.66
6498,73.6
6499,74.3
6504,37.9
6505,76.7
6506,18.0
6508,25.95
6509,46.0
6510,3125.0
6512,20.6
6514,50.8
6515,6910.0
6516,58.3
6517,69.1
6523,89.6
6525,143.0
6526,667.0
6527,74.5
6530,96.4
6531,958.0
6532,98.6
6533,262.5
6534,91.5
6535,74.8
6538,226.0
6541,32.5
6542,44.15
6546,63.0
6547,61.3
6548,72.8
6550,10.7
6552,24.55
6556,61.0
6558,24.6
6560,31.0
6561,322.5
6568,132.5
6569,92.0
6570,51.7
6573,17.2
6574,119.5
6576,81.0
6577,80.0
6578,17.9
6579,150.0
6581,108.5
6582,32.15
6584,667.0
6585,112.5
6588,109.0
6589,48.0
6590,64.3
6591,42.5
6592,60.2
6592A,95.8
6592B,94.7
6593,31.75
6594,31.3
6596,96.3
6597,75.9
6598,28.15
6603,25.55
6605,138.0
6606,25.55
6609,40.1
6612,71.5
6613,274.0
6614,35.5
6615,34.6
6616,8.2
6617,122.0
6620,86.8
6624,41.3
6625,75.9
6629,109.0
6637,55.8
6640,1120.0
6641,17.35
6642,82.3
6643,422.0
6645,12.3
6649,35.4
6651,155.5
6654,210.0
6655,115.0
6657,30.6
6658,188.5
6661,17.15
6662,29.6
6664,365.0
6666,44.4
6667,217.5
6668,42.85
6669,7800.0
6670,277.5
6671,23.0
6672,278.5
6674,15.8
6679,208.5
6680,52.9
6683,1330.0
6684,46.7
6689,61.7
6690,164.0
6691,631.0
6692,23.15
6693,183.5
6695,48.55
6697,40.5
6698,32.5
6703,103.0
6706,127.0
6708,37.55
6712,157.5
6715,335.5
6716,126.0
6719,192.0
6720,132.0
6721,51.7
6722,32.85
6725,229.0
6727,576.0
6728,109.0
6730,33.0
6732,151.5
6733,27.7
6735,66.5
6739,1150.0
6741,60.0
6742,45.6
6743,28.0
6747,199.0
6751,41.8
6752,97.0
6753,142.5
6754,42.1
6756,102.0
6757,55.5
6761,188.0
6762,163.0
6763,41.35
6767,25.5
6768,64.6
6770,70.8
6771,41.75
6776,53.0
6781,1155.0
6782,249.5
6785,92.2
6788,379.5
6789,490.0
6790,38.0
6791,101.0
6792,59.6
6794,76.9
6796,59.7
6799,81.9
6803,270.0
6804,18.45
6805,2285.0
6806,3.51
6807,32.9
6811,226.5
6821,42.75
6823,61.3
6829,251.0
6830,572.0
6831,609.0
6834,89.9
6835,31.0
6838,23.0
6840,92.5
6841,54.3
6843,39.0
6844,60.2
6846,58.4
6854,96.0
6855,116.0
6856,42.55
6859,109.5
6861,193.5
6862,141.0
6863,109.0
6865,25.9
6869,68.0
6870,277.0
6872,14.0
6873,69.0
6874,83.6
6875,32.95
6877,115.0
6881,216.0
6884,30.0
6885,23.35
6887,37.35
6890,168.0
6894,355.5
6895,167.5
6899,50.1
6901,15.45
6902,127.0
6903,318.0
6904,125.5
6906,77.3
6907,184.5
6908,30.3
6909,41.15
6910,25.2
6913,162.5
6914,121.5
6916,18.6
6918,77.6
6919,91.2
6921,64.5
6922,205.5
6923,76.0
6924,114.5
6925,50.9
6928,47.85
6929,23.9
6931,41.6
6933,314.5
6934,74.8
6936,32.6
6937,289.0
6944,719.0
6945,96.5
6947,70.1
6949,1490.0
6950,28.15
6951,71.7
6952,38.1
6953,250.0
6955,105.5
6957,220.5
6958,17.25
6958A,20.5
6961,50.5
6962,32.45
6965,73.8
6967,72.6
6968,41.65
6969,34.9
6971,26.15
6982,47.55
6983,355.5
6986,42.9
6988,11.4
6994,35.75
6996,182.0
6997,68.0
7402,109.5
7547,51.6
7556,253.0
7584,25.5
7610,1605.0
7631,147.0
7642,77.1
7689,175.0
7703,182.5
7704,62.1
7705,30.35
7708,92.0
7709,72.5
7711,575.0
7712,155.0
7713,73.8
7714,167.5
7715,29.5
7716,23.85
7717,429.5
7718,47.0
7721,61.4
7722,280.5
7723,19.1
7728,653.0
7730,173.0
7732,34.1
7734,2880.0
7736,68.7
7738,170.0
7740,132.5
7743,21.2
7744,500.0
7747,113.0
7749,371.0
7750,2345.0
7751,1660.0
7753,36.55
7757,90.5
7760,33.0
7765,223.5
7767,44.55
7768,292.5
7769,5870.0
7770,36.0
7772,91.0
7777,39.9
7780,16.85
7782,26.0
7786,117.5
7788,320.5
7791,56.0
7792,314.0
7794,28.45
7795,538.0
7799,370.0
7803,19.3
7805,510.0
7810,220.5
7811,72.7
7814,29.3
7818,60.5
7819,34.7
7820,119.0
7821,39.3
7822,940.0
7823,83.8
7827,154.0
7828,1810.0
7835,28.0
7839,44.2
7842,100.0
7855,42.95
8011,15.85
8016,297.5
8021,450.0
8024,13.2
8027,185.0
8028,255.0
8032,36.6
8033,185.5
8034,19.85
8038,32.0
8039,319.0
8040,75.4
8042,107.5
8043,147.0
8044,24.25
8045,51.3
8046,1225.0
8047,44.0
8048,52.8
8049,24.65
8050,56.5
8054,83.7
8059,13.55
8064,105.0
8066,14.45
8067,12.25
8068,16.9
8069,158.0
8070,50.3
8071,23.95
8072,26.2
8074,56.3
8076,23.3
8077,44.2
8080,29.0
8081,259.5
8083,158.5
8084,45.4
8085,16.1
8086,123.0
8087,26.4
8088,44.35
8089,17.4
8091,221.0
8092,13.05
8093,28.0
8096,111.5
8097,49.0
8099,61.5
8101,11.95
8102,66.5
8103,126.5
8104,31.05
8105,15.85
8107,12.5
8109,132.0
8110,45.15
8111,75.4
8112,91.3
8112A,45.05
8114,196.0
8121,27.9
8131,63.5
8147,129.0
8150,93.2
8155,369.5
8162,62.8
8163,31.2
8171,20.1
8176,9.89
8182,40.55
8183,29.2
8201,11.9
8210,990.0
8213,33.5
8215,25.25
8222,38.5
8227,164.0
8234,68.3
8240,48.9
8249,41.0
8255,150.0
8261,182.0
8271,226.0
8272,65.0
8277,8.03
8279,79.6
8284,66.3
8287,0.73
8289,47.1
8291,33.0
8299,2125.0
8341,75.4
8342,87.0
8349,39.1
8349A,45.55
8354,17.3
8358,526.0
8367,41.0
8374,80.7
8383,66.8
8390,98.7
8401,22.75
8403,19.1
8404,16.35
8406,278.5
8409,18.3
8410,30.5
8411,12.9
8415,37.15
8416,169.5
8418,8.95
8420,40.6
8421,13.1
8422,26.75
8423,17.95
8424,69.0
8426,21.05
8427,74.9
8429,6.01
8431,54.4
8432,50.5
8433,55.4
8435,53.6
8436,115.5
8437,9.21
8438,72.1
8440,20.2
8442,45.4
8443,11.4
8444,4.89
8446,85.0
8450,14.5
8454,247.0
8455,23.0
8462,171.5
8463,21.3
8464,372.5
8466,15.55
8467,92.4
8472,66.7
8473,46.3
8476,19.35
8477,15.3
8478,142.0
8480,84.6
8481,41.0
8482,48.3
8487,70.5
8488,9.92
8489,22.25
8497,65.5
8499,259.0
8905,34.6
8906,28.65
8908,40.85
8913,13.3
8916,40.9
8917,52.5
8921,16.45
8923,18.75
8924,50.5
8926,56.7
8927,19.4
8928,24.6
8929,13.15
8930,30.05
8931,41.4
8932,93.7
8933,4.7
8934,36.1
8935,18.05
8936,50.8
8937,29.5
8938,50.8
8940,15.5
8941,44.0
8942,42.15
8996,1175.0
9103,5.09
910322,25.0
910482,0.25
9105,8.64
910861,3.81
9110,3.0
911608,2.65
911616,0.48
911619,0.11
911622,3.58
911868,1.17
912000,2.49
912398,5.15
9136,11.2
9157,0.86
9188,3.47
9802,71.7
9902,13.8
9904,24.9
9905,21.35
9906,40.25
9907,15.45
9908,29.0
9910,68.3
9911,82.8
9912,12.75
9914,82.1
9917,106.0
9918,42.9
9919,13.95
9921,102.5
9924,38.65
9925,40.05
9926,48.75
9927,69.7
9928,17.75
9929,10.85
9930,63.2
9931,33.95
9933,41.0
9934,11.1
9935,19.65
9937,55.1
9938,41.6
9939,132.5
9940,20.25
9941,80.0
9941A,49.05
9942,115.0
9943,51.3
9944,17.25
9945,28.05
9946,17.3
9949,24.05
9950,10.3
9951,54.6
9955,24.1
9958,90.6
9960,31.0
9962,10.4
```

