# 收盤價 MD
# T:2026-09-17 05:14

## [CLOSE]
```csv
代號,收盤價
2330,2380.0
2454,4530.0
6669,2165.0
2408,492.5
2308,1710.0
2303,142.0
3081,2805.0
2327,536.0
3008,6225.0
2344,169.0
3105,472.5
6147,207.5
6213,550.0
3037,961.0
1303,224.0
4958,493.5
2481,168.5
8358,510.0
2455,515.0
6274,1415.0
6173,315.0
3189,820.0
8046,1105.0
3017,3175.0
3653,5240.0
2383,5085.0
2409,29.4
3443,6170.0
0050,106.9
3324,1360.0
6770,69.9
3026,772.0
6488,937.0
3231,183.0
3661,3345.0
2382,340.5
8299,1985.0
3374,424.0
3711,605.0
2368,992.0
1815,118.5
2426,99.8
2059,12045.0
6182,112.0
3665,1995.0
3481,48.7
2317,248.0
3450,541.0
2492,307.5
2345,1840.0
00918,35.68
2313,225.0
3406,1005.0
00981A,28.33
6442,1575.0
00919,31.99
2301,277.0
8021,440.0
2891,70.8
3441,186.0
00631L,35.56
6683,1595.0
8039,275.5
3532,440.0
3006,281.0
2881,153.0
2882,112.5
6531,949.0
5274,18250.0
2603,239.0
2615,115.0
6446,1205.0
3605,140.0
2887,44.4
3624,123.0
2351,236.0
4908,240.5
2337,119.0
3042,185.5
2609,60.2
3167,824.0
5425,94.8
2357,939.0
7769,6125.0
2360,2090.0
6223,5600.0
3016,115.5
6510,3230.0
5269,1475.0
2412,143.5
6805,2045.0
3363,684.0
2468,43.65
2449,261.5
7610,1730.0
6505,80.5
2884,46.45
3491,1440.0
00406A,9.34
6239,274.5
6515,6210.0
2379,720.0
4991,428.0
2890,45.3
2883,39.15
6706,147.0
3044,504.0
5483,183.5
3034,548.0
2395,695.0
6672,304.0
2489,41.25
8996,1300.0
3529,2700.0
2464,183.0
2376,350.0
3029,119.5
3036,191.0
6715,393.0
2338,50.7
2886,50.9
3260,399.5
3163,663.0
6451,421.0
00685L,11.73
2305,49.4
4971,574.0
00712,8.21
6187,1220.0
3533,1510.0
1301,62.4
2801,28.9
6139,707.0
5347,158.0
1590,1240.0
5289,1295.0
1326,65.8
009816,15.89
3045,124.5
3362,177.0
5475,182.0
00929,28.84
2885,69.4
2892,40.0
3211,370.0
2221,105.5
2377,153.5
0056,55.55
4977,176.5
6426,330.0
8111,72.8
6209,80.0
6285,219.0
8028,233.0
00679B,25.4
2880,47.35
00632R,9.95
6830,529.0
1727,95.6
2324,37.35
3019,137.5
6218,54.1
00878,34.47
00403A,10.02
6291,490.5
3293,708.0
2451,282.5
6148,36.65
3264,223.0
6415,418.5
6290,264.0
1709,39.05
3702,106.0
0052,61.95
2404,1035.0
3693,681.0
2637,102.5
00991A,17.11
8150,87.1
7799,457.0
1528,24.95
8227,272.0
7711,514.0
3376,176.5
2049,331.5
8103,120.0
3714,64.3
1802,58.5
2486,229.5
2027,46.55
2634,65.0
8064,118.5
4904,105.0
3680,511.0
6257,210.0
00881,49.65
00637L,19.17
5351,105.5
6271,228.0
4938,89.0
2474,207.0
4939,82.0
8069,148.0
2353,32.0
4979,547.0
2484,71.4
6168,32.15
00935,56.35
3234,177.5
6861,223.0
2542,45.9
5880,27.35
2834,18.2
1216,74.5
00937B,14.11
2356,61.7
4967,275.0
3498,190.5
5871,112.5
6207,109.5
7828,2005.0
9958,89.2
4931,236.0
1519,706.0
1717,70.7
2002,18.65
00673R,9.95
8261,173.5
7717,527.0
1560,741.0
3675,295.5
8210,883.0
2605,36.05
8271,210.0
00663L,102.55
006208,244.6
6214,191.0
2618,41.3
5314,30.8
6789,434.0
6179,37.7
3707,63.0
00662,118.4
2493,188.0
2606,76.0
7795,476.0
00961,13.17
1101,24.05
6278,183.0
4915,65.6
3141,92.8
00992A,17.52
6414,367.5
2354,65.2
6217,165.0
8112,82.5
6620,134.0
6196,521.0
00830,79.45
6199,102.5
4763,44.9
3229,61.1
5434,537.0
7734,2490.0
00400A,14.52
6112,49.7
7788,292.0
5386,291.0
2413,53.0
1504,70.2
1477,191.0
6691,618.0
00922,41.61
3718,64.9
8027,174.0
4540,60.4
2207,520.0
2472,210.5
6919,81.6
3706,79.0
2312,30.95
5904,73.6
2889,17.3
4961,181.0
1402,27.4
1605,36.75
9904,24.5
4919,116.0
2912,215.0
3131,2325.0
3455,240.5
8096,89.8
3490,44.8
5876,49.75
3023,320.5
4576,233.0
00687B,26.39
00953B,9.54
3715,123.5
009828,9.36
6005,30.85
6933,314.5
6834,100.0
1476,284.0
2347,88.7
6727,477.0
5340,84.0
8033,169.0
3583,671.0
2399,47.3
00988A,15.8
6693,184.0
4956,35.25
00715L,71.6
2105,29.9
2467,519.0
3094,44.55
6226,39.9
009829,10.41
00927,37.21
6739,1050.0
2441,116.5
6409,880.0
3055,164.0
2385,105.5
2302,44.2
3090,163.5
8431,65.0
00708L,78.05
6526,629.0
2610,19.95
2236,114.0
00896,26.42
00891,34.99
6116,14.15
2855,51.6
3467,71.6
6227,133.0
8042,114.0
6949,53.1
3147,233.0
00405A,8.46
2332,19.35
2421,160.5
2812,19.3
6221,29.1
7750,1895.0
00633L,46.37
6668,43.2
2254,74.2
00713,64.4
3673,64.0
1312,14.8
8932,89.3
00982A,22.18
8086,107.5
6781,1005.0
3035,173.5
1785,94.7
1409,23.95
7751,1400.0
00998A,17.78
3515,211.0
00646,76.1
6617,138.0
4749,716.0
6121,376.5
1102,34.95
6831,525.0
00940,12.89
8436,103.5
9933,42.75
00980A,24.08
6811,246.0
00675L,310.85
2359,129.5
6538,380.5
3005,115.0
6530,96.6
3162,73.5
4768,313.0
2478,120.0
1513,162.5
6689,67.0
2352,29.15
6269,65.0
5439,243.5
3149,61.3
2851,46.35
4966,541.0
5469,74.7
6472,412.0
6190,68.8
2388,71.3
5536,839.0
2436,68.0
2363,52.0
2375,120.5
2316,158.5
7765,240.0
3580,90.8
1795,178.0
2342,40.55
2006,81.1
5328,52.7
3504,80.6
6547,60.5
2371,28.25
00795B,25.53
00892,41.18
6197,295.0
6870,316.0
6944,685.0
6491,393.0
8926,58.5
2374,66.7
4989,61.3
2103,26.85
2645,170.5
6584,555.0
2915,56.6
00757,138.6
6690,181.0
00923,39.58
6282,42.65
6640,1115.0
6829,212.5
1319,78.8
00859B,40.59
6416,118.0
5388,71.9
00753L,8.82
2633,25.95
2340,33.1
2498,40.2
6588,110.0
4927,42.6
1503,195.5
00865B,48.85
2428,254.0
6146,175.5
3563,642.0
8016,277.5
00724B,32.27
00407A,9.36
2845,13.6
6456,64.8
6176,92.2
00409A,9.46
00984D,9.85
00999A,10.95
4722,187.0
2393,63.1
8464,374.0
8043,132.0
1711,39.25
2061,51.9
9945,28.05
9941,80.8
6533,229.0
6937,290.0
5464,93.7
00981B,9.11
9910,67.5
1722,41.85
6525,128.5
00720B,31.57
00719B,30.97
00900,19.63
009826,9.98
00770,61.7
3704,40.15
9921,90.7
3014,132.5
8091,211.0
3596,153.0
6957,258.5
8110,41.9
1708,49.3
009803,20.63
6224,88.3
6443,23.8
00692,91.95
2458,128.5
6449,217.0
2466,104.0
2465,90.4
2427,23.65
9914,67.9
9105,8.44
1597,138.5
2329,42.55
1714,15.6
2367,39.8
00888,34.09
6907,181.5
00947,36.99
3357,201.0
00909,45.55
8422,26.0
6417,101.5
1514,99.8
2476,117.5
1314,8.15
00722B,33.89
8215,25.85
3617,243.0
3227,184.0
6945,120.0
00738U,51.25
4556,81.4
2392,41.95
6191,82.7
00934,29.42
00990A,14.62
00751B,30.05
8155,322.5
6127,48.55
5443,105.0
3311,38.1
3413,276.5
3030,262.5
00404A,9.46
4976,36.3
6166,109.5
4906,35.55
00985B,10.11
7749,359.0
6548,71.6
00635U,44.69
2453,55.3
6435,243.0
00877,37.85
1808,33.65
6643,420.0
00401A,13.86
00725B,33.62
3135,162.0
00894,46.52
1718,10.5
2548,91.9
5522,60.0
00680L,6.19
00945B,14.29
2439,78.0
2201,29.85
4764,209.0
3354,30.5
3297,31.8
1210,51.5
1229,40.05
6245,83.4
5251,30.15
5321,67.9
5285,84.0
00864B,46.09
3339,43.8
3033,41.5
00773B,34.06
7792,312.0
00933B,15.27
1723,80.1
00764B,26.33
009827,9.91
7822,810.0
2897,11.15
2485,38.95
7714,181.5
7825,88.0
6141,49.9
00643,17.79
6138,272.5
3535,85.4
5202,13.95
6016,22.1
00642U,34.24
2369,29.45
3587,235.0
6108,23.0
1529,14.8
2820,17.3
5284,292.0
6206,138.0
009805,14.6
1609,37.3
6265,48.6
5608,16.65
8454,243.0
8114,177.0
00665L,8.87
8383,65.5
3066,25.75
2646,20.15
00995A,16.68
00857B,22.22
00411A,9.66
6174,44.9
4973,139.0
8081,247.5
3663,60.4
00670L,192.7
2328,45.75
00939,24.17
3708,93.5
00731,98.5
00410A,11.69
00772B,31.87
2520,36.4
00915,32.59
2617,32.45
3576,16.3
4916,93.9
3221,47.3
00735,102.25
3078,44.95
2480,160.0
5243,88.4
1710,15.7
2233,158.0
6231,211.5
3305,101.0
1215,106.0
3022,86.0
2101,29.85
8040,78.2
6133,23.7
4739,78.0
8045,52.8
3265,162.0
5864,34.3
00955,16.44
2355,40.7
00696B,27.67
009821,14.02
00924,32.64
6664,336.0
4123,30.75
00882,14.77
2406,26.45
8936,51.7
8070,49.25
8131,58.9
4707,26.75
6188,61.4
00997A,10.81
4551,155.5
3236,43.6
3380,30.2
00931B,12.84
2727,227.0
5498,50.8
00996A,13.67
1736,125.5
2501,21.15
00740B,36.79
3685,35.3
6613,264.0
6782,231.5
9917,106.0
3289,131.5
2030,22.7
3209,45.35
009802,19.79
6261,76.3
4772,240.0
00930,23.92
00887,15.67
3689,108.0
1563,73.7
4760,260.0
2612,62.3
5534,72.9
2905,18.55
4542,253.5
00981D,10.18
6716,118.5
3021,27.1
00655L,32.19
3434,30.95
8050,57.5
1608,36.0
3645,68.5
4770,220.5
009824,9.98
009819,9.42
1569,50.7
5309,50.5
1536,46.25
6753,132.5
6719,180.5
00913,48.51
4953,121.0
3592,222.5
2543,38.7
4912,90.9
6023,85.0
4807,31.0
4960,20.0
1909,10.15
2401,24.4
3088,124.0
4147,60.8
6140,21.25
3526,266.0
2206,63.6
2033,28.05
9939,125.5
6925,57.8
00853B,26.5
9938,37.9
1773,159.0
00950B,13.42
00850,91.5
5234,282.5
7712,154.0
2838,21.55
1440,12.9
6757,53.0
2402,54.5
4771,206.0
00938,26.87
00676R,5.5
6469,63.7
3048,50.4
1904,24.4
6163,40.5
00985A,22.54
2009,38.8
00988B,19.27
4541,56.8
5871A,99.9
3479,129.0
2434,61.5
00875,56.9
6589,48.95
6175,69.3
00984A,15.24
4583,422.0
3013,82.8
00993A,12.97
6994,27.0
1313,11.95
00994A,16.39
7740,122.5
6177,46.7
00968B,8.88
00893,42.37
6658,167.5
2471,51.9
6412,73.8
3219,82.5
2504,30.55
6890,146.0
3049,12.05
2323,10.55
6284,75.8
3028,61.2
4566,64.1
6667,236.5
6143,82.5
2211,80.1
4526,30.65
8255,136.0
00636,27.07
1304,12.2
2903,21.8
8109,130.0
2491,40.55
0055,50.3
6579,149.0
3176,37.85
3059,37.85
6509,45.7
6202,54.5
4105,78.6
6532,92.0
4766,336.5
2546,106.5
7777,36.85
6788,326.5
8415,34.65
6592,59.6
5292,209.0
3213,122.5
1809,37.3
5227,31.4
6568,135.5
8054,82.0
2630,47.1
2419,27.35
1810,23.5
00962,14.74
00752,22.37
4743,44.2
6670,270.0
00963,13.01
6155,56.4
00965,24.97
6021,44.9
00981T,11.67
5471,50.7
1712,39.6
00678,42.15
6605,136.0
9802,63.7
00904,40.7
00989B,9.93
3230,41.3
00987D,9.77
3545,49.85
3010,122.5
2069,23.65
8473,37.75
6742,46.6
2515,11.8
00917,23.48
3217,127.5
1434,17.5
2204,52.1
00987A,15.92
4585,294.5
4590,88.2
00733,67.0
6244,22.2
2442,14.15
6215,97.3
2597,168.5
00693U,24.13
2850,157.0
00928,32.32
3290,47.05
6153,17.2
00985D,9.72
6768,62.0
5426,28.65
6840,92.7
00690,77.85
5209,173.0
2636,70.2
6885,27.2
3437,18.5
4737,59.7
6279,111.0
4923,53.9
2104,10.45
5009,32.3
2731,141.0
6152,15.15
3550,22.4
00746B,33.94
6962,30.8
2108,28.15
2495,37.05
2072,126.5
3004,116.0
3317,55.5
009813,11.23
3577,113.0
6913,126.5
1905,13.1
4736,130.0
00664R,1.61
00905,26.09
6603,25.4
6438,144.0
00402A,9.41
3228,164.5
1707,86.5
00650L,16.12
6015,17.0
4968,89.7
2539,33.95
00763U,33.94
8390,92.3
00701,41.62
5607,52.6
1309,13.7
4903,34.1
8038,32.05
4721,71.4
1227,28.05
6517,62.8
00926,26.14
4169,150.0
6125,48.05
5392,39.65
8240,49.35
3717,21.95
3138,95.1
6903,296.5
2014,16.35
6126,29.7
2887H,42.2
6712,157.5
3701,40.0
7728,635.0
3152,221.0
6204,91.2
00668,60.75
8072,26.75
3388,81.0
3031,24.25
00848B,32.96
2362,47.0
3543,42.6
1582,69.9
8105,14.4
2015,63.7
00951,16.43
3694,49.4
8462,158.5
6419,149.5
4714,11.45
3623,28.4
00661,82.5
6499,73.0
2483,31.7
1231,79.3
1907,28.85
00849B,37.21
4577,83.8
4924,14.5
00910,56.25
6104,90.9
3518,30.3
6869,64.8
3062,20.8
6590,71.6
009815,11.46
4949,72.0
009808,30.87
00990B,9.93
3003,57.9
1305,11.95
6462,98.2
1522,25.05
7855,42.05
2707,177.0
009823,10.33
2832,58.1
6585,103.0
2535,88.8
3015,50.9
7786,117.0
3691,95.4
3483,74.7
8234,61.9
009804,22.81
2723,77.5
2540,48.5
009820,9.7
00762,112.0
2836,12.25
2887I,9.51
7744,490.0
2034,20.7
2349,10.2
2816,39.65
8163,29.65
00912,34.95
2641,17.5
00863B,30.18
2883B,8.25
6854,89.2
00697B,34.71
4137,76.8
6272,27.75
7827,148.5
7402,100.0
6651,145.0
1316,10.7
6909,41.7
8084,41.45
7772,133.0
2106,16.5
5515,49.05
6679,197.5
00942B,13.53
00954,17.54
00639,15.79
8088,41.8
00858,35.54
5474,152.0
2457,21.65
5481,21.8
00695B,34.14
4746,45.9
2425,36.2
3555,171.5
8182,38.75
6695,47.9
00946,15.11
7768,260.0
6129,14.9
4416,11.2
6873,67.1
2023,13.7
8074,50.3
6205,61.6
6859,123.0
3548,79.3
00885,18.32
9907,14.85
5299,94.0
6026,15.25
9911,81.3
5291,58.2
6983,351.5
3444,79.3
6477,33.95
8289,42.3
3032,71.6
2938,18.55
00948B,9.01
3312,47.7
00884B,28.11
00657,75.35
2010,21.6
2607,53.1
00902,12.55
00688L,6.18
3416,161.0
9925,39.5
00986D,14.22
00761B,32.58
7738,158.5
00921,23.0
3338,65.1
00847B,24.17
6862,131.5
00984B,15.57
2348,70.2
4114,29.35
1565,95.8
3709,62.4
2331,18.8
2208,18.85
6752,96.6
2614,17.7
4755,113.5
00895,49.25
2527,43.05
1558,109.5
1515,29.25
1308,14.0
3703,19.6
7805,500.0
4119,59.7
2365,27.65
6561,313.0
8438,68.4
1310,8.49
4162,54.6
00862B,30.0
3402,125.0
00964,14.75
009800,12.83
3551,172.0
4303,34.8
6405,37.6
3581,95.9
0053,239.5
6277,76.0
1232,154.0
00842B,28.88
6535,74.6
2729,153.0
6441,22.9
2547,9.69
2601,6.21
1442,30.25
00941,23.9
5508,51.9
1568,29.5
00936,21.09
4536,164.0
3284,19.85
6550,9.92
6432,52.6
3060,26.1
00989A,16.85
1591,38.35
00944,21.5
5457,24.45
6901,15.2
6120,12.0
009810,21.09
00652,31.83
3218,133.5
1580,97.5
2530,19.8
2753,178.0
5225,54.3
00960,22.56
00966B,13.32
4951,81.3
8374,76.7
00694B,41.62
2887E,48.5
00959B,8.97
8121,26.8
2031,43.45
3630,26.0
6122,51.1
3615,34.1
5263,90.8
6165,48.05
4744,30.15
4510,42.5
7810,216.5
3540,22.95
2420,53.6
6743,29.15
00686R,0.98
6225,60.4
9927,69.5
6024,60.6
5288,185.5
00952,17.7
1721,21.8
00916,26.89
2461,17.4
7722,262.0
3046,52.1
00876,84.3
6761,163.5
1307,30.35
3040,34.0
00967B,8.75
6292,64.8
00768B,47.32
2608,28.8
4438,55.6
00706L,19.82
6189,46.7
3705,56.0
00653L,43.03
2241,33.65
3372,14.95
5236,131.0
4167,19.1
00779B,26.61
009814,11.28
6425,61.7
00987B,15.54
6235,37.6
3232,21.75
4564,15.85
3594,45.8
4571,149.0
1612,34.85
9951,48.0
3622,45.25
3430,102.0
00852L,33.96
6799,78.4
2536,19.1
4532,23.6
3628,73.3
4127,59.8
1713,41.9
3128,20.6
3092,22.35
6756,95.6
8076,21.2
2258,30.15
4942,31.4
6485,59.8
6208,72.0
7730,169.0
4909,33.9
4420,38.5
6924,135.0
00408A,10.16
2405,14.75
5521,10.45
6192,109.5
5222,103.0
4952,47.35
6411,77.0
2613,22.05
6894,353.0
3588,51.1
00911,50.6
4441,171.5
00980D,19.78
3257,48.1
8931,43.0
5203,57.2
6877,113.0
4534,27.9
00969B,7.86
00972,21.93
8222,34.65
00983D,9.72
6117,60.7
4164,25.4
5206,21.3
2417,38.3
2231,89.8
6156,20.4
3024,14.5
2423,72.6
2364,64.0
00907,17.82
6115,43.8
6234,34.85
00645,57.4
8341,74.1
00970B,8.92
4555,41.7
6134,28.5
3169,101.0
5306,89.7
6576,82.8
1618,38.55
4506,119.0
3051,21.25
2704,45.45
6243,37.0
006205,39.75
6263,156.0
7709,81.8
00726B,31.72
1720,55.9
4174,26.65
2640,159.0
3609,21.7
6863,92.7
3716,33.7
6541,30.55
1595,63.3
5230,18.65
4104,71.9
6180,40.6
00710B,19.06
1342,99.9
3041,22.3
6872,23.1
912000,2.54
5519,25.15
6230,110.0
5244,34.8
6498,66.2
00671R,2.47
6741,58.8
4563,45.5
6684,46.85
2250,55.8
0057,319.7
3011,9.64
3537,52.6
9930,61.0
00898,10.94
2397,59.0
7780,16.15
4533,24.9
3556,56.9
009811,13.17
6609,38.85
00791B,56.45
6151,34.2
6111,34.1
4549,95.0
6136,24.75
6895,144.0
7703,198.0
1104,26.65
5530,49.9
5432,145.0
3552,41.5
6725,207.5
4580,81.0
4157,8.95
6922,184.5
009817,9.01
1611,11.4
1623,203.0
8147,130.5
8083,156.0
2923,23.7
6947,66.7
4588,54.9
3294,29.25
1464,9.91
2913,10.95
1218,14.35
2745,83.6
006204,228.8
1524,25.75
00759B,52.0
1436,36.2
4560,29.15
6546,60.2
2596,35.35
4128,14.55
2414,52.1
00760B,51.5
6967,65.0
8249,37.95
5452,26.35
4142,17.25
6186,30.05
00780B,35.85
5228,39.35
1256,170.5
00983A,12.32
8942,41.15
3056,13.75
00758B,49.49
3485,194.0
9937,54.1
6486,81.1
5484,39.7
2497,43.35
00949,21.95
6732,146.5
2611,14.15
6771,42.2
4552,15.35
1789,18.15
6170,48.0
3093,44.3
2228,75.0
00647L,134.9
00897,12.92
5258,42.0
3564,48.2
8476,19.5
6875,32.75
2908,22.05
4306,14.4
2387,36.35
1734,31.3
0051,142.85
8104,29.5
3546,72.0
00983B,14.9
3508,21.35
4934,13.4
00727B,39.15
00789B,45.63
6150,60.8
9942,114.0
1617,17.95
5278,23.25
00756B,29.77
1903,46.95
009812,13.02
00861,83.05
3501,38.0
6560,35.0
8183,28.0
5201,28.9
00799B,28.14
2017,8.73
3570,167.5
1455,9.52
6790,37.65
9934,9.78
4728,392.0
00714,21.22
3712,20.6
3669,32.4
1737,30.5
6240,24.5
8478,142.0
2748,38.65
3527,48.8
1532,22.3
6996,169.0
2755,98.1
00741B,36.91
3296,26.05
1419,65.5
8924,49.9
6237,33.25
1414,17.2
2528,19.55
00971,17.24
8097,48.25
5381,23.15
2107,26.6
8213,32.5
3530,57.5
3346,19.75
4905,78.2
2852,27.85
6596,94.5
6803,269.0
2025,12.0
00903,21.12
9941A,48.9
3652,33.8
6220,25.4
2243,47.85
00860B,37.75
6841,52.8
3054,55.6
1444,6.69
2511,8.3
5410,33.1
1264,243.5
2029,20.6
5902,34.25
6494,49.6
6184,39.45
00792B,29.95
1760,53.6
6657,33.85
1584,18.0
2460,28.95
1463,17.75
2538,8.63
5511,69.2
2537,11.15
2064,12.1
00782B,29.0
6185,12.25
1447,6.32
1437,32.25
8404,13.65
009822,9.5
2032,16.6
00958B,8.89
1786,42.75
2429,31.15
00834B,32.71
8935,17.6
00920,24.12
1537,115.0
00737,39.97
1108,11.05
00723B,29.1
6654,202.0
8071,21.15
00640L,105.4
00754B,31.13
00846B,34.75
5213,20.3
009801,11.06
3528,81.1
2545,33.3
1325,25.6
4129,82.4
9955,23.45
3303,48.35
00793B,29.4
1604,23.35
3360,14.45
8472,78.9
6275,44.85
4569,156.5
9940,19.85
6606,24.7
1616,18.25
00717,14.51
5355,6.85
2762,79.3
7556,243.5
1103,13.0
5490,25.15
006207,31.7
8011,15.7
3558,121.0
00781B,26.42
1784,58.3
6698,31.9
00728,67.5
00749B,30.28
4720,18.35
00943,20.67
3631,38.05
1586,17.9
00932,17.2
2505,17.2
1201,12.05
3050,11.15
3114,30.0
7721,58.4
00845B,32.06
00778B,32.69
2756,62.8
4935,30.8
2314,10.5
1466,14.85
1777,73.7
00755B,31.17
8089,18.1
6823,59.7
2247,229.5
6953,229.0
4716,16.65
6591,42.05
3178,61.3
00750B,31.42
00736,31.33
6516,56.7
6465,41.55
6492,33.8
00890B,30.75
2705,15.1
00777B,30.76
3047,13.6
5489,40.4
5465,24.15
00851,69.7
00641R,3.72
4417,49.65
6763,41.0
5533,13.9
1799,28.6
3207,36.7
3323,27.0
1110,15.45
5468,24.7
5315,18.5
5531,7.12
8044,23.75
9935,18.0
3321,17.05
2390,9.99
4442,56.0
6735,61.3
6969,32.0
1445,10.15
6259,27.95
8068,15.75
2444,11.65
5905,7.38
2849,16.0
00840B,28.31
00689R,23.16
4562,29.35
5478,96.8
6902,125.5
1449,12.05
1776,18.35
2102,17.85
4930,16.1
00841B,27.12
5403,93.4
7642,69.0
1459,15.55
2516,14.45
00956,13.74
6203,59.5
1339,43.1
5907,4.93
9946,16.65
6216,19.4
6142,8.88
00648R,3.96
3025,50.6
3447,27.4
1603,29.85
1217,9.93
3287,35.0
6195,27.7
00982T,14.8
4974,70.8
1733,30.25
2020,21.45
00775B,30.52
1702,32.3
009818,19.95
4107,111.0
8349,38.1
9924,37.7
00844B,30.15
0061,23.8
4106,24.4
4741,37.25
7823,79.4
8446,85.0
2022,7.15
1465,11.7
6266,25.0
5538,35.05
4946,90.1
1225,24.6
3484,44.75
8049,24.45
7689,154.0
00730,28.15
1726,76.8
1788,128.0
2114,88.6
5529,24.45
3130,208.5
00674R,28.28
6928,46.7
6642,75.8
8085,14.3
6914,119.5
2534,16.8
6101,38.15
3306,45.0
4545,32.6
00687C,8.97
6164,11.3
8937,29.0
6161,48.45
8421,12.85
3058,7.96
6796,50.2
6612,71.0
9906,37.3
3188,23.65
3438,62.0
7818,60.0
009825,9.95
6968,41.5
9908,29.0
1456,13.9
6281,50.9
00785B,33.36
6821,41.0
4163,133.0
6283,17.95
1526,14.7
4195,13.3
3607,13.55
4933,51.2
3522,13.1
2062,18.05
7803,18.2
1517,10.4
4561,39.8
1615,43.0
7704,60.5
2462,19.35
2524,33.25
5287,135.0
4726,22.45
6418,34.7
00886,47.75
1416,11.25
8938,52.4
2882A,60.2
1234,33.1
1315,66.2
1109,13.4
6776,52.0
4155,14.85
5512,7.68
6923,75.6
6270,28.25
5302,9.67
1472,87.8
5706,43.9
6574,120.0
8048,49.0
6934,73.3
4747,23.8
00734B,15.2
4139,41.15
1527,32.3
1446,13.35
6838,23.65
2450,28.25
00982D,9.49
8467,84.0
6109,10.35
2459,65.5
8099,59.0
9136,9.61
6874,69.4
4543,27.75
5609,78.3
6194,29.95
6534,89.8
6986,40.5
5007,55.6
8908,40.05
1336,16.15
1410,24.7
3038,20.1
3158,86.2
8916,40.75
1219,11.15
6470,43.4
8442,45.7
3226,56.0
00783,27.49
6573,16.2
7743,23.7
6965,69.1
2237,27.15
9919,14.0
5903,183.5
4120,45.85
00711B,15.34
6906,81.8
5011,18.05
7705,30.0
1471,9.3
5245,21.0
6625,73.5
6958A,21.0
2440,13.95
6951,69.6
2065,35.5
009809,17.82
00980B,9.04
2739,36.75
6504,36.6
2227,45.5
4523,23.8
1460,6.25
4440,17.65
4304,14.3
00856B,37.3
5324,12.3
4111,28.7
6703,101.0
1731,20.75
6785,94.6
4148,32.9
2887F,45.7
006201,44.27
00901,45.45
7791,55.4
9103,4.96
7631,135.5
6233,20.3
6118,15.1
1587,23.45
6792,58.7
00702,24.41
00980T,11.76
00654R,6.97
7547,50.2
8032,34.6
1583,46.85
2013,41.3
00666R,9.29
00669R,5.29
4113,15.85
3390,21.6
9905,21.25
6581,109.5
1780,24.5
9928,17.75
2887G,44.2
8171,19.9
6558,23.45
6791,99.7
2115,23.65
4557,49.65
4178,16.7
1417,8.02
1268,172.0
8093,25.3
6130,24.2
2743,52.0
6794,75.1
2380,16.8
5493,84.0
2066,51.3
4109,11.1
1236,25.55
6248,16.8
2430,17.8
4173,17.0
2838A,52.0
3288,20.0
1535,44.5
3625,12.05
6728,107.0
4503,22.5
1614,30.95
1725,33.15
1540,19.35
3322,10.75
8162,59.7
2038,12.0
7767,46.15
2007,6.72
6649,35.5
6666,44.35
5356,25.8
5215,37.5
1783,36.25
3520,17.2
3686,14.0
4406,10.05
8930,28.85
8927,18.7
6577,79.7
1457,14.3
3679,107.5
2438,19.25
8272,65.0
3071,23.3
8435,52.9
4168,21.55
3379,27.6
3043,20.45
6955,95.1
6167,10.0
020000,30.6
3052,10.3
3086,29.5
7821,38.6
3205,46.3
3511,18.5
4207,19.45
3687,61.2
6931,39.3
2070,61.1
5488,11.55
6598,27.4
00957B,12.77
2415,27.1
6570,47.0
2906,13.5
5272,16.6
6114,22.85
3057,16.0
1470,23.8
1467,7.97
00786B,31.31
2882B,58.8
4513,15.5
1533,30.1
6423,81.0
00991B,14.62
6844,58.1
1732,25.85
5211,20.6
6637,54.0
1438,21.25
3027,17.75
2230,21.4
00899,22.63
4108,11.3
4572,142.0
7794,31.0
6523,89.8
8342,82.0
4188,14.15
1530,27.1
7757,88.4
2488,48.6
8034,19.75
4414,8.29
3512,19.05
5283,52.9
00703,19.02
00651R,5.3
4706,33.75
2482,15.95
6804,18.4
6542,42.6
1321,32.3
2239,19.4
7835,21.15
8440,19.8
2424,8.6
2881B,60.9
2509,14.4
5312,90.3
6582,31.05
3523,15.5
8284,68.9
5525,21.75
6865,26.95
3466,24.4
3002,16.95
3492,18.75
2887Z1,22.65
6123,43.0
5353,27.7
00986A,14.0
8433,53.3
3666,25.0
6881,212.0
2028,15.6
5460,16.8
2109,14.7
2616,13.25
5013,29.8
4166,23.8
4907,43.7
2477,21.8
3276,13.8
6527,75.2
3713,14.0
1730,51.2
1323,21.4
00638R,6.77
1762,33.65
5210,28.75
8291,29.8
00788B,28.7
1203,42.25
5601,30.65
6229,23.35
6722,32.5
6113,22.05
2712,13.75
1598,20.15
1432,14.95
4439,94.7
7820,108.0
7770,37.6
6578,17.0
1474,9.83
9918,42.9
6158,16.95
3611,181.5
4711,16.5
2642,20.15
3664,8.14
2248,60.2
8463,21.2
5450,14.55
1295,44.55
3419,10.8
8411,12.65
1521,25.15
6982,44.0
3557,23.25
6754,40.9
9912,13.1
5487,29.9
6958,17.55
4401,13.65
3308,21.95
6219,12.0
6918,74.0
2706,12.1
3083,22.1
6952,39.0
7723,18.75
6569,91.2
8112A,45.4
2732,62.8
4133,20.2
6264,6.02
4581,48.0
2431,9.9
4126,77.8
6201,44.45
4205,69.0
9931,33.95
3325,11.1
2734,14.5
6552,23.4
00700,16.83
1531,11.6
2904,12.55
4582,22.3
1418,17.9
6461,24.55
1735,19.6
1506,9.77
8176,9.83
2373,52.7
1468,12.85
5543,27.4
8024,12.95
6593,31.6
9944,17.2
4433,18.25
1522A,51.1
2718,40.0
6128,19.15
4999,17.85
3310,69.0
1626,9.67
6183,91.0
3494,7.06
4198,49.4
2514,11.5
4138,53.9
6697,41.05
8429,5.92
6474,35.3
1473,19.6
1599,22.9
8917,52.6
3541,21.8
5015,21.8
3349,19.95
00709,39.85
5014,9.77
7718,46.0
7715,28.1
3266,13.65
2012,13.9
8489,21.65
910861,4.04
00634R,3.19
9926,49.05
6971,24.5
7760,32.5
1570,32.35
2433,40.3
8424,69.0
3268,17.15
6921,59.7
5438,16.45
4121,12.55
9902,13.2
2924,16.9
8080,29.0
2348A,38.55
6835,30.7
2929,5.75
6431,17.55
9943,50.6
020025,37.64
6103,32.25
3567,25.05
8432,50.1
4527,40.8
4161,22.25
6645,12.65
4502,15.7
2506,8.6
4102,18.95
3489,21.65
3684,54.1
6916,18.0
2881A,61.7
1337,4.4
1512,6.18
6751,42.0
8403,18.95
6171,25.85
7819,34.35
3499,13.25
7782,25.65
3465,29.15
6708,37.1
3122,24.0
6629,101.5
5704,22.5
1817,40.2
1453,10.85
1235,36.35
1220,10.8
6222,18.95
3150,15.15
6506,17.9
1806,7.99
1454,12.6
2949,65.0
1233,27.85
009807,16.7
1340,5.16
00739,27.24
5603,13.55
6028,94.6
3206,34.2
8906,28.9
4950,15.65
006206,37.21
5344,13.25
1338,14.25
6887,37.05
4528,14.8
3018,11.9
2702,12.7
5548,20.25
4538,17.35
3224,33.0
1475,25.9
3332,60.3
2722,21.05
6733,25.55
4116,39.45
6614,35.45
8107,12.2
1742,17.6
8450,14.05
3373,15.95
6936,31.8
6624,38.85
6160,14.55
3118,31.4
6496,24.65
4432,15.65
6246,12.7
7747,112.5
5547,19.85
8354,16.85
3313,10.5
4190,25.6
2063,23.6
2701,10.3
1525,65.0
8443,11.2
00683L,21.5
4426,7.5
2901,22.9
2945,39.5
6276,19.7
8905,34.75
1752,31.2
8941,44.55
4160,38.9
8940,14.8
5364,8.38
2881C,51.6
6464,77.3
1294,51.1
6721,51.1
3516,25.35
1906,10.8
5310,24.75
6154,14.05
1452,10.85
3073,20.85
6961,48.55
6856,41.3
8066,15.2
5701,4.24
4735,35.65
6592B,94.9
2736,11.35
4558,17.6
3259,10.8
4729,18.5
7736,68.6
6671,22.85
6482,24.8
7839,43.8
4754,37.5
4171,16.3
2897B,11.85
6720,129.5
2941,31.65
4702,9.36
8067,12.0
4943,7.38
2643,62.6
2891B,62.0
6556,61.3
2911,6.4
2916,40.4
8279,79.2
8482,47.15
6241,15.6
4911,29.1
4972,16.2
6020,20.55
4767,28.1
4430,17.25
5546,14.8
7811,72.5
8092,12.75
3252,15.3
3191,16.4
2910,23.3
3593,9.9
6210,17.3
1451,17.05
6910,25.1
1441,8.72
3646,24.9
006203,194.65
00908,14.89
6592A,96.1
2836A,24.0
1805,10.1
6988,11.8
00787B,31.4
8102,62.6
5212,46.6
5223,23.1
1443,23.05
7708,92.0
3597,26.15
00660,45.73
00771,15.1
2947,60.4
3521,12.05
6908,30.1
2752,177.0
6508,25.25
009806,13.58
8410,29.4
5301,5.16
5345,21.65
020020,28.68
8416,169.5
4554,28.15
9949,24.05
6615,33.55
4994,82.9
1240,55.2
2067,4.97
8423,17.9
5220,19.8
6843,39.35
6144,13.05
1539,15.6
1593,31.15
3285,38.9
4175,51.5
9960,30.8
3272,13.95
4745,11.7
1796,29.2
6294,28.6
5348,15.85
7814,28.5
2235,28.25
7716,23.3
6692,23.1
2754,69.2
8928,22.95
2939,19.4
6242,33.9
6124,26.8
6997,67.0
2937,44.45
5516,11.9
4402,14.25
6929,21.35
3432,14.2
8466,13.8
8426,20.65
9950,10.3
6767,24.65
6655,123.0
5016,24.55
8488,9.95
6198,19.5
6846,58.5
3115,8.2
911868,1.17
5878,38.05
3164,15.85
2496,55.0
9929,11.0
1324,9.99
6616,8.39
6169,11.95
5398,14.2
8087,24.8
6899,49.55
7842,99.1
4192,19.45
00656R,5.96
2724,10.55
8201,11.75
8437,9.0
9962,10.0
5455,29.95
8077,43.85
1101B,43.1
00625K,8.33
3672,11.8
6512,20.6
5520,82.0
8929,13.0
2002A,37.25
4584,37.0
1213,7.35
1516,14.5
8455,23.95
7753,35.75
8487,70.6
6597,70.1
4154,11.25
2024,12.85
8933,4.54
2008,30.5
2926,29.95
3171,59.5
1813,11.25
3629,18.2
7584,27.2
2432,27.1
6680,53.9
2751,53.5
4529,3.53
2073,26.0
4995,51.4
6641,16.9
4530,25.1
6674,15.95
00657K,23.73
4419,46.3
911608,2.69
00681R,22.13
3632,7.08
8481,41.15
8367,40.8
4568,39.95
2719,19.55
5906,39.0
00668K,19.08
00643K,3.77
00982B,9.32
8101,12.25
8409,18.05
3095,34.4
6807,33.0
2740,32.0
6661,16.0
4153,31.8
4131,31.45
00707R,31.34
5604,30.85
6884,30.65
1781,10.2
5514,15.1
00867B,28.99
6662,28.5
1439,28.1
8444,4.6
00836B,27.56
1413,9.18
2035,27.0
4535,27.0
00870B,26.96
4183,13.05
4550,24.2
910322,23.6
8401,22.7
3531,21.3
4609,4.23
4413,19.2
5205,18.65
5276,17.9
6228,17.85
911622,3.54
00636K,8.53
3067,17.0
8921,16.5
2726,8.13
8477,15.15
5703,13.7
3085,11.75
4806,9.01
0054,28.25
0058,43.71
0059,42.85
00649,19.12
00658L,37.0
00659R,11.21
00667,20.79
00672L,0.75
00677U,1.48
00682U,20.39
00684R,15.14
00691R,10.46
00704L,18.84
00705R,19.03
00716R,13.96
00718B,19.05
00721B,48.06
00729R,20.56
00732,40.74
00742,22.2
00743,24.2
00744B,42.35
00745B,42.04
00747B,51.85
00748B,42.52
00765B,38.72
00766L,11.92
00767,17.4
00769B,60.3
00774B,40.85
00774C,9.12
00776,20.78
00784B,39.32
00790B,53.2
00794B,39.82
00796B,41.84
00797B,41.36
00798B,42.65
008201,101.2
00831B,41.42
00832B,42.92
00833B,43.87
00835B,45.16
00837B,37.64
00838B,40.38
00839B,41.85
00843B,40.37
00854B,41.86
00855B,38.6
00866,21.84
00868B,36.17
00869B,36.69
00872B,37.13
00873B,37.28
00874B,38.04
00883B,30.98
00906,11.95
00925,16.1
00986B,9.38
020001,28.5
020002,11.12
020003,15.89
020004,33.28
020005,19.35
020006,32.05
020007,41.23
020008,13.31
020009,26.67
020010,13.56
020011,16.4
020012,23.22
020013,14.84
020014,6.3
020015,18.69
020016,28.32
020018,24.94
020019,21.59
02001B,8.75
020021,4.42
020022,7.62
020023,7.2
020024,5.94
020026,6.37
020027,10.65
02002L,7.38
02003L,4.34
1258,26.85
1259,65.0
1262,34.9
1312A,22.8
1333,1.44
1341,59.4
1423,35.25
1435,21.75
1507,64.8
1538,8.85
1541,20.75
1566,19.65
1589,5.54
1592,2.57
1701,21.15
1724,15.6
1787,26.15
1902,20.65
2321,15.1
2358,4.56
2443,3.57
2448,41.4
2456,94.6
2499,4.12
2809,56.6
2823,30.55
2841,2.68
2867,9.7
2888,11.8
2888A,36.5
2888B,36.8
2891C,61.1
2928,31.85
2936,40.35
2948,37.65
3036A,52.0
3064,16.9
3089,81.0
3144,38.2
3168,43.0
3202,3.96
3356,59.4
3383,1.7
3426,47.8
3452,1.47
3454,99.4
3536,2.92
3562,14.8
3591,23.65
3642,3.87
3682,7.47
3698,22.25
3710,5.13
4130,26.7
4141,26.1
4144,26.9
4152,99.6
4180,70.9
4305,42.0
4429,40.8
4712,2.85
4725,17.9
4803,3.6
4804,3.27
4944,11.6
4945,76.1
4947,228.5
4987,81.6
5102,24.65
5259,7.86
5264,87.1
5281,15.8
5304,3.32
5305,42.3
5349,25.4
5371,83.5
5383,41.5
5523,30.35
5820,11.7
6131,5.18
6172,20.1
6212,33.15
6236,19.05
6238,179.5
6247,15.45
6251,20.3
6287,8.89
6288,20.95
6289,1.35
6404,4.64
6452,56.6
6457,62.1
6497,5.66
6514,50.8
6594,31.3
6730,31.9
6747,199.0
6762,161.0
6806,3.51
6855,112.0
6904,122.0
6950,26.0
7713,73.5
7732,33.8
8047,46.7
8059,13.4
8277,8.05
8287,0.73
8349A,45.4
8406,278.5
8418,8.95
8420,40.6
8427,74.9
8480,84.6
8497,65.5
8499,251.0
8913,13.3
8923,18.5
8934,36.1
910482,0.25
9110,3.03
911616,0.48
911619,0.11
912398,5.15
9157,0.86
9188,3.47
```

