# 收盤價 MD
# T:2026-09-29 10:33

## [CLOSE]
```csv
代號,收盤價
2454,4960.0
2330,2485.0
2308,1840.0
4958,495.5
2409,35.25
2303,154.0
2327,559.0
1303,243.5
3016,173.0
3189,952.0
6213,594.0
3653,6930.0
3037,1170.0
2408,500.0
3665,2395.0
8046,1255.0
3008,6000.0
3017,3340.0
2492,305.0
8996,1595.0
2449,295.0
3711,686.0
2368,1090.0
2383,4945.0
3042,210.5
6274,1480.0
3105,490.5
8028,293.5
8358,500.0
5347,180.0
2317,252.0
2344,171.0
0050,112.0
6187,1310.0
3324,1620.0
3443,8145.0
00406A,9.9
3529,3380.0
6488,942.0
8150,106.0
6533,303.5
3481,49.8
6207,137.5
3231,185.0
2360,2220.0
6182,118.0
6531,922.0
6770,72.8
6147,212.0
3167,908.0
2345,1830.0
8064,147.0
2404,1230.0
6505,95.0
6223,5175.0
2481,174.0
3026,796.0
8299,2125.0
3533,1720.0
5274,19435.0
2059,12175.0
1727,113.5
00631L,38.71
2301,282.5
7769,5655.0
2484,78.2
6446,1195.0
00981A,30.42
3624,141.0
6672,327.5
3532,467.0
3450,523.0
6456,89.4
3491,1520.0
3605,186.5
2382,339.5
6139,735.0
2395,735.0
3081,2685.0
3661,3740.0
2426,100.0
6669,2115.0
7856,4330.0
2379,766.0
3293,771.0
1301,65.2
4991,477.0
5483,190.5
4931,249.5
8027,202.0
8039,266.5
1326,68.2
6278,216.5
3264,239.5
2464,195.5
3455,272.5
6805,2425.0
3498,235.0
2342,50.6
6414,400.0
3707,73.9
3406,880.0
6933,384.0
3563,790.0
00937B,13.82
1815,114.5
3211,389.0
2337,118.0
6510,3120.0
6538,366.0
3006,278.0
6173,303.0
3055,203.0
2882,113.5
3035,214.5
1809,45.95
00685L,12.78
00919,32.18
009816,16.52
8227,337.0
4919,135.5
6239,282.5
2891,69.7
2376,364.0
3702,115.5
6526,816.0
0056,56.8
3131,2485.0
1709,44.7
2881,154.5
8111,80.3
8069,143.0
6196,544.0
6515,5705.0
3034,546.0
6415,414.5
6426,357.0
2609,58.5
6257,238.0
2313,222.5
2887,42.65
00403A,10.74
00712,7.57
00679B,24.74
2357,965.0
2883,39.65
6209,83.1
3363,653.0
00708L,71.05
6693,216.5
3094,59.7
2603,239.5
6643,518.0
4938,91.8
3693,709.0
3675,343.5
4749,776.0
6683,1490.0
8040,99.8
1560,970.0
2412,144.0
7610,1760.0
00687B,25.72
5289,1300.0
1590,1225.0
6166,137.5
00632R,9.52
3717,27.85
2351,217.0
6706,152.0
6727,492.5
3374,451.0
2049,336.0
2884,45.85
2002,18.8
4956,45.7
2885,69.3
00878,35.13
6199,125.0
6442,1515.0
3673,69.3
00637L,18.16
2615,113.5
3260,375.0
7792,405.0
4772,269.5
4770,286.5
2340,38.0
8210,884.0
1519,695.0
5425,96.0
00918,34.08
2890,45.25
3044,525.0
6861,281.5
2324,36.65
6691,658.0
2436,73.8
5536,903.0
00935,60.55
1101,25.2
0052,65.2
2399,48.95
3680,551.0
00927,39.57
6155,63.8
00991A,17.95
3583,714.0
2034,23.25
3162,80.9
8155,314.0
2221,180.0
006208,256.4
00881,52.05
5309,57.6
3163,648.0
2027,47.55
6944,786.0
3149,66.6
3036,205.5
4768,344.0
00953B,9.51
4566,72.1
3030,278.0
4906,39.45
3714,68.1
00891,37.45
7734,2725.0
6116,15.1
1314,8.79
2886,49.7
8096,88.1
3045,121.0
6830,537.0
1785,98.0
2455,545.0
5475,180.5
6290,269.5
00400A,15.52
00662,123.45
2451,285.5
6532,108.0
00933B,15.0
2892,39.45
2493,197.5
2467,547.0
6937,311.5
6291,494.5
00929,29.22
2305,65.5
6285,234.5
00405A,9.23
1717,72.6
00738U,48.18
2486,235.0
8240,54.9
8103,120.5
4961,185.0
3518,37.4
00720B,30.93
7822,975.0
3234,175.5
3221,51.3
2542,38.9
6957,335.0
3031,31.25
00992A,18.63
3543,50.2
6451,417.5
2032,19.7
2347,95.0
4979,568.0
8050,64.3
4971,545.0
00982A,22.85
00635U,42.68
6217,172.5
6834,114.5
00751B,28.97
6179,37.05
3219,125.5
00663L,111.65
4903,43.6
4576,232.5
00715L,66.75
2489,40.9
7799,498.0
00947,40.1
00713,63.4
2356,59.9
3317,65.5
6127,50.8
3376,172.5
009828,9.98
4540,62.1
00988A,16.53
00877,35.51
2618,41.75
2030,33.4
2634,63.5
2316,163.5
8033,170.0
2605,35.75
00633L,44.0
00922,43.61
5269,1480.0
2637,96.5
2812,18.95
2834,17.8
2377,152.5
00772B,31.22
4904,105.0
2801,27.9
5234,322.0
1605,36.4
3088,135.0
2466,113.5
1569,64.5
00673R,10.45
6781,1015.0
2363,59.1
00795B,24.87
5351,108.0
7717,597.0
6168,44.8
8021,475.5
7795,492.5
1802,57.9
1476,276.0
2421,162.0
5904,68.8
1708,52.1
00830,87.35
00984D,9.81
00909,48.62
4908,207.0
3490,45.75
6206,142.0
3019,136.0
6831,489.0
5314,26.85
00981B,8.98
6789,466.5
6925,74.3
3551,190.0
00407A,10.04
3228,182.0
4977,170.0
1102,35.0
00680L,5.86
2472,216.5
7788,291.5
2606,74.5
2236,105.5
3029,117.5
6620,126.0
6664,367.5
2388,71.6
2458,136.0
2912,212.0
3715,123.5
2880,45.85
4764,182.5
8431,65.7
8112,83.2
6919,80.5
8042,111.5
2855,56.9
00725B,32.96
00980A,25.36
4739,84.0
4763,45.9
5871,107.0
7751,1520.0
00961,13.26
3413,291.0
1597,139.0
2061,59.4
00646,76.9
6438,163.0
2441,122.5
8110,48.85
1312,14.5
2354,65.4
009829,10.82
6133,27.9
00940,13.13
3014,141.5
1595,79.7
2338,48.0
5880,26.4
7711,552.0
7828,1925.0
6271,227.5
00753L,8.61
1504,68.9
6640,1025.0
6197,320.5
1711,40.2
2498,41.95
2254,91.8
9904,24.9
5443,110.0
6409,882.0
3479,138.5
3580,104.0
4542,340.5
00409A,9.99
1513,166.5
6231,241.0
00887,15.31
3467,73.6
2406,30.1
2353,31.65
3022,93.1
6205,71.3
2302,46.15
00675L,338.45
3576,18.15
4939,75.7
8261,177.0
9921,94.6
00722B,33.17
3691,121.5
6547,61.0
6122,59.0
6462,102.5
5465,34.55
1409,24.4
2371,28.9
00688L,5.83
00888,35.93
3141,85.8
3706,78.8
6902,164.5
2241,42.35
1609,38.15
009821,13.41
6949,48.85
3090,162.5
4722,194.0
5464,92.9
8121,31.1
00401A,14.24
2033,38.35
2465,91.5
3645,72.5
6922,223.0
00951,17.64
00990A,15.61
4967,272.5
9945,29.45
8464,373.5
1514,103.0
4551,169.0
6901,17.25
3023,310.5
4960,23.65
3535,90.2
1216,74.4
3380,31.85
1721,26.2
3265,182.5
6579,157.0
2369,31.9
6214,188.5
8054,87.1
3577,123.5
6405,45.55
00665L,8.8
1503,196.0
6269,65.2
2474,207.0
2439,78.3
2014,16.9
6227,137.0
009826,10.02
5876,49.3
1722,41.0
2478,119.0
00913,51.75
2020,23.4
00865B,48.88
6472,425.5
7750,1950.0
3362,171.0
3066,29.3
6715,460.0
00655L,30.55
2006,86.6
3147,237.5
8081,256.0
4721,80.0
2352,29.2
5328,52.7
4174,35.65
4916,102.0
6138,280.0
5386,283.0
00892,43.12
00939,24.27
00719B,30.93
2359,128.5
00998A,16.69
6121,379.0
6799,92.4
6245,87.3
5388,72.4
00923,41.48
1528,25.4
2105,30.4
00735,108.0
3615,40.0
9914,67.4
2887I,9.52
6218,63.4
6903,308.0
8271,200.5
6282,43.0
2610,20.2
8182,41.8
6443,27.65
2367,42.25
3114,35.35
8147,144.5
3005,117.0
2332,20.25
00999A,11.27
3236,44.55
4927,43.8
3033,42.1
7827,163.0
1402,28.05
00670L,208.0
6679,206.5
5434,543.0
3441,177.0
009802,20.11
00411A,10.36
4966,572.0
6435,253.0
4989,59.8
3587,240.5
3339,47.2
6584,541.0
00404A,9.82
6148,38.35
00997A,11.5
2009,39.45
6005,32.0
8438,81.0
6530,99.3
4915,63.7
8016,285.0
3229,57.8
6667,262.0
6739,1095.0
2104,10.9
00948B,8.82
5439,251.5
6525,135.5
2889,16.5
6204,109.0
7825,86.0
2617,31.55
00773B,33.33
2614,19.1
6811,239.0
2393,63.9
00896,27.56
5285,92.7
2851,47.65
1710,16.4
00985A,23.39
00900,19.54
2375,117.5
2069,26.55
00945B,14.21
2401,26.05
6174,45.75
5284,300.0
2428,253.0
4760,263.5
1795,179.0
2312,30.8
3060,27.95
2845,13.25
2385,105.0
3169,117.5
2850,162.0
00985B,10.06
3021,29.6
2207,509.0
6224,80.0
6548,72.2
7749,389.5
6190,69.0
3617,242.0
8932,93.1
8043,132.0
2233,166.5
2413,51.4
009820,10.37
00894,49.59
2031,45.4
00757,142.3
1736,130.5
8422,25.6
00692,96.45
3596,155.0
3718,65.3
2392,41.25
00642U,32.13
2402,55.6
3227,185.5
4556,96.0
3357,204.5
00989A,17.62
00984A,15.63
8086,110.0
6191,83.2
00980D,19.51
3305,105.0
6719,186.0
2103,27.65
6226,44.25
8091,219.0
2485,39.75
6491,404.5
6788,345.0
1229,39.9
6588,109.0
2504,30.55
1773,166.0
2211,79.0
3289,140.5
00955,15.85
00882,14.81
1319,78.3
6668,48.3
6189,49.95
00645,57.5
6603,28.25
6225,53.8
009803,21.55
3437,22.3
5608,16.65
6695,53.4
00643,17.22
6176,91.5
7777,36.0
6234,39.75
1617,21.9
6141,52.1
00934,29.85
3294,32.65
1215,105.0
00857B,21.37
9933,40.65
4923,62.3
1723,80.9
6153,17.55
00661,84.6
8436,105.5
3048,51.6
00671R,2.37
2838,20.75
3402,132.0
1714,15.65
6841,55.3
6962,31.95
6449,210.0
8926,58.8
2208,19.2
8289,46.0
00950B,13.16
6016,23.7
2915,59.5
5243,89.1
2010,22.4
4707,29.55
7709,90.1
1608,35.4
3592,226.0
00990B,9.85
8255,144.5
2374,66.5
00931B,12.52
1440,13.25
4526,32.4
3504,79.6
00693U,23.46
00942B,13.24
1718,10.6
2527,48.65
1304,12.5
4949,76.8
2548,92.8
009805,14.78
2201,29.2
00995A,17.65
00864B,46.15
2468,45.8
2645,172.5
6907,182.5
8114,179.0
5230,22.05
5009,32.3
5340,80.9
6617,136.0
6885,31.45
9958,92.7
6829,208.5
9105,8.4
3013,84.7
4743,45.6
00696B,26.96
2646,20.2
6221,32.85
00862B,29.25
00981D,10.12
2501,21.25
2329,44.0
6244,23.7
5864,37.15
2520,37.25
8383,67.6
00946,15.45
3526,271.5
5498,50.2
6742,54.1
6509,48.05
6712,162.0
00962,15.07
00984B,15.27
0055,50.0
00930,23.73
6112,47.2
3430,112.5
8215,28.1
3138,98.7
6550,17.45
6202,58.5
7768,301.0
3010,126.5
3552,43.45
4973,133.5
2025,13.65
9941,79.1
4585,293.0
7855,41.55
2419,29.2
9907,14.75
6265,48.05
00924,33.62
3416,163.5
1210,51.7
2539,34.1
009827,10.22
00904,43.12
00690,82.25
6869,70.4
4951,89.7
3312,51.7
3485,211.0
3545,52.2
7744,533.0
00724B,31.59
2633,25.65
2820,16.85
00959B,8.8
2434,66.0
6658,180.0
7714,162.0
9910,69.4
9917,106.5
6546,58.6
3028,63.0
00952,18.36
6023,86.6
009804,23.93
00850,95.8
6945,139.0
00410A,12.38
2495,39.2
7765,236.0
00954,18.91
4541,59.7
009824,10.52
6416,115.5
00740B,35.99
4147,63.0
6840,100.5
3591,25.5
00989B,9.89
3135,157.0
1310,8.95
4303,33.65
00964,14.73
00915,33.13
8454,238.0
00988B,19.2
6743,31.6
1110,14.7
5469,73.5
5607,51.8
8070,49.65
00938,27.15
4534,30.85
00994A,17.16
6120,13.1
00980B,8.86
2328,47.3
00650L,15.9
6782,233.0
1477,192.0
7556,271.5
00983D,9.59
3689,110.5
2515,11.9
7728,596.0
6558,25.15
00905,27.5
00963,12.55
2323,10.8
00885,18.04
9939,125.0
7810,228.0
00917,22.49
6561,307.5
3550,24.5
2101,29.9
1309,13.8
006207,30.91
00859B,40.61
2355,41.85
00968B,8.66
2072,131.0
8131,61.7
4909,35.8
00981T,11.72
2476,123.0
3704,40.35
00697B,33.92
00982D,9.32
00657,77.3
6613,270.0
2897,11.05
5534,73.9
3581,108.5
5471,52.5
8390,89.8
3059,38.1
1307,31.15
7547,65.3
009819,9.53
3062,22.05
00969B,7.54
00746B,33.27
6108,24.1
00910,57.9
4123,31.0
00987A,17.13
3209,45.6
6163,41.3
00985D,9.47
9925,39.55
4912,96.0
7772,176.0
3701,42.65
1434,17.95
1313,12.2
7740,104.5
6651,150.5
00636,26.41
6419,154.0
6592,57.2
00639,15.24
2038,12.9
00986D,13.92
6104,90.9
8162,65.4
1905,13.0
00768B,46.07
009812,12.93
6670,275.0
8201,14.6
6753,132.5
3708,99.2
4536,162.0
00861,88.0
3323,28.85
00993A,13.76
3230,41.0
1907,28.25
9927,69.9
4968,93.7
3049,12.3
6412,74.6
1308,14.15
00966B,13.03
1904,24.65
8084,29.8
00761B,31.9
3003,59.6
006205,39.11
00970B,8.74
3354,29.4
5263,88.9
3032,77.7
009823,10.45
1568,32.25
4142,18.0
6803,265.0
00763U,34.64
2630,46.6
00752,22.25
2905,18.3
1582,69.9
6425,70.7
3024,14.15
00764B,25.66
8936,52.2
1612,35.25
2727,232.5
3287,41.3
3703,19.6
4766,342.5
6215,97.9
2612,61.4
6605,137.5
2543,38.55
7402,99.4
00770,64.9
6757,53.2
00897,13.82
6708,47.05
3515,212.5
4771,212.5
2480,160.5
2887E,48.45
2397,63.4
2491,40.55
5493,92.9
3152,227.5
6177,46.2
3663,62.4
006206,36.48
6485,69.5
00762,119.8
2348,70.9
6279,111.5
6690,178.0
00958B,8.65
4736,129.5
5220,22.0
1305,12.05
9802,64.3
00664R,1.53
6270,30.65
4105,78.5
6870,333.5
0053,251.6
6146,180.0
1536,46.7
2641,17.4
6284,73.9
1712,39.7
00926,26.62
2365,28.35
5222,105.0
6535,82.5
00987D,9.54
3564,50.2
1563,75.4
1810,23.95
6237,36.2
2029,21.75
4577,85.0
4128,15.05
3388,81.8
4563,51.5
6275,46.7
2731,143.5
6261,78.2
6411,78.0
6716,116.0
00402A,9.97
5299,101.0
6125,49.5
00739,26.39
00965,25.09
2753,179.0
8234,62.1
5871A,99.9
2903,22.05
00941,25.25
7805,495.0
3594,47.7
2204,52.4
2231,92.0
4416,14.0
00967B,8.51
2546,107.5
1527,32.65
2023,13.55
00875,56.95
1909,10.1
2258,31.2
6761,164.5
3338,67.8
8105,14.9
3483,77.1
3213,125.0
2444,14.8
00870B,26.26
1707,86.6
4127,46.85
5321,68.1
6118,16.45
00936,21.39
1442,26.9
2607,53.3
00949,21.83
7712,164.0
3709,63.9
00916,26.94
00706L,19.27
2362,47.2
6156,21.4
6469,64.4
009810,21.37
00983A,13.22
4195,15.6
6243,39.35
00957B,12.5
4167,19.55
6188,62.2
3346,23.95
2816,40.0
6947,68.2
00731,98.55
2457,22.0
3444,81.1
4114,29.5
5508,52.8
5474,161.0
8415,35.3
5203,59.1
2417,39.0
6589,51.3
3015,53.6
00912,36.11
4755,116.5
00695B,33.64
8104,31.6
4532,25.1
2106,16.65
4306,14.55
1584,18.1
4164,27.15
5227,30.95
3311,38.05
2540,48.65
6175,69.9
7722,258.5
2425,37.35
2206,63.0
6015,17.6
00676R,5.26
8047,50.0
6877,127.5
5392,39.7
009800,13.35
6541,30.1
5291,58.8
6152,14.9
00893,45.53
9911,81.6
6183,91.1
3178,69.1
3176,37.3
3078,45.8
9938,38.0
5432,163.0
5522,61.0
2723,77.7
3528,85.1
2636,71.2
4746,47.55
00640L,106.4
3257,49.45
6180,41.3
6568,144.0
00853B,25.53
6186,28.9
00733,70.1
5310,28.85
3218,134.0
4510,43.25
5515,52.6
3297,33.3
8097,48.65
3217,130.0
6909,42.5
2707,176.0
00911,55.9
00858,36.01
2883B,8.52
1591,41.0
5288,187.0
4976,35.5
00987B,15.32
6642,79.8
00898,11.79
8473,39.55
9940,20.0
6517,62.9
009815,11.91
6873,67.8
3508,25.4
2471,51.3
6570,48.4
3051,22.65
9955,22.65
00996A,14.42
4104,72.1
6908,27.1
8088,42.3
00408A,10.42
4924,16.1
6894,367.0
4129,82.7
4720,19.3
4583,434.5
6994,26.3
4533,25.15
9951,47.0
3303,48.5
5014,10.1
8213,33.0
5210,30.25
2405,15.2
3555,169.0
6263,156.0
6735,65.7
8374,76.3
7703,199.5
6432,59.8
6277,77.5
3308,22.15
5013,33.8
6208,75.0
4714,11.95
3356,66.3
8163,30.05
00907,17.81
4169,149.0
2597,167.5
3712,20.85
6585,105.0
2243,50.5
6117,61.8
00876,89.8
3268,21.55
6698,32.0
1201,11.55
1104,26.55
1227,28.05
2537,11.3
6140,21.1
2349,10.35
6170,48.95
5287,138.0
3041,23.7
1232,154.5
6499,72.6
2070,63.2
3694,50.5
6967,66.3
00756B,29.12
009808,31.93
2108,28.5
00782B,28.43
5292,219.0
1558,112.5
2442,14.4
6913,127.5
00674R,29.56
00902,12.28
5202,14.3
3548,76.7
3372,16.2
1808,31.75
6103,43.5
00842B,28.52
6872,23.8
3004,117.5
2887G,44.6
6150,61.8
3093,45.0
6838,25.8
6192,109.5
00986A,14.66
0061,23.33
2913,11.05
009811,13.49
3556,58.0
00737,40.88
00652,31.51
6576,79.4
6235,39.15
6292,66.7
00991B,14.34
4952,49.5
1720,56.0
8476,19.9
3390,22.3
00701,41.88
00983B,14.5
6756,99.0
7821,36.2
2483,32.9
1515,29.5
3047,14.55
6854,92.1
8937,25.95
6983,352.0
6143,81.2
00681R,22.75
3630,26.8
1447,6.5
3290,46.7
3054,59.2
3625,11.0
2887H,43.0
3484,46.9
4953,117.0
009814,11.36
6732,151.0
5490,25.5
009801,11.6
3685,34.9
1455,9.69
3130,208.5
009813,11.49
1586,18.0
00726B,31.22
5381,23.3
2331,18.85
2420,53.9
1522,26.65
2640,157.5
5209,166.5
00799B,27.6
8074,51.0
009818,21.05
1231,79.7
7812,69.6
2530,19.95
2881A,61.5
4571,153.5
009822,9.45
1522A,51.0
2427,23.3
00728,70.25
2109,14.5
5511,69.8
00928,33.19
2511,8.35
1256,168.0
8341,74.5
0057,333.2
00932,17.53
6026,15.95
8478,140.0
00653L,41.42
2547,9.85
8045,54.0
9919,13.75
8071,21.95
6498,67.2
6596,97.0
00694B,41.57
6126,30.8
6969,30.8
6230,113.0
3622,44.55
00960,22.03
8076,21.6
4441,171.0
1532,22.15
6441,25.15
2852,27.8
6021,41.45
009809,18.54
6184,40.0
3588,53.9
00895,51.65
2536,19.2
009825,9.81
7786,117.0
4564,16.1
6768,62.7
5530,48.9
1760,54.3
5258,41.25
4741,39.25
6477,34.2
2535,89.5
6790,37.6
9942,114.5
8068,17.8
6725,218.0
6728,109.0
6689,64.6
1623,198.0
8462,157.0
2908,21.9
1316,10.5
2028,16.7
1587,24.1
8942,40.3
2836,12.15
1464,9.95
2429,31.0
2838A,51.9
1618,38.7
5457,23.7
7823,81.0
020020,30.06
4137,76.7
1436,35.75
1342,100.5
5225,55.1
6741,55.1
6654,199.0
2453,53.3
5236,136.5
1614,31.1
3025,52.9
2364,65.3
4555,42.0
1733,29.65
5521,10.45
6684,50.4
6115,44.05
5426,27.9
1339,41.85
6203,59.7
1416,11.45
3207,38.4
2528,19.3
2017,8.97
3086,27.75
6272,25.3
1529,15.45
8349,39.25
5452,27.4
9930,60.3
3716,34.15
2102,16.35
00845B,31.6
00678,43.46
1713,41.5
3306,46.3
6862,138.5
009817,8.81
6569,92.2
5529,26.5
1268,175.5
6776,52.1
0051,147.45
7780,16.1
3205,47.0
5410,33.25
1444,6.91
1611,11.3
8109,131.5
8222,35.4
5905,7.48
4716,16.85
00638R,6.99
1218,14.35
3540,22.8
3056,13.9
6486,80.8
5531,6.87
3628,73.7
9934,9.87
00683L,22.2
2608,28.75
2414,53.0
00836B,26.49
7730,174.0
5011,18.6
1537,115.0
1565,95.6
4162,55.3
2881C,51.8
2107,26.95
2461,17.65
4503,24.15
00781B,25.75
8432,50.7
00785B,32.78
3046,53.9
2460,29.7
3623,28.6
6934,75.4
4107,110.5
7631,138.0
3038,20.3
1603,30.3
1786,42.9
7818,59.9
00730,29.4
2509,14.15
9943,50.2
8072,27.8
5519,25.05
8499,258.0
6136,24.95
5512,7.69
2387,36.35
00972,21.64
8249,39.55
1731,20.75
00686R,0.94
6229,23.95
1598,20.6
2613,22.0
4157,8.82
00641R,3.69
9103,4.96
00921,23.41
5706,43.8
1315,68.8
5251,30.05
6914,120.0
6953,240.0
7689,160.0
6823,61.9
4934,14.2
3360,15.25
2506,8.38
4188,13.85
8048,49.7
5403,92.6
9906,39.65
8442,44.55
1805,10.0
3296,28.1
2832,57.2
2007,6.95
1789,18.65
4590,89.0
6494,51.2
1737,30.1
1903,47.2
5903,186.5
3511,19.6
9946,16.95
3541,24.7
6024,60.7
8171,20.55
9962,10.15
9935,18.1
4545,34.2
1466,14.7
6863,96.4
1417,8.08
8411,11.8
2348A,38.7
00783,26.83
1799,28.7
4138,56.0
6674,18.3
2237,27.0
8908,40.1
3040,34.25
4506,118.0
6890,147.5
5468,25.1
4119,56.1
8279,78.3
2611,14.05
5244,35.8
6259,29.3
2022,7.25
4207,19.4
2704,44.95
3226,58.8
8916,40.95
4178,16.75
3002,18.7
00647L,137.85
7791,55.1
6129,14.85
3611,183.0
4561,42.2
3546,73.0
7736,68.3
4560,29.5
2497,43.6
6151,35.15
2065,35.0
8059,17.5
00971,17.77
4569,154.5
1325,25.7
6161,48.8
6165,48.75
6281,50.9
00956,13.45
8404,13.4
2545,34.05
2415,27.45
4139,41.55
1533,30.5
00944,22.0
8044,23.95
1604,23.4
1506,9.57
9960,39.3
5356,25.5
6417,102.0
7708,92.0
00779B,25.92
2534,16.8
6657,32.5
5213,20.95
5484,39.35
1446,13.45
6988,11.4
1264,243.5
3285,42.1
8038,32.25
00634R,3.27
3537,52.9
3050,11.6
1471,9.4
4163,135.0
7738,157.0
2505,17.0
4588,55.0
3027,18.65
3597,27.95
006201,46.0
8931,43.5
3501,37.8
6951,69.2
1437,32.1
2482,16.45
5228,40.1
020025,39.98
2538,8.62
1580,97.6
2230,21.95
3520,17.2
4562,30.1
8440,20.75
9928,17.7
7721,61.9
6606,25.3
6142,9.07
1217,9.91
6171,26.55
2745,84.2
8099,60.1
6609,39.7
6130,23.65
3058,8.2
7642,68.3
6123,42.9
6918,73.7
4946,101.0
6582,31.05
5488,11.8
1784,61.6
00943,21.05
8034,20.5
3631,39.8
5245,20.85
6194,30.45
6965,65.8
2013,41.45
1419,65.6
6591,43.7
5609,78.5
8049,24.45
3489,23.0
2462,20.0
3052,10.4
6028,97.5
5007,55.7
4974,70.8
00700,16.87
8487,70.3
3379,27.5
1438,21.7
00852L,32.9
3057,16.1
8429,5.86
6167,10.3
6228,19.75
6906,82.8
6276,19.5
2477,23.0
6111,36.8
4726,22.3
00867B,28.27
4807,29.3
6516,56.3
00920,24.35
7757,91.0
1234,33.05
1702,33.0
2722,21.3
00749B,30.08
4108,11.45
6577,79.9
3349,19.95
1103,13.05
4744,28.5
5306,89.0
1219,11.35
8011,15.85
3011,9.96
1294,49.7
1615,43.2
6233,21.6
2755,98.1
8437,10.2
3164,16.65
6923,75.6
3158,85.0
6924,136.0
6996,170.0
6220,25.15
1762,33.8
1570,32.0
6752,96.0
1734,31.9
6875,31.9
00787B,30.31
6625,74.0
3043,20.15
6763,41.45
1456,14.4
7811,73.5
4175,50.5
6598,27.35
1449,12.35
1410,24.2
2423,72.2
6792,59.0
4557,49.9
3321,18.0
3325,11.95
6492,33.95
1616,18.35
3288,21.3
9908,29.0
4148,31.8
4155,14.7
00727B,39.02
3071,22.9
1459,16.0
2228,75.6
5215,37.8
3284,19.4
2882A,60.1
2516,15.4
6703,99.9
1108,11.05
9937,54.2
6164,12.4
4161,21.95
2450,28.2
6241,16.0
8080,28.0
2063,23.5
2488,48.8
5478,97.1
6821,41.1
6986,44.2
00901,47.85
3522,12.45
6895,143.0
5206,22.8
7743,24.6
1295,46.75
4513,16.5
4754,37.4
4113,15.55
1517,10.35
1732,26.0
00903,21.83
1524,25.95
4745,12.1
4154,12.95
8349A,45.3
6523,90.0
6581,108.0
7705,29.75
6201,44.5
7753,35.45
1472,88.3
3713,13.9
2062,18.05
6266,24.85
6283,19.25
3122,23.6
7835,19.95
3609,23.55
1321,32.3
2849,15.6
2015,64.1
6240,26.85
8446,84.5
6928,45.95
2440,14.3
2380,16.65
00669R,5.37
6751,44.95
4552,15.45
3558,122.5
8935,17.5
00710B,18.69
4549,96.9
2524,34.6
8089,19.1
006204,238.35
3419,11.05
3434,31.4
4905,77.8
6796,51.8
6134,29.1
2748,38.7
1432,14.95
00780B,35.38
2887F,45.6
4543,28.5
6697,41.4
00848B,32.44
5278,23.85
6527,75.0
00788B,28.12
8092,12.7
3710,7.92
2734,14.3
3652,34.0
5525,22.0
6248,16.9
3679,108.0
3438,61.7
4933,53.5
6881,214.0
4935,32.9
3666,25.15
1235,35.5
9905,21.25
8424,70.8
3687,60.4
6614,35.15
4711,16.1
1414,17.4
4572,139.0
6465,41.65
8342,83.0
3530,59.2
7803,18.0
3083,22.75
006203,203.6
5201,28.95
9136,9.21
1783,36.8
2906,13.45
4580,80.5
1817,40.0
2929,5.88
4413,21.0
5315,18.9
6791,99.2
2762,79.3
1460,6.26
4737,55.8
2459,65.0
6216,19.5
4432,15.5
3447,27.6
5489,42.7
1788,128.0
6771,42.4
8176,9.75
00792B,29.2
6720,126.0
2897B,11.8
8927,18.8
7767,46.6
5481,21.9
8435,53.0
5302,9.76
1780,24.6
5283,52.5
8112A,45.7
3664,8.86
6534,90.5
00734B,15.08
5398,13.9
4414,8.19
8032,35.75
00711B,14.89
6859,119.0
4999,17.8
3322,11.1
5546,14.2
00899,22.11
00847B,23.51
6733,25.15
4535,27.0
6574,117.0
6982,43.8
1725,34.5
3092,23.0
4109,11.1
6423,85.9
8284,68.1
00982T,15.4
1521,26.0
3705,56.0
8416,168.0
00849B,37.12
5344,13.35
00741B,36.83
2012,14.4
6506,18.4
7760,33.0
4994,82.2
4527,40.9
6921,65.4
4168,21.7
2430,18.0
2431,10.05
8938,52.6
2373,52.5
4907,45.0
00723B,28.39
1540,19.5
6931,38.95
6185,12.45
5907,4.83
00754B,30.27
4729,18.8
00890B,30.02
1777,74.1
1109,13.35
00908,14.51
2438,19.2
4430,18.0
4942,32.0
5438,16.85
6573,15.85
6592B,95.0
8403,18.9
1752,31.45
1323,21.6
2945,39.6
00709,39.58
00884B,27.68
9944,17.2
1240,54.4
8085,14.3
6154,14.2
1336,16.85
6616,8.16
1452,10.7
4106,24.25
3466,24.15
6590,66.0
1468,13.15
6661,16.2
5355,6.81
2314,11.25
4523,23.5
1418,18.3
4173,17.05
1525,63.7
7723,18.2
1593,31.75
6195,28.2
00684R,14.81
6552,25.0
8410,27.75
8093,24.95
1539,15.45
3118,30.85
2390,10.2
1531,11.6
4171,16.15
5701,4.01
7819,34.3
9902,13.25
2901,23.75
6961,47.1
6910,26.1
5015,21.2
4304,17.65
1726,76.4
912000,2.51
4438,56.8
9924,37.85
6593,32.4
4131,32.0
4133,20.35
5450,14.9
1526,14.8
3686,14.8
00656R,6.14
6645,12.9
6508,27.35
2496,54.6
6612,71.2
5538,35.5
2066,52.9
1475,26.2
1742,17.45
6629,104.5
00682U,20.77
3607,13.75
6431,17.15
3310,68.4
5272,17.1
3567,25.55
00717,14.53
2754,67.8
8481,40.6
7770,40.0
4417,49.9
2923,24.7
6109,10.35
4401,13.95
1467,8.11
6560,32.3
4198,48.4
4439,95.8
1340,5.25
2911,6.09
8466,15.6
7718,46.7
7704,62.0
6649,36.7
00755B,30.52
1337,4.43
2887Z1,22.7
1535,45.2
00648R,3.92
3018,12.0
00668,59.9
2227,44.8
2752,178.0
00844B,29.43
3672,12.6
4426,7.65
4440,17.45
4111,28.8
1225,24.45
6844,57.0
6461,24.1
4554,28.05
3276,14.0
3570,168.0
5520,83.2
1906,10.85
4747,23.15
2616,13.2
8083,156.5
5604,31.0
00786B,30.78
3527,51.2
910861,4.65
00760B,50.6
6887,37.55
7713,74.1
2924,18.45
6899,49.0
00863B,29.37
1454,12.2
9941A,48.8
5212,48.7
00982B,9.13
6794,72.5
5601,28.9
00851,72.1
3373,16.0
8930,28.7
8906,28.5
2642,20.3
6114,23.6
3188,23.5
4419,47.0
2596,35.1
1233,28.0
3206,34.95
1512,6.07
8087,23.25
6997,69.3
6874,69.2
2939,19.7
4120,45.7
4205,68.2
1626,9.58
00789B,44.59
6128,19.1
1338,14.7
8941,44.0
2938,18.6
4402,14.4
7839,43.15
00654R,7.12
8024,12.65
8277,15.8
4433,17.95
1213,7.2
5603,13.55
8426,20.2
3494,7.11
6210,17.25
1474,10.05
8367,40.1
1806,8.01
4558,17.0
1516,13.2
4116,39.4
6578,16.75
3171,58.6
5487,28.85
8928,22.95
7747,114.0
6101,37.95
5878,37.9
6294,28.35
00643K,3.74
4582,22.4
6160,14.0
6865,27.9
2948,36.9
1324,10.05
2743,54.6
6169,12.1
6637,54.1
5543,27.0
3684,53.2
3128,20.5
1730,51.2
1451,17.0
1236,25.4
9931,33.8
1413,9.19
1457,14.4
5364,8.35
3646,24.75
7842,98.6
3191,16.35
6767,24.35
6722,32.3
2836A,23.95
3593,10.45
2514,11.5
2740,30.65
2008,30.6
00771,15.05
8421,12.85
2114,89.5
2926,29.65
00687C,8.71
4911,28.9
5353,28.5
5460,16.95
8354,16.95
4767,28.2
00986B,9.26
7715,27.55
4930,15.9
6916,19.25
1441,9.62
8066,15.2
2239,18.95
2904,12.6
7782,24.95
2002A,37.4
4528,14.85
2739,36.7
2706,12.15
8107,12.15
3432,14.5
8409,18.0
6474,35.55
911868,1.15
8477,14.0
6212,34.95
4538,17.45
1423,34.55
6597,68.6
00846B,34.1
5704,22.7
1259,68.0
6692,22.5
7732,33.5
2424,8.3
8272,65.5
00666R,9.32
9912,12.85
4121,12.8
00778B,31.93
00736,31.71
4943,7.0
6835,31.45
2891B,61.9
3073,20.6
6556,61.5
5548,20.2
2881B,60.5
00777B,30.17
00980T,12.02
6846,59.5
1796,29.5
1473,19.55
2719,19.3
3632,7.19
8450,14.25
7814,28.4
00791B,56.15
4702,9.34
8917,55.0
4442,53.7
00651R,5.33
8433,52.6
6958,17.2
8929,12.85
00886,49.5
8067,12.3
4995,49.1
5348,16.35
6219,12.05
1583,46.95
00702,23.45
1599,23.25
3150,15.4
00660,46.15
3557,22.95
2736,11.35
6666,45.25
8940,15.0
1203,43.35
1435,21.55
3232,21.05
3266,14.0
6020,20.75
6754,41.5
6856,41.2
2701,10.25
5345,20.3
8933,4.5
1735,20.1
2433,40.1
2712,13.35
5547,20.0
6624,39.1
3492,19.15
00860B,37.7
6504,37.5
5324,12.45
4102,18.45
6804,18.1
8423,18.1
6418,35.05
5902,34.25
020000,32.83
3669,32.25
2941,32.15
3224,31.95
3252,15.75
3313,10.5
4502,15.65
00750B,30.65
2705,15.15
7794,30.1
1781,10.0
3465,29.65
6124,27.45
7584,27.2
6246,12.85
9949,24.45
4166,24.0
4550,24.0
2115,23.95
4530,23.5
910322,23.45
2064,11.7
1465,11.65
6671,23.1
1443,23.05
8401,22.8
8489,22.3
6929,22.25
6113,22.2
8455,22.1
9929,11.0
8101,10.95
6958A,21.85
1220,10.8
9950,10.25
1445,10.05
5211,20.1
3512,19.2
00703,18.94
4192,18.45
6236,18.45
1776,18.4
1463,17.6
6158,17.4
3115,8.13
3523,14.95
5301,4.9
4529,3.63
3499,13.5
2024,12.9
5516,12.0
911608,2.67
2067,5.23
4406,10.25
8444,4.7
2726,8.1
9110,2.91
0054,28.25
0058,43.71
0059,42.85
00625K,8.33
00636K,8.63
00649,19.12
00657K,24.31
00658L,37.0
00659R,11.21
00667,20.79
00668K,19.01
00672L,0.75
00677U,1.48
00689R,23.34
00691R,10.46
00704L,18.84
00705R,19.03
00707R,31.9
00714,20.78
00716R,13.96
00718B,19.05
00721B,48.06
00729R,20.56
00732,40.74
00742,22.2
00743,24.2
00744B,42.35
00745B,42.04
00747B,51.85
00748B,42.52
00758B,49.56
00759B,51.95
00765B,38.72
00766L,11.92
00767,17.4
00769B,60.3
00774B,40.85
00774C,9.12
00775B,30.4
00776,20.78
00784B,39.32
00790B,53.2
00793B,29.55
00794B,39.82
00796B,41.84
00797B,41.36
00798B,42.65
008201,101.2
00831B,41.42
00832B,42.92
00833B,43.87
00834B,32.69
00835B,45.16
00837B,37.64
00838B,40.38
00839B,41.85
00840B,28.27
00841B,27.06
00843B,40.37
00854B,41.86
00855B,38.6
00856B,37.08
00866,21.84
00868B,36.17
00869B,36.69
00872B,37.13
00873B,37.28
00874B,38.04
00883B,30.98
00906,11.95
00925,16.1
009806,13.74
009807,17.81
020001,28.63
020002,11.12
020003,15.89
020004,33.28
020005,19.35
020006,32.05
020007,41.23
020008,13.31
020009,26.67
020010,13.56
020011,16.4
020012,24.05
020013,14.84
020014,6.3
020015,18.69
020016,28.32
020018,24.94
020019,21.59
02001B,8.75
020021,4.42
020022,7.62
020023,7.2
020024,5.94
020026,6.37
020027,10.65
02002L,7.38
02003L,4.34
1101B,43.25
1258,26.85
1262,34.9
1312A,22.8
1333,1.44
1341,60.0
1439,28.15
1453,10.9
1470,23.7
1507,64.8
1530,26.7
1538,8.3
1541,21.4
1566,19.65
1589,5.54
1592,2.57
1701,21.15
1724,15.6
1787,26.15
1813,11.3
1902,20.65
2035,26.5
2073,25.9
2235,28.3
2247,229.0
2248,61.0
2250,57.6
2321,25.0
2358,4.56
2432,27.25
2443,3.57
2448,41.4
2456,94.6
2499,4.12
2601,5.91
2643,62.7
2702,12.85
2718,40.8
2724,13.1
2729,157.5
2732,63.2
2751,54.3
2756,63.0
2809,56.6
2823,30.55
2841,2.68
2867,9.7
2882B,58.8
2888,11.8
2888A,36.5
2888B,36.8
2891C,61.0
2910,23.55
2916,40.6
2928,31.85
2936,40.35
2937,44.7
2947,60.4
2949,64.0
3036A,52.0
3064,17.2
3067,16.55
3085,11.45
3089,81.0
3095,34.0
3144,38.2
3168,42.15
3202,3.96
3259,9.95
3272,13.95
3332,61.5
3383,1.7
3426,47.8
3452,1.47
3454,99.4
3516,25.1
3521,11.8
3531,21.25
3536,2.92
3562,14.8
3629,18.2
3642,3.87
3682,7.47
3698,22.25
4126,77.8
4130,26.7
4141,26.1
4144,26.9
4152,99.6
4153,31.6
4160,39.45
4180,70.9
4183,13.3
4190,25.05
4305,41.95
4420,35.8
4429,40.8
4568,39.2
4581,47.75
4584,37.0
4609,4.25
4706,34.0
4712,2.85
4725,17.9
4728,395.0
4735,35.8
4803,3.6
4804,3.27
4806,10.4
4944,11.6
4945,76.1
4947,228.5
4950,15.75
4972,16.35
4987,81.6
5016,24.65
5102,24.65
5205,17.3
5223,22.65
5259,7.86
5264,87.1
5276,18.45
5281,15.8
5304,3.32
5305,42.3
5312,90.5
5349,25.4
5371,83.5
5383,41.5
5455,30.55
5514,14.9
5523,30.35
5533,13.9
5703,13.9
5820,11.7
5906,40.9
6131,5.18
6144,12.55
6172,20.1
6198,19.4
6222,18.4
6238,179.5
6242,34.1
6247,15.45
6251,20.3
6264,6.01
6287,8.89
6288,20.95
6289,1.35
6404,4.64
6452,56.6
6457,62.1
6464,77.0
6470,43.0
6482,23.35
6496,23.5
6497,5.66
6512,20.25
6514,50.8
6542,41.0
6592A,96.8
6594,31.3
6615,34.0
6641,16.95
6655,124.5
6662,28.5
6680,52.8
6721,50.1
6730,32.1
6747,199.0
6762,159.0
6785,98.8
6806,3.51
6807,32.85
6843,38.6
6855,116.0
6884,32.2
6904,120.5
6936,31.7
6950,32.0
6952,38.5
6955,94.2
6968,41.55
6971,23.95
7716,24.0
7820,108.0
8077,43.4
8102,59.5
8183,28.2
8287,0.73
8291,29.75
8406,278.5
8418,8.95
8420,40.6
8427,74.9
8443,11.2
8463,21.2
8467,89.0
8472,77.0
8480,84.6
8482,47.05
8488,9.85
8497,65.5
8905,34.8
8913,13.3
8921,17.35
8923,18.65
8924,49.3
8934,36.1
910482,0.25
911616,0.48
911619,0.11
911622,3.59
912398,5.15
9157,0.86
9188,3.47
9918,42.7
9926,48.9
```

