# 收盤價 MD
# T:2026-09-09 07:23

## [CLOSE]
```csv
代號,收盤價
2330,2470.0
2344,188.0
2408,531.0
2303,137.0
2454,4710.0
3231,186.5
2327,567.0
2409,29.6
4958,505.0
3037,954.0
1815,135.0
1303,235.0
3167,938.0
2059,12520.0
6770,72.4
7769,6970.0
8039,294.5
3008,6500.0
2382,328.0
2345,1955.0
3081,2865.0
2360,2265.0
2308,1805.0
3017,3285.0
6223,5795.0
2317,251.5
6147,186.5
3443,5960.0
3481,48.8
6669,2340.0
2313,231.0
3026,747.0
6488,955.0
3189,800.0
5274,19220.0
6213,510.0
2492,318.5
3711,618.0
0050,109.65
4979,605.0
3105,441.5
2337,126.0
2383,5340.0
8021,450.0
6446,1405.0
6274,1345.0
6182,109.0
8046,1025.0
3661,4030.0
3529,2825.0
6515,7700.0
8996,1225.0
3006,298.5
8299,2085.0
3260,414.0
2301,291.0
3665,1935.0
3653,5550.0
00631L,37.49
2368,1075.0
6510,3620.0
6187,1385.0
6173,273.5
7610,2065.0
2357,968.0
00981A,29.73
2449,268.5
2481,152.5
6239,275.5
2426,97.5
3532,398.0
00918,35.44
5351,117.0
00919,32.71
2379,692.0
2464,194.5
2884,45.55
6442,1695.0
3363,711.0
3324,1340.0
2887,42.8
2324,39.05
6426,307.0
5289,1370.0
2395,657.0
3693,669.0
2455,515.0
2356,64.0
2882,113.5
2376,357.0
3491,1490.0
3131,2635.0
00929,28.89
6531,931.0
6207,116.5
6672,294.0
8210,907.0
3605,124.0
4967,280.5
00685L,12.35
5347,152.0
8358,520.0
3406,1010.0
2891,68.2
5483,180.0
1301,65.1
3624,96.6
2881,149.0
1326,70.6
3441,132.0
3374,475.0
3715,126.5
3163,726.0
009816,16.12
2412,139.0
2351,227.5
2486,245.5
7795,555.0
6907,204.0
6257,209.0
3264,225.0
7828,2035.0
3706,91.3
2603,229.0
0052,63.6
3450,527.0
7711,594.0
2377,152.5
2634,65.9
2890,43.45
2883,37.3
6291,463.5
2615,112.0
8150,90.3
3583,740.0
6683,1405.0
2886,50.6
2436,67.1
8042,113.0
00991A,17.67
00406A,9.61
8028,236.5
3055,146.0
3016,101.5
6830,576.0
4971,605.0
00403A,10.24
00878,34.07
2834,17.7
6451,435.0
6949,60.4
6415,410.0
3680,521.0
7788,291.5
2885,70.6
4938,91.7
5871,115.0
3034,534.0
1802,59.9
2354,64.5
2892,37.85
3036,189.5
8064,134.5
2049,350.0
4576,235.5
1216,76.7
3042,172.0
3533,1620.0
2801,27.25
4931,241.5
2474,205.0
5876,48.75
0056,55.75
6505,79.6
6588,113.5
2609,57.3
6271,223.0
3362,187.5
3211,375.5
6640,1215.0
2363,51.8
6139,742.0
2451,286.0
00632R,9.7
8069,147.0
6834,98.7
1476,300.0
3714,64.9
6278,188.5
6620,124.0
1519,728.0
7750,2315.0
2305,33.2
3293,708.0
2353,31.05
7717,466.0
6727,526.0
8027,177.0
2467,610.0
8261,170.5
009828,9.63
3090,167.5
2465,96.9
2388,76.1
6196,503.0
00891,35.88
2404,1055.0
5443,114.5
00992A,18.05
2359,135.5
00937B,14.19
6805,2155.0
6919,81.6
3234,197.0
2027,49.35
5269,1400.0
3141,95.4
00881,50.8
2880,45.15
6290,264.5
3044,484.0
6217,178.0
00935,59.85
6414,376.0
2489,39.15
6209,77.5
5475,190.0
1605,38.1
00961,13.44
2385,105.5
4961,177.5
3376,203.5
1717,72.3
4749,780.0
2441,114.5
2421,168.0
5880,26.85
6285,236.0
6617,134.5
3045,118.0
7734,2910.0
6226,29.6
00673R,11.0
3019,138.5
6789,463.0
5536,851.0
2221,85.8
5425,89.6
006208,250.05
009803,22.19
3035,175.0
8112,89.5
3718,66.1
00687B,26.92
00713,63.65
1590,1335.0
4977,173.0
3030,270.0
00830,83.7
2472,215.5
1560,717.0
3094,41.25
009829,11.18
2618,42.45
6643,438.0
3023,323.0
4908,227.5
2912,217.0
00400A,15.0
4904,104.0
1101,24.3
6179,33.1
8111,69.5
8103,119.5
6269,65.8
8040,79.0
00405A,8.71
2002,19.1
5314,38.7
6831,560.0
3702,104.5
1504,70.4
8016,278.0
2103,25.75
00927,37.61
6449,225.0
00663L,107.9
6530,98.5
6533,256.0
00953B,9.51
4966,547.0
6116,14.3
3645,73.7
8271,219.5
8033,174.5
00679B,25.6
2605,36.5
4939,89.5
00404A,9.99
6218,46.7
3022,86.4
6409,958.0
1597,143.0
6538,321.0
4927,43.05
6781,1065.0
4991,493.0
2478,121.0
00896,28.48
2610,20.6
3305,103.5
00988A,16.27
6861,195.5
2484,69.0
3265,166.5
4919,118.0
6416,105.5
6693,187.5
00712,8.67
6197,300.5
5434,532.0
5439,257.5
3707,60.0
5388,73.5
2312,31.3
8227,180.0
2316,158.0
2374,67.4
4763,49.15
00982A,22.77
5340,82.5
2855,52.2
00646,76.5
6016,23.15
6829,241.0
1785,100.0
3029,111.5
9910,71.8
2375,123.0
5471,55.0
3498,189.5
00708L,81.65
00662,120.0
6138,276.0
6472,412.5
8096,101.0
6121,378.5
00675L,327.0
6214,185.0
3455,229.5
6739,1145.0
7744,523.0
2347,88.9
00892,42.89
2428,253.5
1477,198.0
6584,602.0
3596,155.5
4526,32.15
7751,1545.0
4760,272.5
00407A,9.68
00922,42.56
00735,107.05
8431,63.3
8114,180.0
6715,325.0
1709,33.6
1319,79.0
3673,63.9
9105,8.68
8043,138.0
6282,43.25
6548,70.6
00409A,9.9
00637L,19.77
1503,204.5
1402,28.65
1409,24.45
4722,193.0
2413,45.95
1513,165.0
1102,35.2
2889,16.6
8086,110.0
00888,34.37
3357,206.5
2812,19.4
6526,643.0
2458,130.5
3563,695.0
6547,64.0
00757,139.15
1773,164.0
00984D,9.82
00715L,59.6
2061,47.2
3675,274.0
2542,47.7
2009,40.6
2606,77.8
6456,66.8
00947,38.5
8932,92.4
00962,15.19
1312,13.9
2645,172.5
2201,30.45
6224,84.6
2476,119.5
5904,71.7
2637,98.1
6944,706.0
6166,114.5
3005,112.5
00720B,31.58
2845,13.7
5464,75.3
3227,186.5
4577,91.0
00999A,11.5
8240,52.3
009802,20.4
6716,118.0
9921,95.6
7709,92.0
3413,281.5
00411A,9.76
6231,235.0
00795B,25.69
00865B,48.33
00980A,24.83
8155,341.5
9904,24.7
00990A,15.12
2399,45.65
4764,218.5
3416,160.5
4551,163.0
4906,36.1
1711,39.5
00859B,40.75
2498,40.2
7792,316.5
3229,55.2
00923,40.55
6141,49.4
2392,42.8
6719,183.5
6168,28.55
7822,899.0
6176,91.1
4989,60.3
6679,199.5
00945B,14.34
6691,615.0
3504,83.2
3338,68.2
3149,60.2
00933B,15.4
3535,89.2
1727,90.6
00981B,9.09
3490,43.45
2646,20.6
5328,59.1
00751B,30.09
1609,37.6
6667,250.0
6005,32.65
3388,85.0
4916,95.3
9958,90.1
2493,179.5
00955,16.58
6206,134.0
6525,130.5
9933,39.1
2369,30.2
2332,18.75
3354,28.3
8081,248.5
8054,83.3
3515,221.5
00724B,32.42
3219,89.0
1314,8.11
5386,257.5
2367,41.5
6199,96.5
2105,30.6
8110,43.75
2851,45.65
4770,234.0
8422,26.6
8131,61.9
4973,148.0
4542,275.0
7799,382.5
1795,180.5
2329,42.7
00877,37.71
3221,48.55
6265,53.8
3689,110.5
3135,171.0
00696B,27.88
3236,43.45
2030,23.8
5864,37.25
8926,57.2
5284,309.5
6412,74.7
6015,17.85
8070,50.0
3033,43.3
6202,56.9
00985B,10.06
6933,317.5
2207,535.0
2371,27.8
3709,62.0
3317,56.5
6133,24.5
5243,91.6
4915,60.5
00940,12.82
00764B,26.81
009826,10.09
1608,36.65
00772B,32.12
00770,68.35
6753,134.5
1718,10.4
8464,371.5
2072,131.0
3162,69.6
00722B,33.94
00635U,45.69
00410A,11.91
6706,123.0
3003,58.7
00738U,52.8
3380,29.9
1563,77.1
2439,76.1
00670L,201.45
2302,41.8
6127,48.2
4585,297.0
2328,46.0
9939,128.5
00725B,33.64
6191,81.7
2233,161.0
1708,50.2
3088,121.0
00998A,18.09
2402,54.6
6664,356.5
4540,57.7
6937,287.5
3587,246.0
5309,50.7
00939,23.84
00401A,14.29
1714,16.25
00993A,13.34
6435,246.0
00706L,20.31
1536,47.9
4123,30.4
3617,245.0
4743,46.95
6922,193.0
4147,65.3
2254,63.1
2915,57.4
3048,52.0
3013,83.8
00952,17.98
2342,38.95
4771,211.5
00887,15.87
2485,39.9
1528,21.05
3526,277.0
6188,65.0
00692,93.95
009827,10.15
00900,19.54
4772,249.5
6023,82.9
3592,218.5
1210,52.5
00934,30.12
3014,130.0
2352,28.65
6840,93.2
6024,61.2
2633,26.1
1514,102.0
00997A,11.07
2393,62.6
2466,98.6
9945,28.05
00719B,30.81
9914,77.0
6788,348.0
00904,41.87
4510,44.3
1710,15.85
1722,44.55
6443,24.0
6104,92.5
8473,39.5
5285,85.9
6913,130.5
00894,47.99
2340,32.35
5469,71.1
00989B,9.99
7749,355.0
4976,36.7
2101,30.65
1809,38.1
5498,53.6
3576,16.9
4768,301.0
2006,81.9
009824,10.11
3704,38.9
2406,26.9
00665L,9.23
2069,22.4
3059,38.5
6263,159.5
3028,62.3
00633L,48.12
6962,31.25
6190,66.0
2838,21.3
00882,14.9
1440,13.6
2401,24.85
8147,137.0
3049,12.5
6579,147.5
6782,232.5
1229,41.7
3543,43.35
009820,9.91
4956,34.1
00913,49.65
6155,56.4
3228,177.5
4739,82.1
5392,41.15
6996,169.5
2491,40.6
00987A,16.37
9938,40.35
00995A,17.41
6532,97.9
00701,40.62
009821,15.02
8234,66.9
00915,32.76
2355,41.9
9941,81.0
6613,258.5
6890,162.0
4707,28.3
00731,97.55
00753L,9.21
3209,45.35
4541,60.3
00985A,23.1
6670,279.0
6284,77.6
5234,296.0
8383,64.7
2442,15.95
009819,9.75
6245,79.3
00988B,19.36
6215,95.6
6153,17.4
00924,33.02
8255,139.5
00946,15.24
9802,71.2
00941,25.38
00938,26.6
00642U,30.85
00994A,16.85
4766,346.0
8936,50.1
6491,376.0
00740B,36.99
00950B,13.47
1810,24.0
6143,84.3
2820,17.0
1721,24.6
5009,32.8
00954,19.11
4556,77.5
00981D,10.23
6292,65.7
00984A,15.54
3289,138.0
6462,99.3
6761,175.0
3577,108.5
00951,17.83
1723,83.9
009805,15.19
4923,55.0
3312,50.1
8454,239.5
3010,127.0
6903,310.0
2495,36.05
5608,17.25
00643,18.13
1808,34.85
00864B,45.6
6658,171.5
00680L,6.39
2897,10.95
3213,123.0
8436,109.0
00901,47.02
2617,32.35
00980D,19.93
2548,94.6
4566,62.7
4303,35.65
1434,17.8
00650L,16.86
00930,24.2
00857B,22.36
6432,57.1
6279,113.5
6175,70.4
5607,54.9
3339,43.1
00996A,13.96
00402A,9.52
4912,100.5
009804,23.32
4746,45.55
2362,47.55
00909,48.48
6438,152.5
5291,66.3
6244,22.8
7855,42.1
009813,11.26
1712,40.85
8091,213.5
2434,61.7
1904,24.45
5484,43.3
1591,39.1
2236,122.0
4968,89.0
2483,31.9
3663,61.0
8050,55.3
4163,129.5
2727,230.0
2417,38.3
5230,19.05
00981T,11.87
2419,26.7
2630,49.0
2543,39.05
00984B,15.59
3479,122.5
00987D,9.94
3021,25.1
3004,121.0
2323,10.7
3147,218.0
3694,49.4
2539,35.25
3551,181.0
6651,142.5
3217,133.5
5474,152.5
1215,110.0
5299,92.1
1304,12.35
1595,65.4
1569,48.9
4755,115.0
6108,22.25
6654,222.5
3708,99.6
4960,20.65
4736,124.5
2597,171.0
00911,52.6
2731,143.0
6021,42.5
3717,21.4
8390,97.9
00926,26.29
6177,47.75
2338,37.75
6146,180.0
00678,43.75
8374,80.1
6261,78.2
00948B,9.07
5258,44.3
8084,45.3
3078,45.2
7777,37.6
6668,40.2
3545,51.1
6517,65.5
6969,36.95
00942B,13.62
2504,31.6
3152,232.0
6125,50.1
3169,103.0
5432,162.0
00664R,1.58
2540,48.2
1316,10.8
2331,19.0
00850,93.7
7402,101.0
8105,15.1
009811,13.25
8163,30.15
9917,106.5
2014,17.0
00773B,34.39
7765,218.5
2723,81.7
00728,69.25
2501,22.4
2520,36.8
2397,59.8
6174,43.4
3580,85.5
5321,78.4
7714,155.5
4949,76.5
1707,90.5
3176,36.5
3558,123.5
00964,14.96
3356,59.6
2905,18.25
00690,80.25
00931B,12.93
00655L,33.42
6605,135.5
3257,47.8
6509,45.6
00876,87.6
6695,47.1
7810,219.0
1515,30.0
3564,48.2
6712,156.0
6589,47.45
2903,22.45
2034,20.95
3591,23.4
7712,150.0
4583,463.0
00693U,23.93
1308,14.15
6877,117.5
5288,186.0
0055,49.24
009823,10.39
6498,70.4
3483,78.0
00694B,41.43
3548,81.3
3555,194.5
6026,15.4
00763U,35.41
4952,48.6
2206,63.7
8074,52.5
00917,23.99
3588,52.4
3594,47.3
2707,178.0
3430,106.0
4953,118.0
00910,56.5
00983A,12.53
2104,10.1
6550,10.15
6165,47.6
2515,11.9
6535,77.8
00733,67.15
7722,272.5
2425,37.2
6742,44.25
3701,40.6
00746B,34.09
6186,30.5
6642,76.8
2204,53.3
8088,43.2
2348,71.9
7689,165.0
3691,97.3
00885,18.47
5511,69.6
1309,13.6
2211,83.2
6189,46.85
5225,54.7
6112,44.55
1582,72.2
3581,105.5
00752,22.74
1342,102.5
5263,104.5
00905,26.78
4105,76.9
1537,114.0
4903,35.5
2349,10.65
2612,64.0
2208,18.8
6894,340.0
6425,62.6
7772,131.0
4129,83.5
009815,11.52
6227,112.0
6756,98.3
2641,17.95
3556,56.2
6854,91.0
1444,6.99
00688L,6.41
00408A,10.4
6957,216.0
00990B,9.9
4532,23.75
2420,53.7
3622,49.6
00895,50.55
6477,34.2
4137,77.1
6469,67.8
6592,60.3
2530,19.85
3290,45.3
009800,13.0
4590,89.1
8109,128.5
3705,56.1
00893,42.87
6811,224.0
5460,17.15
1909,10.75
4536,162.5
8341,74.6
3444,83.1
1310,8.57
3060,25.95
3011,9.97
1618,39.5
7827,151.0
3630,26.6
4169,149.0
5222,104.0
6732,146.5
4534,28.9
009812,13.16
5534,75.9
00853B,26.5
2231,89.2
4569,171.5
2365,28.45
5292,217.5
6405,38.65
3402,122.5
6757,55.4
00761B,32.68
4721,71.3
3550,22.65
6870,291.5
2850,157.5
2031,44.85
3032,78.6
6208,76.1
1313,11.8
3685,36.65
4174,26.0
00653L,44.63
3024,13.8
4127,62.0
6585,111.0
1905,13.2
2023,13.95
2258,31.85
00991B,14.66
3046,54.0
6901,15.25
6486,81.9
3518,29.1
4119,53.8
2010,22.4
5381,23.8
4555,42.95
4114,29.6
2887I,9.53
6419,149.0
2611,14.0
1907,29.15
7768,275.5
2457,22.55
3528,81.3
5228,41.5
6885,25.35
6411,78.8
00960,21.54
6163,40.65
4306,15.1
6725,223.0
6243,37.75
6869,64.1
2444,11.55
00965,25.23
3287,35.55
4909,35.45
6180,41.5
00921,24.66
3066,23.95
00980T,11.82
00657,78.1
6205,64.7
7730,172.5
8289,43.25
6906,81.9
2033,25.45
1227,28.55
5236,134.5
5522,63.6
8182,38.65
6603,24.95
5508,54.4
1232,157.0
4571,155.0
2364,65.7
7794,33.0
6277,78.1
7738,168.0
6126,28.8
8076,22.0
1104,27.45
1736,126.5
2029,21.3
1231,80.4
2883B,8.22
8404,15.55
4564,15.8
2607,53.2
00963,13.13
6423,83.8
3062,20.4
6983,344.0
2836,12.25
00676R,5.37
5203,56.6
3546,73.5
4162,56.4
7703,200.0
00907,17.69
3537,53.6
6499,72.0
6101,37.0
7805,508.0
2536,18.85
5426,27.8
3485,208.0
6657,33.45
3230,41.8
00987B,15.81
6234,34.3
6862,138.0
4951,79.3
8162,61.2
00970B,8.97
2108,29.15
00768B,47.66
2480,155.5
6803,271.0
1720,56.0
2601,6.8
00652,32.48
5452,26.35
9925,39.6
3138,91.2
2527,43.35
00863B,30.63
4142,17.55
6576,82.1
5209,153.0
8222,36.45
00989A,16.89
6272,28.6
2636,68.7
6570,48.45
2497,43.9
2753,179.0
6465,44.65
4706,35.3
00916,26.75
4533,25.25
3323,27.7
00645,57.85
6994,35.2
3218,137.0
4924,13.0
5515,52.1
3054,57.0
6204,87.8
8215,25.15
1307,30.65
6216,19.85
9911,81.7
3031,23.8
1612,34.7
2546,105.0
4128,14.95
7780,16.55
3615,35.65
6792,60.2
6561,320.0
009822,9.98
00862B,30.44
0057,327.85
5457,26.7
2015,64.7
7728,628.0
1529,15.8
2427,22.05
5478,97.4
00959B,9.0
1623,204.0
00897,13.14
00762,114.7
00928,32.65
3041,22.5
6237,33.85
3015,52.4
6947,68.7
4157,9.01
3051,21.25
1305,12.15
6799,78.3
4167,18.9
00966B,13.32
00842B,29.1
5609,78.8
00912,35.84
009817,9.1
6703,102.0
2547,9.96
009825,10.21
009801,11.24
1455,9.9
5521,10.55
00920,24.7
1472,90.0
00944,21.48
1565,98.6
6546,60.8
6117,62.6
6170,47.95
8104,30.1
8121,27.0
006207,32.01
6192,115.0
5213,21.15
8213,32.55
3349,22.0
5530,49.4
2743,54.4
3712,20.65
6275,45.4
2535,89.1
6150,58.9
6441,25.4
3025,50.4
1264,250.5
00986A,14.46
2849,16.2
2387,36.25
2405,14.9
00985D,9.76
6873,68.3
4974,71.4
00779B,27.16
00849B,36.91
1580,101.0
009814,11.33
00936,21.45
00727B,38.96
6492,34.25
6122,50.5
6945,95.8
2461,18.4
6156,20.2
6741,59.4
00726B,31.93
6417,104.5
00741B,36.92
4716,17.0
6743,29.0
3611,182.5
1786,46.3
6485,60.4
6130,24.65
1436,37.15
00636,27.38
2243,45.45
6568,134.5
2468,32.5
5410,35.35
3623,24.7
2020,21.8
00949,21.86
8415,37.05
4107,113.0
4416,12.05
3703,19.85
4580,81.4
6111,35.8
00847B,24.33
8183,28.0
1558,106.0
6120,12.2
006205,40.21
2414,51.7
5227,29.5
00986D,14.23
6235,38.4
5512,7.74
6902,127.0
00848B,33.13
3294,29.7
6598,28.4
00932,17.32
6768,63.7
8462,167.0
1760,56.0
00858,35.73
8071,22.45
00697B,34.88
5490,25.85
4714,10.8
2816,39.15
00686R,0.95
5519,26.8
4438,57.6
00968B,8.9
00756B,30.14
2228,75.5
9907,15.25
4441,175.0
3093,45.0
1256,174.0
2106,16.95
2748,39.4
00782B,29.14
3303,51.4
00983D,9.8
6152,13.45
3207,39.45
8438,68.0
00668,61.15
2070,61.7
1218,14.45
8044,23.55
9942,114.0
4552,16.05
2545,34.8
2613,22.9
6541,31.8
5287,135.5
8249,39.75
6270,28.75
5011,18.35
3669,32.75
6909,39.95
1737,30.65
2832,58.0
3114,30.0
7740,129.0
1789,19.15
1522,26.8
8083,157.5
3716,34.0
00884B,28.47
8034,20.6
4549,100.5
2241,34.2
4561,41.1
2062,19.3
2596,34.5
5201,27.9
00845B,32.14
00760B,51.9
2511,8.47
1799,30.15
6863,101.0
3372,14.35
00903,21.12
00902,12.9
3438,62.8
6924,125.5
7786,115.0
00791B,56.25
2025,12.55
3628,68.2
4907,45.0
6763,41.0
3530,56.8
1617,17.55
2013,41.7
5315,18.4
6134,28.5
3489,22.45
3666,25.0
009808,31.61
2908,22.25
4560,29.15
1447,6.69
5902,34.3
2429,30.4
1268,171.5
00943,21.02
5905,7.55
6184,39.9
9946,17.1
009818,20.05
00759B,52.2
6841,53.2
2887E,48.6
2887Z1,22.2
3540,23.0
1584,17.7
6953,234.5
5481,20.2
00971,17.46
009809,18.26
6151,34.4
6796,56.8
2459,66.1
00799B,28.26
00758B,49.82
4104,71.1
3484,45.4
4720,18.5
6625,75.9
1734,31.1
2913,11.0
4563,44.2
3047,13.25
6225,61.5
4807,27.6
6821,40.65
6971,26.65
8942,41.85
6494,53.6
0053,246.0
2614,18.15
1586,18.0
2415,27.9
9934,10.8
3038,20.0
2453,51.8
6259,29.1
4166,25.15
7823,80.7
6596,94.9
6558,23.55
4737,58.8
2755,99.9
4726,23.9
6164,11.55
00639,16.13
1464,10.05
2852,28.05
1466,15.5
2752,181.0
8476,19.4
3056,13.95
6785,93.0
9930,62.7
8499,257.0
6136,24.65
00875,52.95
3437,17.95
00789B,45.73
1587,23.9
6161,50.1
4207,19.95
1568,28.95
9924,38.45
6967,70.0
3527,49.7
1702,32.6
6776,52.4
00700,17.1
1438,23.3
6986,41.3
1532,22.75
1777,74.8
8045,48.9
5210,28.5
8410,29.25
1603,30.05
1903,47.85
3390,21.75
00860B,37.6
1524,26.6
2462,19.2
3321,17.2
2460,28.1
00640L,107.25
2882A,60.4
2881B,60.9
4543,29.0
6581,111.5
6914,120.5
6872,22.4
4164,25.8
8049,24.3
1733,31.15
9940,20.25
6233,20.3
3086,29.1
3311,31.55
3071,24.45
2107,26.75
00982T,16.18
6895,151.5
8931,40.9
00648R,3.9
00781B,26.93
2064,12.25
00710B,19.04
3346,18.4
6115,44.1
3050,11.3
6637,54.1
5306,92.7
00695B,34.31
3040,35.8
6720,131.5
00983B,15.0
1604,23.65
8442,46.65
6735,62.1
8085,15.15
4506,122.0
5244,34.5
5283,54.0
6230,108.0
8011,15.5
1713,43.35
8349,38.85
2102,17.8
3499,13.7
3508,21.2
00780B,35.97
3466,24.35
3171,62.0
4503,23.3
3092,23.65
00890B,30.93
1527,32.8
2250,56.4
00778B,32.92
4934,13.7
8478,141.5
2438,20.0
00834B,32.85
00969B,7.96
1726,77.5
5706,44.85
3188,24.3
006201,45.23
00898,10.85
9906,41.8
6606,25.85
00846B,34.82
1101B,43.2
6684,45.4
4188,12.8
2704,45.55
3607,13.55
4933,53.4
2390,10.05
5493,83.2
00755B,31.29
5871A,100.0
2887G,44.15
3058,8.02
00792B,30.54
2745,87.6
3419,11.25
00749B,30.61
8048,50.0
1414,17.65
00641R,3.69
6916,18.8
00754B,31.12
6220,25.6
1416,11.5
00737,40.03
8937,27.7
6577,80.3
1201,12.1
5398,14.25
00730,28.58
00777B,30.97
2380,17.7
00851,70.65
4942,32.75
6573,16.3
1217,9.96
00750B,31.45
6418,34.5
2537,11.4
5324,12.2
4513,15.55
00661,85.75
5531,7.24
1788,128.0
4562,30.05
5468,24.3
9943,51.0
5007,56.6
2114,89.8
2440,14.25
1108,11.6
2032,17.05
1506,10.0
2247,233.0
5206,23.25
00723B,29.09
6609,39.4
2608,28.4
3552,42.5
1103,13.15
1419,67.5
2923,26.7
00669R,5.19
5403,92.6
1219,11.75
6534,92.1
3206,35.0
0051,146.05
00972,22.05
9955,23.8
3609,19.55
00788B,28.82
1325,25.95
6698,31.5
2471,49.4
00671R,2.41
00840B,28.48
6875,32.3
1339,42.95
3027,18.05
8038,31.0
1442,30.05
2524,35.7
5603,13.8
6629,106.5
00647L,138.4
3360,14.7
8472,74.2
9919,14.05
2423,73.9
00841B,27.13
6918,77.5
2762,81.8
1732,26.2
3511,19.0
4572,141.5
6874,68.4
4946,94.0
1784,59.4
5903,185.0
4530,25.95
1598,20.55
6689,61.0
1449,12.2
6934,76.8
2237,27.75
4106,24.5
2038,12.4
4935,33.1
00674R,27.59
5356,26.0
1616,18.75
6128,19.45
7704,60.7
00775B,30.69
00714,21.4
3467,51.3
6823,60.0
5488,11.75
2505,17.25
1611,11.65
6266,24.65
1615,43.9
7631,142.0
00844B,30.17
2538,8.87
1531,11.8
8446,85.1
2534,16.9
3679,107.5
00793B,29.49
2528,20.15
8097,48.55
6655,122.5
00982D,9.61
1762,35.0
3130,210.0
4168,21.85
9927,69.5
00689R,22.6
00687C,9.12
2488,48.35
7821,39.65
4113,15.8
3284,19.95
2065,36.3
7556,246.0
1540,19.45
00856B,37.04
4741,40.1
5487,29.2
6928,48.0
8421,12.7
2017,8.97
8277,8.08
5547,20.2
3501,39.55
6790,38.0
1437,31.95
2028,15.65
1517,10.7
6923,76.4
2482,15.85
4420,38.85
5529,25.0
6838,23.95
1465,11.85
4138,52.8
3306,44.55
3313,10.9
3322,11.0
1780,24.8
2516,14.1
1321,32.35
4728,392.5
2916,40.05
00836B,27.61
6148,28.35
7791,57.2
8089,16.9
5302,10.2
0061,24.08
8927,19.1
2732,63.1
6612,70.1
9908,29.1
4133,20.3
3520,17.4
8072,26.05
6203,60.4
1445,10.4
1234,33.4
2248,60.3
6578,17.95
00683L,21.17
1220,11.0
1533,30.95
4744,26.9
2706,12.2
2881A,61.7
1315,66.1
4588,51.4
5907,4.8
9103,5.11
2431,9.93
8928,23.8
6590,58.9
9136,10.45
4109,11.0
6569,90.7
6241,15.4
6523,89.4
6690,162.0
5533,13.9
1459,15.6
5525,22.2
7760,33.0
2450,28.15
8171,19.6
3631,37.9
00785B,33.5
6516,57.3
6246,13.2
8938,52.0
2729,155.5
4442,52.7
8059,13.4
3178,59.5
8432,50.3
6527,75.0
00736,31.98
8099,58.1
6968,41.7
7818,60.2
3570,162.5
2348A,38.65
5538,36.8
6752,95.2
6167,10.2
2906,13.75
3652,32.0
6591,42.1
1535,45.65
3710,5.0
6931,40.65
8935,17.95
00711B,15.47
6103,35.4
2756,62.2
9951,50.1
1336,16.45
2640,154.0
00852L,34.96
4439,96.1
2022,7.46
4304,16.65
6109,10.75
5278,23.85
1259,65.0
020025,40.38
00899,23.29
3150,16.1
6185,12.75
8401,22.75
5014,10.05
3224,32.8
1338,14.15
3521,12.15
5312,91.7
00861,86.1
9935,19.5
6733,26.0
6859,111.5
2007,6.92
3713,14.3
6283,20.05
1446,13.35
6506,18.25
1817,40.0
1526,15.3
4711,16.7
7715,28.7
4108,11.2
00703,19.26
8279,78.2
3684,54.1
3128,19.8
3276,14.05
2115,23.8
1460,6.55
4160,39.8
8032,35.7
6183,92.5
3226,55.2
2314,10.95
6142,8.51
3052,10.5
4747,25.25
2477,21.6
5465,24.25
1337,4.51
3043,20.85
5272,16.7
5251,25.5
1456,14.35
1731,21.0
6982,46.3
6113,22.75
00967B,8.83
4557,49.65
6722,32.55
1110,16.0
3447,28.1
6593,31.8
1410,24.55
00681R,21.64
4195,13.8
1109,13.5
3310,67.6
3268,18.3
7721,60.7
5546,14.6
2734,14.9
4702,9.38
3379,28.1
1471,9.65
3522,12.0
1417,8.2
4116,40.0
4729,18.6
1783,37.8
2643,63.0
6574,119.0
3122,24.6
3073,22.15
4545,31.65
6666,44.95
6835,31.15
5215,38.4
2838A,52.0
00980B,9.1
7642,75.7
1730,51.3
2373,53.4
3002,17.35
4155,14.15
6221,21.15
4178,16.85
6791,99.3
9902,13.65
6649,35.0
6504,37.35
2433,41.5
3083,22.7
7835,23.1
020000,31.15
2887H,42.25
8908,40.4
9928,17.75
2235,26.85
8429,5.96
8403,18.95
4754,38.55
5704,23.1
7814,29.7
00886,47.19
8093,26.4
9905,21.4
7718,46.6
9912,12.8
4905,85.3
1432,15.05
00908,15.24
4126,78.0
3625,12.3
1752,31.5
006203,200.45
1225,25.05
6951,71.0
6804,18.0
5450,14.65
6592A,95.9
3168,43.5
8924,50.3
6855,119.0
3057,16.6
4582,23.0
8367,40.7
3687,62.4
6988,11.95
6240,22.5
1457,14.35
4735,36.65
2230,22.15
1805,9.96
1467,8.21
4205,69.3
6201,44.8
7842,98.2
6508,25.9
6884,30.05
2887F,45.8
6123,43.5
8024,13.05
6560,30.5
5489,40.65
4999,18.05
3205,46.8
2012,14.45
3373,16.0
3541,21.8
2881C,51.5
2430,17.9
4139,41.0
2227,48.0
1570,32.6
2616,13.35
8467,90.4
910861,3.65
1475,26.0
9949,24.4
7705,29.8
1452,11.3
1776,17.25
2719,19.3
3434,29.25
9931,34.1
1473,20.1
2937,43.55
3191,17.4
6615,33.9
00684R,15.27
6281,51.4
6592B,95.0
5202,11.8
4414,8.16
006206,37.5
4406,9.95
6118,15.2
8354,17.3
8916,41.0
2891C,61.4
6641,17.1
4171,16.6
1735,20.2
6140,16.4
8411,12.8
2739,37.7
1725,32.3
006204,236.25
1236,26.25
1614,30.65
8440,20.0
8488,10.35
2066,53.3
7819,34.5
8291,30.0
3516,26.35
9941A,48.75
3325,11.15
5015,21.9
6794,75.0
9962,10.05
2509,14.95
2701,10.35
4554,29.15
6771,41.8
4767,29.0
8107,12.35
4417,47.2
9960,30.0
7839,43.95
2109,14.95
4523,23.45
6194,29.8
00660,46.75
00958B,8.93
5223,23.25
2897B,11.75
7708,92.3
4419,45.95
4121,12.8
6195,27.8
8489,22.0
4558,17.2
4426,7.55
1583,48.35
2514,11.6
7736,69.4
1235,38.95
1468,13.5
1233,28.1
6552,23.75
5355,5.76
4911,29.25
2754,68.0
4131,30.5
6248,16.9
9937,55.2
2642,20.2
6160,14.4
1470,23.9
9926,49.5
7820,118.5
8435,53.4
7770,34.5
6645,12.2
3158,83.6
8423,18.15
6028,95.3
6921,62.9
7723,18.6
1521,25.3
1806,8.03
6925,49.5
8433,54.3
2722,21.55
6614,35.85
3288,20.65
009810,21.24
6158,17.0
6171,26.3
6965,74.9
6910,24.9
6908,30.4
2506,8.58
2705,15.6
5344,13.45
6219,12.15
00739,27.43
6936,32.8
3285,40.95
4994,81.9
6887,37.75
5455,29.75
6997,68.0
1340,5.23
8930,29.65
5353,27.9
6692,23.65
00783,27.7
6754,42.75
5601,31.0
3018,11.2
2702,12.7
00771,15.16
3597,26.5
6899,49.95
1463,17.25
6474,36.95
1240,55.3
1593,31.6
6671,23.1
7753,36.5
3308,21.75
3297,27.1
1451,17.3
6276,20.55
1294,53.5
8487,71.3
2901,23.75
2947,61.0
8047,42.1
4745,11.65
1474,9.97
2239,19.9
9944,17.2
1203,45.85
2063,24.2
3494,7.08
5245,22.8
1418,17.8
8112A,45.2
1454,12.3
3259,11.1
2726,8.08
6020,20.8
3232,19.7
4433,18.7
6464,78.0
00654R,6.83
9918,43.2
8477,15.4
6582,31.95
020020,29.42
3567,25.3
009806,13.53
8481,41.4
5212,46.2
4527,40.95
6958A,20.45
3557,24.5
00709,40.45
00957B,12.86
6674,16.15
4995,50.0
00717,14.58
8342,86.0
8424,68.5
8416,168.5
3266,14.0
8102,67.2
5438,16.75
1525,66.4
4432,15.65
5548,20.35
009807,16.9
1295,45.6
8068,16.8
4111,28.7
4161,22.5
4943,7.0
8080,28.6
3272,14.25
6958,17.4
5220,19.55
00956,13.57
4148,31.1
2751,51.8
1324,10.0
4584,38.5
5013,28.0
2008,30.75
6229,23.65
3252,15.35
1742,17.65
6844,59.9
00867B,29.14
3465,29.05
6751,41.5
2836A,24.1
6431,19.25
4550,24.0
5310,23.8
7743,21.9
00786B,31.48
3118,31.4
8940,14.85
9950,10.4
4568,39.15
00702,24.75
1538,8.23
7803,19.25
2904,12.7
6708,38.0
4102,18.95
6154,13.85
4430,17.4
1530,28.5
3686,14.2
8272,63.8
1453,11.0
6721,50.5
2432,28.0
4401,14.0
6470,41.7
4440,17.6
6697,40.6
2882B,58.8
8450,14.5
3512,19.2
6730,32.05
6767,24.8
7811,74.2
1906,11.1
5604,31.55
2496,55.1
8092,12.9
2911,6.42
2910,24.05
3296,24.0
4305,43.2
6728,107.0
3492,19.3
5211,19.25
5514,15.0
6680,52.2
1599,22.95
1626,9.72
1522A,50.8
1441,8.8
3523,15.4
6955,99.9
911608,2.7
2424,7.96
4609,4.45
6952,39.15
2949,63.9
7584,27.05
8426,20.8
1435,23.35
8176,9.8
2740,30.95
6556,61.4
3085,11.5
3095,36.65
2929,5.71
8409,18.25
8349A,45.55
00651R,5.16
7767,45.0
7757,89.0
8933,4.56
3664,7.02
6198,19.45
1213,7.59
4538,17.45
6114,24.75
6169,12.3
8463,21.5
1539,15.6
2712,14.3
3432,14.1
3646,24.0
912000,2.43
6512,20.85
5520,82.3
2718,41.05
2939,20.0
8455,22.75
6865,26.5
4950,15.85
4502,15.75
5701,4.25
4173,17.15
2926,30.0
6961,49.75
8482,49.6
1323,21.25
7547,49.5
5016,24.55
1439,29.4
6662,28.5
1443,23.65
3164,15.75
2736,11.6
4198,46.4
5543,27.25
4806,8.88
2024,13.2
4190,26.0
911868,1.16
6212,32.4
1516,14.15
8201,11.55
2924,17.75
2321,13.8
6904,123.0
3332,60.6
5878,38.15
00982B,9.41
2002A,37.3
6124,27.55
1512,6.35
1541,21.45
4528,14.9
7782,26.0
7732,34.5
4175,51.3
6242,34.2
1413,9.29
8437,9.18
8443,11.15
3672,11.85
00787B,31.46
4529,3.71
4120,46.0
8941,44.4
6542,43.2
3067,16.6
4930,16.2
1781,10.0
5301,5.32
8466,15.0
1813,11.35
5364,8.36
8284,66.2
4972,16.5
6264,6.0
3531,21.4
4153,32.0
2941,31.05
2891B,62.0
00734B,15.41
1341,59.8
6846,58.5
8906,29.05
3632,7.19
4535,27.85
2067,4.97
00666R,9.07
8917,53.0
3593,10.4
00657K,25.0
8067,12.1
8101,11.95
8077,43.95
5345,21.8
8066,14.4
4413,20.0
00668K,19.56
6843,38.2
8923,18.15
1423,35.6
6807,33.35
6661,16.3
1796,30.15
6294,28.8
4402,14.25
00870B,27.2
2035,26.35
2073,25.6
8444,5.0
6482,24.5
7716,23.9
3629,21.35
6222,20.35
5205,19.75
00986B,9.55
3115,9.19
00636K,8.74
5276,17.2
3064,17.15
6616,8.39
5348,16.55
9110,2.98
911622,3.62
6144,13.3
8929,13.05
5516,12.2
9929,11.25
2724,10.7
00634R,3.13
0054,28.25
0058,43.71
0059,42.85
00625K,8.77
00638R,6.65
00643K,3.83
00649,19.12
00656R,5.85
00658L,37.0
00659R,11.21
00667,20.79
00672L,0.75
00677U,1.48
00682U,20.41
00691R,10.46
00704L,18.84
00705R,19.03
00707R,31.62
00716R,13.96
00718B,19.05
00721B,48.06
00729R,20.56
00732,40.74
00742,22.2
00743,24.2
00744B,42.35
00745B,42.04
00747B,51.85
00748B,42.52
00765B,38.72
00766L,11.92
00767,17.4
00769B,60.3
00774B,40.85
00774C,9.12
00776,20.78
00784B,39.32
00790B,53.2
00794B,39.82
00796B,41.84
00797B,41.36
00798B,42.65
008201,101.2
00831B,41.42
00832B,42.92
00833B,43.87
00835B,45.16
00837B,37.64
00838B,40.38
00839B,41.85
00843B,40.37
00854B,41.86
00855B,38.6
00866,21.84
00868B,36.17
00869B,36.69
00872B,37.13
00873B,37.28
00874B,38.04
00883B,30.98
00906,11.95
00925,16.1
020001,28.77
020002,11.12
020003,15.89
020004,33.28
020005,19.35
020006,32.05
020007,41.23
020008,13.31
020009,26.67
020010,13.56
020011,16.4
020012,23.0
020013,14.84
020014,6.3
020015,18.69
020016,28.32
020018,24.94
020019,21.59
02001B,8.75
020021,4.42
020022,7.62
020023,7.2
020024,5.94
020026,6.37
020027,10.65
02002L,7.38
02003L,4.34
1258,26.85
1262,34.9
1312A,23.0
1333,1.44
1507,64.8
1566,19.65
1589,5.54
1592,2.57
1701,21.15
1724,15.6
1787,26.15
1902,20.65
2358,4.56
2443,3.57
2448,41.4
2456,94.6
2499,4.12
2809,56.6
2823,30.55
2841,2.68
2867,9.7
2888,11.8
2888A,36.5
2888B,36.8
2928,31.85
2936,40.35
2945,40.1
2948,38.05
3036A,52.0
3089,81.0
3144,38.2
3202,3.96
3383,1.7
3426,47.8
3452,1.47
3454,99.4
3536,2.92
3562,14.8
3642,3.87
3682,7.47
3698,22.25
4130,26.7
4141,26.1
4144,26.9
4152,99.6
4154,12.5
4180,70.9
4183,14.2
4192,18.85
4429,40.8
4581,48.0
4712,2.85
4725,17.9
4803,3.6
4804,3.27
4944,11.6
4945,76.1
4947,228.5
4987,81.6
5102,24.65
5259,7.86
5264,87.1
5281,15.8
5304,3.32
5305,42.3
5349,25.4
5371,83.5
5383,41.5
5523,30.35
5703,13.85
5820,11.7
5906,38.0
6129,13.1
6131,5.18
6172,20.1
6210,17.5
6228,17.3
6236,19.05
6238,179.5
6247,15.45
6251,20.3
6287,8.89
6288,20.95
6289,1.35
6404,4.64
6452,56.6
6457,62.1
6461,16.65
6496,24.65
6497,5.66
6514,50.8
6594,31.3
6597,72.5
6624,40.65
6747,199.0
6762,168.0
6806,3.51
6856,42.0
6881,213.0
6929,22.65
6950,27.1
7713,73.9
7747,114.0
8087,27.0
8287,0.73
8406,278.5
8418,8.95
8420,40.6
8427,74.9
8480,84.6
8497,65.5
8905,34.6
8913,13.3
8921,16.6
8934,36.1
910322,25.15
910482,0.25
911616,0.48
911619,0.11
912398,5.15
9157,0.86
9188,3.47
```

