# 收盤價 MD
# T:2026-09-09 09:13

## [CLOSE]
```csv
代號,收盤價
2330,2480.0
2303,139.5
2408,529.0
2344,186.0
2327,568.0
3037,995.0
3481,50.7
3105,460.0
2409,31.45
2454,4690.0
1303,239.0
3711,636.0
6515,8150.0
3661,3910.0
4979,642.0
8046,1100.0
2382,343.0
6213,526.0
6147,199.5
3189,825.0
3081,3150.0
2308,1810.0
2345,2060.0
6510,3925.0
2492,315.0
6442,1840.0
1815,128.5
2383,5550.0
8039,296.0
2360,2360.0
2426,106.0
3231,189.0
4958,511.0
7769,7045.0
6223,5985.0
3017,3325.0
3026,772.0
6669,2395.0
3363,737.0
3167,939.0
3529,2730.0
3406,1005.0
6446,1385.0
6770,72.2
3163,759.0
2368,1120.0
6274,1385.0
3665,1935.0
2059,12580.0
8150,93.2
6187,1425.0
6239,282.5
2449,272.0
8996,1270.0
3443,5935.0
3042,180.0
2379,718.0
2049,370.0
5314,39.95
2313,232.0
6505,84.7
6173,275.0
2481,155.5
6488,955.0
3680,573.0
2317,252.0
3653,5680.0
3008,6600.0
00981A,30.16
2337,125.5
3055,150.5
5274,18965.0
2615,113.5
00919,32.57
8112,85.6
8064,124.0
2301,294.0
6672,304.0
3624,104.5
6291,502.0
4971,643.0
6805,2200.0
6290,277.5
00631L,37.8
3532,410.5
3006,296.5
3131,2685.0
2887,41.95
6182,110.0
3605,124.5
6451,441.5
8299,2090.0
3034,541.0
6683,1475.0
3491,1510.0
2883,36.3
7828,2140.0
2884,44.4
3693,669.0
3260,417.0
0050,110.0
2882,111.0
3706,81.9
1326,71.7
3324,1335.0
2455,547.0
7788,311.5
6426,298.0
6949,56.8
2881,146.5
6196,519.0
2603,230.0
6830,599.0
4977,180.0
8227,184.5
2464,194.5
6531,950.0
5347,154.0
00403A,10.41
1409,25.85
8358,530.0
7610,2035.0
6116,14.95
2324,38.85
2467,586.0
2421,161.0
2395,648.0
2891,66.8
7711,592.0
1301,66.2
3714,67.1
2609,57.8
4576,238.5
2351,233.5
6907,197.5
3441,130.5
6257,211.5
2486,250.5
5351,117.0
8210,908.0
2363,53.4
3264,229.0
8069,152.5
00685L,12.45
2484,71.1
00918,35.5
3234,202.0
2834,17.85
6207,114.0
2812,18.95
4967,280.5
5289,1375.0
2357,967.0
2885,69.6
2356,64.2
1590,1310.0
2489,40.15
2801,27.15
6179,34.25
2377,155.0
8111,71.3
3583,752.0
5340,85.2
5386,283.0
4908,236.5
8042,114.0
2890,43.25
2376,357.5
6620,127.5
6415,420.0
8131,64.4
3450,545.0
8103,115.0
00406A,9.72
00991A,17.97
2441,117.0
3374,482.0
2359,132.5
6409,914.0
2892,37.45
6269,69.2
6226,30.65
00992A,18.33
6530,100.5
3362,188.5
3715,127.5
2027,48.85
6231,231.0
7795,552.0
009828,9.76
6834,99.7
5483,181.0
5871,113.0
00405A,8.88
3211,377.0
6715,350.5
3533,1625.0
6271,227.5
7772,128.5
3033,41.75
2305,33.05
3376,202.0
0056,55.8
6588,115.5
1802,60.0
6139,747.0
8096,100.5
3149,62.2
1560,725.0
4991,513.0
1519,730.0
6789,472.5
6218,47.5
6829,252.5
4931,243.5
0052,64.0
8043,138.5
3702,103.5
1605,38.35
6217,180.5
8027,182.0
2605,36.2
6640,1210.0
009816,16.16
3229,59.0
1476,295.5
6584,595.0
00708L,79.6
3090,168.0
1597,147.0
8021,444.5
5475,190.5
00411A,9.95
7717,486.0
3044,492.5
2634,66.1
6831,578.0
6727,534.0
00712,8.62
4739,78.0
2221,89.5
5443,111.5
6285,239.5
2375,124.5
00929,29.03
4749,790.0
2009,41.0
2880,44.4
1736,131.0
6278,193.0
00878,34.14
4961,173.0
00937B,14.2
2338,41.5
00673R,10.86
5425,90.8
4938,92.1
00715L,61.15
2388,76.2
1528,20.7
3498,188.5
6919,81.6
00891,36.14
8383,68.4
3036,188.0
1721,23.95
3019,139.5
1717,72.5
2413,48.3
8028,239.5
00935,60.4
6209,78.3
3217,127.0
2465,97.0
2354,64.7
00679B,25.6
6472,410.0
6643,443.0
5439,262.5
00881,51.25
2353,31.45
1718,10.7
2451,287.0
1216,76.2
00407A,9.81
6414,378.5
3010,125.5
7734,3000.0
3016,101.5
3293,706.0
2436,66.9
8086,112.5
3141,95.6
2404,1060.0
8033,175.0
2618,42.5
5880,26.65
5269,1405.0
00663L,109.0
4919,119.5
8261,172.5
2412,138.0
3718,67.2
2069,23.3
2886,50.0
00632R,9.68
00982A,23.04
6706,125.0
5291,61.6
3645,72.7
3673,64.7
3094,41.1
2606,77.0
4760,272.0
6197,305.0
3035,177.5
8271,219.0
2478,122.5
009829,11.17
3455,232.5
00400A,15.2
00830,83.45
3587,256.0
4763,49.15
1101,24.35
6199,97.1
2428,253.0
6861,193.0
7750,2280.0
00410A,12.12
6449,226.0
7799,386.0
3380,30.5
4770,231.0
2472,216.5
00988A,16.37
00713,63.6
4551,166.0
00947,38.45
2474,205.5
4707,28.55
7751,1600.0
00998A,17.96
3221,49.15
00927,37.91
2439,75.3
8091,216.0
6788,344.5
6693,184.0
2002,19.0
6016,22.9
00404A,10.04
2855,51.6
6890,155.5
1504,70.6
6617,131.0
5484,42.05
4915,61.1
6168,29.25
1608,37.2
6176,91.1
4939,90.1
2374,68.1
5285,85.4
00637L,19.74
4542,284.5
6547,63.9
4904,102.5
1795,179.0
4912,98.0
6152,14.75
00662,119.6
2637,97.8
006208,251.7
5388,73.2
009805,15.43
6416,105.0
5209,168.0
6538,320.0
1312,14.05
3045,117.5
2233,166.0
4541,60.9
2889,16.6
6526,644.0
4123,30.75
3617,240.0
2316,158.5
4585,291.0
5434,535.0
3338,68.8
6548,72.1
4927,43.15
8016,279.0
3005,113.0
6005,32.45
6456,67.7
1785,100.5
6953,254.0
8431,62.7
6781,1065.0
00735,107.5
5876,48.25
6015,17.6
6739,1160.0
3504,83.5
00657,77.8
3030,273.0
6664,364.0
6282,43.15
3354,28.0
3357,208.0
00757,137.6
009826,10.06
3596,157.0
1314,8.19
00896,28.63
00646,76.15
4989,61.5
2385,104.5
00888,34.64
00961,13.47
4966,551.0
2912,217.0
2485,40.85
6937,291.0
00990A,15.21
4973,148.5
00955,16.56
3707,60.3
2061,47.1
5536,852.0
4569,159.0
4906,36.45
1513,165.5
6782,229.5
4764,222.0
1503,205.0
6214,184.5
3490,44.1
5904,71.5
6265,53.5
3022,86.2
00993A,13.59
00635U,45.11
6224,85.4
6166,115.0
3701,42.3
2610,20.5
00953B,9.51
9910,70.4
3305,103.0
00980A,25.16
6023,83.1
4540,58.7
1723,83.2
6679,199.0
4923,53.9
2332,19.2
4556,76.4
3049,12.7
2851,44.7
1727,91.4
2030,23.35
4771,210.0
7709,90.0
1319,78.5
7822,910.0
6944,714.0
2312,31.6
8926,57.7
2458,129.5
5328,59.4
5864,36.95
2476,119.5
9958,90.3
2542,47.55
1102,35.0
2367,41.75
6441,24.5
8040,78.6
2498,40.35
9921,94.7
9904,24.6
00923,40.81
2254,63.5
7792,320.0
1709,33.7
00984D,9.84
00892,43.44
3576,16.75
009820,9.88
4526,31.7
4590,92.0
3147,222.0
3162,71.4
00795B,25.69
3265,168.0
00985A,23.3
8054,83.3
7744,530.0
8110,43.9
6533,257.0
00938,26.45
9105,8.7
6141,50.8
6585,105.0
2369,30.5
8234,66.5
4577,92.1
5608,17.1
4956,35.0
00928,33.37
3413,284.5
1591,38.35
8454,237.0
6206,135.5
00720B,31.59
2402,54.4
1402,28.45
8932,94.3
00675L,329.9
00922,42.76
1711,39.9
1909,10.65
3135,171.5
5471,55.0
8240,51.7
1609,37.7
2399,46.05
009803,22.33
00999A,11.63
3178,63.1
3717,21.95
6691,617.0
00995A,17.66
3028,61.7
00981B,9.08
00770,68.4
2347,88.2
00409A,9.91
2323,10.7
6443,24.05
2434,63.1
3219,89.9
1904,24.25
2493,181.0
2887E,48.6
2646,20.6
6138,276.0
00940,12.83
6535,83.3
00751B,30.1
00933B,15.4
00642U,31.25
6716,118.5
3535,90.1
3317,57.8
3088,123.0
2105,30.6
00719B,30.78
6753,134.0
4766,340.0
6188,64.9
6191,82.5
6127,48.45
3312,50.7
2371,27.85
1565,97.1
1708,50.4
2302,42.95
2392,42.7
8155,344.5
0055,48.5
4722,193.5
2355,42.5
6667,252.0
8436,108.5
3236,43.7
9914,76.2
6872,24.6
3416,161.5
2836,12.3
4743,46.8
2103,25.8
3023,324.5
2645,172.5
00687B,26.93
8422,26.45
1477,196.0
6438,156.0
4147,64.7
00952,18.16
2393,62.7
4303,35.2
6133,23.25
9945,27.9
4772,250.0
5243,92.9
2597,171.5
3689,110.5
00939,23.69
6658,176.5
8183,28.8
1713,42.85
8070,50.3
2466,100.5
1563,78.4
00996A,14.18
00987A,16.83
6491,373.0
1773,163.5
6155,56.7
3059,37.95
2548,94.7
1714,16.4
00909,48.94
7805,508.0
2006,81.4
3029,111.5
5498,53.7
009802,20.42
6933,311.0
009819,9.87
4916,95.6
00994A,17.14
2850,156.5
00402A,9.54
00640L,106.1
2419,27.1
3563,699.0
00401A,14.47
2731,142.5
6435,249.0
6153,17.65
3339,43.75
6120,12.7
1215,110.5
6174,44.0
6657,33.6
2352,28.85
00893,43.29
00725B,33.65
5321,81.0
3066,24.2
6190,67.2
2342,39.5
3675,276.5
4114,29.8
8081,250.0
1536,47.9
00981D,10.22
2340,32.75
3388,85.3
4137,75.8
1514,101.5
00910,57.9
00951,17.68
3228,175.5
5201,27.65
6913,132.0
4736,125.5
2104,10.3
00738U,52.25
3545,50.7
3060,26.95
1722,44.6
5464,76.5
6202,57.1
8084,45.35
6579,148.5
8182,39.65
2201,30.3
8374,80.0
3013,84.7
3479,124.5
2491,41.1
6525,132.0
00694B,41.4
2329,42.65
5263,103.0
6668,40.75
3708,99.4
00633L,48.05
5474,154.5
6532,98.4
3227,186.5
00701,40.37
1598,21.3
1313,11.95
2915,57.0
00865B,48.34
9933,39.1
8105,15.25
6719,185.5
00984A,15.65
009827,10.24
4976,37.15
6143,83.4
5468,26.7
3048,52.1
3021,25.65
6279,112.5
00772B,32.12
4768,299.0
5009,32.6
6550,10.0
1809,38.3
6175,70.3
6234,35.35
9938,40.1
2207,529.0
3003,58.7
6967,67.7
00913,50.05
9917,106.5
6121,377.5
2520,36.7
1810,24.05
3581,108.0
3093,44.0
2328,46.45
5292,215.0
4960,20.9
2630,49.0
1522,26.85
00948B,9.08
3289,139.5
8464,367.5
2905,18.0
5284,310.0
6803,268.5
8114,181.0
6292,65.7
6969,35.5
5211,20.8
3014,130.5
4746,45.5
2820,16.95
5902,33.75
4721,71.0
00945B,14.33
00670L,200.0
6757,55.0
6108,22.4
4163,130.5
00706L,20.22
2617,32.3
3543,43.5
2401,25.1
4129,81.9
2101,30.6
6613,259.0
6405,40.2
6870,297.0
00652,32.3
00692,94.25
3591,23.3
2838,21.1
00887,15.8
6962,31.3
4903,36.25
00877,37.8
2406,27.0
1309,13.85
3526,280.0
2633,26.05
1786,45.0
2483,32.1
00943,20.92
2495,36.7
8071,22.4
1210,52.7
6862,136.0
6465,43.6
8255,140.0
8390,97.5
6412,74.6
5230,19.05
2845,13.55
5309,51.0
6024,60.6
8089,17.85
9941,80.3
7855,42.1
00934,30.25
3704,39.2
4953,118.0
00917,23.77
6125,50.1
3685,36.8
1712,40.9
1434,17.95
3709,62.0
009823,10.35
5392,41.85
6272,29.0
1710,15.85
6215,96.7
00915,32.85
6651,141.5
4188,14.05
2723,81.2
6603,24.8
6244,22.8
00680L,6.4
009812,13.09
3691,98.4
5469,71.7
7703,204.0
6894,331.0
2897,10.8
3209,45.4
009821,14.99
1808,34.95
1304,12.55
4532,23.7
6957,216.5
6494,51.8
3152,230.5
2530,19.65
00997A,11.06
2442,15.8
00859B,40.75
2414,52.8
5302,9.9
3213,123.5
6854,91.1
3515,223.0
1595,64.5
1582,72.0
2417,38.2
1440,13.55
4933,51.8
3004,121.5
1569,48.15
7810,217.5
8289,44.2
7714,158.0
00900,19.55
00924,32.85
6425,63.5
2641,17.9
2420,54.6
00968B,8.89
4510,44.7
00786B,31.39
5432,160.0
1612,34.95
1308,14.3
6840,92.9
4105,76.7
6261,79.3
6670,277.5
4560,29.15
4716,17.0
3622,48.8
00963,13.13
8931,40.65
2208,18.8
6901,15.05
3615,36.3
6284,77.7
6208,77.6
2206,63.4
00753L,9.15
009824,10.09
6418,34.5
3546,73.3
4167,19.15
00894,48.7
7777,37.8
00731,97.2
6517,65.7
4588,50.8
3176,35.55
5203,56.1
6432,57.0
4571,153.0
00697B,34.84
3548,82.6
1316,10.8
5222,103.5
1905,13.2
6104,93.0
6761,176.5
00664R,1.57
4566,63.2
006201,46.1
3537,53.7
3032,78.2
5299,92.8
2504,31.35
1524,26.4
00971,17.27
3356,59.3
2540,48.35
1229,41.65
00665L,9.2
00897,12.95
6180,41.1
5426,28.25
8936,50.2
009800,12.95
6146,180.0
00903,21.05
9939,127.5
8473,39.55
5234,296.0
7749,354.0
8147,136.0
00722B,33.94
3550,22.55
6546,60.5
5607,54.8
6922,194.0
1310,8.63
2612,63.9
2636,68.8
2501,22.3
4951,80.7
1515,30.2
5258,44.5
5225,54.0
00983D,9.81
00962,15.28
5410,35.1
4174,26.3
00763U,35.39
3555,201.0
2753,178.5
1580,99.9
6796,57.0
2887I,9.53
2539,35.35
6509,45.4
3078,45.05
2527,43.65
6811,223.5
2832,57.9
6654,222.5
2033,25.5
6712,155.5
2331,18.95
4949,76.6
3047,13.65
6177,47.7
7402,101.5
7765,217.5
3577,108.5
00650L,16.86
00980D,19.96
2365,28.5
5508,53.8
4119,53.5
0053,247.6
4754,38.0
6461,26.8
2816,38.7
8215,25.7
2062,19.4
3551,181.0
6263,159.0
2349,10.8
3663,61.4
3444,83.0
3588,52.2
4441,174.5
1558,106.0
2727,229.5
8074,52.8
6150,59.0
9802,71.4
4162,56.5
3114,29.95
3169,103.0
3041,22.6
6266,25.1
8102,63.1
1616,18.4
2903,22.35
6101,36.6
2515,11.95
00863B,30.56
2460,28.55
1342,101.0
1325,26.2
1231,80.2
6592,60.2
6184,39.45
00969B,7.96
4534,29.2
8088,43.1
6186,30.3
6763,41.25
4306,15.15
4552,16.3
2034,20.65
8415,36.85
00965,25.13
7842,100.5
8446,85.8
00989B,10.0
5213,21.0
8341,74.7
3564,47.75
6165,47.75
1907,29.05
2362,47.55
3594,47.35
3025,50.9
3038,19.8
4564,15.65
6486,81.5
00864B,45.61
4536,162.0
00964,14.95
3592,220.5
6477,34.4
6462,100.0
6869,64.1
1707,90.7
9902,13.55
2023,14.0
00954,18.91
2748,39.85
1533,30.6
6112,44.35
4128,14.9
2072,132.0
3290,45.85
8171,19.75
3694,49.5
4909,35.6
2014,16.9
5228,41.15
6411,79.0
2010,22.3
4952,48.35
6163,40.45
2211,83.4
8163,30.1
6026,15.25
8121,27.0
4166,24.5
7811,73.5
2457,22.65
00911,52.8
00733,67.5
8099,59.0
9951,49.55
00852L,34.58
00983A,12.45
3652,32.9
7712,152.0
6227,113.0
6205,64.5
7827,150.5
2425,37.3
6189,46.85
5522,63.1
2258,31.5
00936,21.49
2468,32.5
4416,12.0
1419,67.1
00985B,10.06
2613,22.75
3483,78.3
3402,123.0
3430,107.0
2204,53.3
3485,211.5
4714,10.7
6885,25.4
3630,26.85
7780,16.55
00773B,34.39
1455,9.8
3540,22.85
009804,23.42
7794,32.75
00885,18.57
3716,33.9
6469,67.7
6863,101.0
4755,115.0
2405,14.9
3056,13.85
2607,53.2
3031,24.15
2913,11.0
5460,17.2
00898,10.76
1232,157.0
2601,6.8
6498,70.8
00930,24.24
6113,22.8
3294,29.65
8076,21.85
2849,15.9
00904,42.2
4169,150.0
6126,28.75
3437,18.35
3558,121.5
2387,36.25
4503,23.35
2348,71.4
2535,89.0
2015,64.4
6204,88.5
4533,25.15
1305,12.3
6983,350.0
6994,34.95
6642,77.0
6971,24.6
5521,10.65
6605,135.5
9925,39.55
6573,16.0
6742,44.6
5315,18.4
8462,165.5
00850,93.8
4580,82.0
8213,32.65
00905,26.93
2852,28.1
6499,71.6
2611,14.0
00764B,26.83
4907,45.7
3703,19.8
1789,19.1
6902,126.0
2231,89.8
3130,209.5
00942B,13.64
8942,41.75
2032,16.9
4968,89.3
2480,155.5
5490,25.85
2477,22.1
2614,18.15
00921,24.66
00907,17.61
1720,56.0
00876,87.85
00986D,14.21
009815,11.52
6156,20.3
6243,38.05
2236,121.5
3580,86.2
2537,11.35
6203,60.0
5907,4.87
2444,11.45
2511,8.49
2743,53.7
6201,45.2
9955,23.45
1307,30.5
2025,12.45
6192,114.0
5515,51.6
00847B,24.32
00895,50.7
00408A,10.5
1734,30.9
2070,61.4
6122,50.2
6259,29.0
6947,68.5
6275,45.65
6568,135.5
3046,53.8
2031,44.8
00655L,33.37
2707,177.5
2547,10.0
5534,75.7
6589,47.8
9919,14.1
6909,40.1
2546,104.0
7740,129.0
7556,257.0
6996,170.5
2543,39.1
1586,18.1
3438,63.0
3230,41.95
6117,62.6
00899,23.74
8050,55.3
6612,71.0
009814,11.28
4747,24.7
7689,164.5
3062,20.5
4994,82.0
2762,81.4
9940,20.2
1227,28.45
2429,30.15
4527,40.2
2462,19.2
4563,43.55
6873,68.1
6695,47.65
00643,18.13
3207,39.25
3609,19.6
6021,42.75
3518,29.2
2108,29.1
00762,115.15
9907,15.25
8048,50.8
00949,21.68
3024,13.7
00981T,11.87
00960,21.45
6419,149.5
3713,15.4
00946,15.28
2887G,44.15
3002,17.65
2106,16.9
6115,43.9
1104,27.4
1618,39.65
9930,62.3
00737,39.63
8249,39.55
4726,24.0
7631,142.5
6689,61.0
6841,53.3
009817,9.07
5202,11.8
8047,42.1
2908,22.15
2883B,8.22
3015,52.3
5511,69.6
2427,21.95
2536,18.8
2390,10.05
6906,82.2
3011,9.9
2461,18.35
5706,44.6
8032,35.9
3705,56.2
5609,78.5
1449,12.15
8109,128.5
00734B,15.24
00693U,23.8
4924,13.1
2732,63.1
1604,23.65
5488,11.8
4417,46.9
2751,53.5
2516,14.35
3313,10.65
9960,31.0
4561,41.2
4178,16.85
2608,28.4
00875,52.55
1737,30.6
5288,183.5
1447,6.67
1436,36.65
00926,26.17
6684,45.45
6792,59.6
1587,23.8
00858,35.61
5487,29.2
2107,26.85
2596,34.9
9908,29.0
3623,24.75
1459,15.6
1268,171.5
3071,24.45
1537,114.0
3530,57.0
00950B,13.46
7738,168.0
00988B,19.37
00761B,32.7
2020,21.8
6728,109.0
9911,81.7
00676R,5.35
5512,7.76
1702,32.55
6230,107.5
3287,35.7
1438,21.4
00752,22.68
5452,26.45
8083,158.0
2453,52.2
3306,44.7
3467,52.0
6903,311.0
6735,62.1
4160,38.55
5206,23.3
1103,13.15
3051,21.5
00882,14.91
4157,9.02
4549,99.1
6756,98.6
2505,17.35
2423,73.6
5519,26.7
2115,24.35
6270,28.9
4934,13.7
5905,7.6
8478,140.5
2528,20.05
3218,137.0
4807,27.3
3484,45.25
5283,54.3
1535,45.2
3310,67.1
1529,15.7
8024,13.3
1108,11.55
3360,14.65
7839,43.7
2497,43.65
6171,26.1
00861,86.45
4555,43.05
6134,28.5
6768,63.7
8222,36.35
00696B,27.88
5353,27.85
00920,24.89
3323,27.65
6148,27.55
2471,49.5
4142,17.6
6225,61.5
3511,18.9
6130,24.5
4506,121.5
2488,48.5
3321,17.3
5244,34.6
6245,79.9
6577,79.9
1217,9.94
6844,59.6
009811,13.19
8011,15.7
009801,11.21
8442,47.0
6235,38.6
7786,115.5
2250,57.7
9103,5.11
3054,57.4
8927,19.1
00941,25.45
8085,15.05
4102,18.8
6923,75.2
3556,56.3
3311,31.75
4720,18.45
3710,4.98
6111,36.05
6629,108.0
00970B,8.99
5381,23.9
4974,71.2
00688L,6.4
00728,70.0
4706,34.65
4205,69.1
2545,34.5
2881C,51.5
2438,20.35
00730,28.6
4999,18.1
5220,19.7
2415,28.0
8049,24.45
2364,65.2
6945,97.0
2007,6.88
3512,19.15
6790,37.9
6698,31.5
1611,11.65
5903,185.0
6183,92.5
5306,92.0
3611,182.5
1532,22.7
7818,60.5
6485,60.3
1444,6.94
8072,25.7
009813,11.24
2114,89.5
1218,14.5
6164,11.6
3466,24.7
7730,172.5
9944,17.2
4111,28.5
2440,14.2
5007,56.5
1526,15.4
8416,168.5
00990B,9.9
00674R,28.0
7723,18.5
6771,41.5
9937,55.1
3669,32.85
3226,54.4
4414,8.16
6142,8.54
1752,31.55
6799,78.3
4126,77.9
6277,77.8
6733,25.8
6934,76.8
5272,17.0
00972,21.76
00669R,5.22
1783,37.8
9934,10.75
8104,30.05
00985D,9.74
8034,20.8
4109,11.05
1465,11.95
1220,11.0
00799B,28.26
2431,10.0
3447,28.0
00686R,0.96
6492,34.25
8438,68.3
2704,45.5
9935,19.5
1454,12.35
00916,26.7
4502,16.65
00653L,44.25
3522,12.0
6982,44.0
4164,25.85
6875,32.0
00845B,31.97
3552,42.5
6591,42.5
2756,62.9
6470,41.75
7721,62.2
3687,62.0
2906,13.7
5344,13.65
3188,24.3
4741,40.5
6821,40.35
6229,24.2
6823,60.4
5278,23.85
1471,9.78
6516,57.7
3372,14.35
7791,57.0
9942,113.5
3272,14.15
2739,37.5
6581,111.5
2887Z1,22.2
3322,11.05
8937,27.55
2067,4.56
3390,21.75
8404,15.5
5457,26.7
3206,35.0
6417,105.0
6929,21.0
3043,20.7
7770,34.5
5356,25.85
3303,51.4
8421,12.8
9943,51.2
4995,50.1
2073,25.0
2755,100.0
5871A,100.0
1234,33.25
8440,19.85
00959B,9.0
1540,19.6
1321,32.35
1517,10.75
1903,47.75
4439,95.5
020000,31.71
6596,94.8
1340,5.26
2616,13.4
2243,46.05
1614,30.65
6534,91.7
2887F,45.8
00749B,30.46
8935,18.1
1799,30.05
6666,44.8
1617,17.7
2745,87.9
1615,43.85
4905,87.6
1339,43.25
3508,21.2
2534,16.85
2237,28.05
6423,83.8
3528,82.1
4535,27.3
00690,80.6
6674,16.1
5481,20.1
5547,20.0
5906,39.9
6216,19.9
1452,11.3
6609,39.3
6606,26.1
1732,26.0
6464,77.8
6918,77.8
1466,15.55
1726,77.2
6843,38.5
9912,12.8
6625,75.2
1777,74.8
2109,14.9
1201,12.15
2706,12.15
1806,8.03
3625,11.9
6552,23.75
1423,35.55
4104,70.8
6103,35.3
1762,34.9
6151,34.75
5603,13.8
00746B,34.06
3057,16.95
3419,11.25
911868,1.16
1446,13.45
8443,11.2
8059,13.4
4304,16.5
00902,12.89
1259,64.0
00726B,31.85
2904,12.7
6541,31.75
1110,15.85
6835,31.35
2740,31.25
2881A,61.6
8162,61.4
3284,20.4
8291,30.0
1442,29.95
6741,59.7
4554,29.8
6294,29.8
4207,19.75
5227,29.5
4737,58.8
2882B,58.7
1219,11.65
6160,14.5
4543,28.9
7803,19.2
4108,11.3
2450,28.2
1760,56.0
3684,55.9
2496,55.7
5011,18.55
3346,18.5
1742,17.75
1584,17.7
2923,26.55
1414,17.6
4442,52.2
6167,10.25
5529,25.0
5530,49.65
3666,24.8
1417,8.26
1583,49.35
6865,24.45
6140,16.3
4106,24.3
2063,24.0
2227,47.7
00987B,15.78
3092,23.65
3205,47.0
8277,7.78
2514,11.6
5704,23.2
5212,46.2
4120,45.8
8401,22.8
6240,22.75
2022,7.46
3489,22.35
4528,14.9
1441,8.67
00944,21.49
3686,14.15
009810,21.2
4155,14.1
9906,41.8
5489,41.7
6276,20.7
6931,40.65
6624,40.45
1735,20.2
006205,40.17
2916,40.15
2945,39.75
6887,38.85
2348A,38.65
6185,12.75
3631,38.2
006206,37.49
2002A,37.25
5538,37.05
00740B,36.97
2948,36.9
00741B,36.88
6988,11.95
2897B,11.75
00846B,34.62
6615,34.05
6237,33.95
4935,33.4
1336,16.5
2941,31.9
4113,15.9
4545,31.8
5604,31.75
3118,31.45
2028,15.65
1733,31.25
8038,30.6
6560,30.5
6884,30.5
00771,15.15
1796,30.2
00756B,30.05
7814,29.95
8940,14.95
8930,29.75
6662,29.65
8466,14.8
00782B,29.1
6743,29.0
7715,29.0
6195,27.8
2432,27.75
3297,27.4
00956,13.52
1109,13.45
3516,26.85
4530,26.85
8933,4.45
1236,26.1
00931B,12.94
6220,25.5
6508,25.5
3567,25.3
6136,24.75
6558,23.85
00980T,11.8
2424,7.75
5355,5.76
6692,23.0
7835,22.9
3050,11.35
7743,22.6
3259,11.1
5525,22.2
3288,22.1
1323,21.35
6221,21.1
2701,10.4
3712,20.6
4133,20.3
1464,10.05
1781,10.0
6283,19.95
2239,19.9
5205,19.9
6128,19.45
8476,19.45
4729,18.6
6578,18.2
4538,17.85
6804,17.85
9928,17.8
2430,17.75
2538,8.87
1451,17.25
1467,8.21
8921,16.4
00639,16.1
3058,8.03
6241,15.85
1539,15.65
4432,15.6
3664,7.72
3523,15.4
4426,7.55
1432,15.05
00983B,15.0
00717,14.6
00671R,2.43
4402,14.45
1338,14.4
1456,14.35
4401,14.1
3499,13.6
1337,4.51
1468,13.35
1460,6.59
8092,13.05
911608,2.61
5324,12.2
6219,12.15
1416,11.45
2314,10.8
9962,10.05
00987D,9.96
4806,9.14
2017,9.01
00967B,8.85
2726,8.24
5531,7.24
3632,7.19
2911,6.41
1512,6.35
5301,5.32
4609,4.39
5701,4.24
00648R,3.92
4529,3.71
00641R,3.7
911622,3.64
0051,146.05
0054,28.25
0057,327.85
0058,43.71
0059,42.85
0061,24.08
006203,200.45
006204,236.25
006207,32.01
00625K,8.77
00634R,3.13
00636,27.38
00636K,8.74
00638R,6.65
00643K,3.83
00645,57.85
00647L,138.4
00649,19.12
00651R,5.16
00654R,6.83
00656R,5.85
00657K,25.0
00658L,37.0
00659R,11.21
00660,46.75
00661,85.75
00666R,9.07
00667,20.79
00668,61.15
00668K,19.56
00672L,0.75
00677U,1.48
00678,42.87
00681R,21.64
00682U,20.41
00683L,21.17
00684R,15.27
00687C,9.12
00689R,22.6
00691R,10.46
00695B,34.31
00700,17.1
00702,24.75
00703,19.26
00704L,18.84
00705R,19.03
00707R,31.62
00709,40.45
00710B,19.04
00711B,15.47
00714,21.48
00716R,13.96
00718B,19.05
00721B,48.06
00723B,29.09
00724B,32.42
00727B,38.96
00729R,20.56
00732,40.74
00736,31.98
00739,27.43
00742,22.2
00743,24.2
00744B,42.35
00745B,42.04
00747B,51.85
00748B,42.52
00750B,31.45
00754B,31.12
00755B,31.29
00758B,49.82
00759B,52.2
00760B,51.9
00765B,38.72
00766L,11.92
00767,17.4
00768B,47.66
00769B,60.3
00774B,40.85
00774C,9.12
00775B,30.69
00776,20.78
00777B,30.97
00778B,32.92
00779B,27.16
00780B,35.97
00781B,26.93
00783,27.7
00784B,39.32
00785B,33.5
00787B,31.46
00788B,28.82
00789B,45.73
00790B,53.2
00791B,56.25
00792B,30.54
00793B,29.61
00794B,39.82
00796B,41.84
00797B,41.36
00798B,42.65
008201,101.2
00831B,41.42
00832B,42.92
00833B,43.87
00834B,32.85
00835B,45.16
00836B,27.61
00837B,37.64
00838B,40.38
00839B,41.85
00840B,28.48
00841B,27.13
00842B,29.1
00843B,40.37
00844B,30.17
00848B,33.2
00849B,37.0
00851,70.65
00853B,26.5
00854B,41.86
00855B,38.6
00856B,37.04
00857B,22.36
00860B,37.6
00862B,30.46
00866,21.84
00867B,29.14
00868B,36.17
00869B,36.69
00870B,27.2
00872B,37.13
00873B,37.28
00874B,38.04
00883B,30.98
00884B,28.47
00886,47.19
00890B,30.93
00901,47.02
00906,11.95
00908,15.24
00912,35.84
00925,16.1
00932,17.32
00957B,12.86
00958B,8.93
00966B,13.32
009806,13.53
009807,16.9
009808,31.61
009809,18.26
00980B,9.1
009818,20.05
009822,9.98
009825,10.21
00982B,9.41
00982D,9.61
00982T,16.18
00984B,15.59
00986A,14.46
00986B,9.55
00989A,17.01
00991B,14.66
020001,28.77
020002,11.12
020003,15.89
020004,33.28
020005,19.35
020006,32.05
020007,41.23
020008,13.31
020009,26.67
020010,13.56
020011,16.4
020012,23.0
020013,14.84
020014,6.3
020015,18.69
020016,28.32
020018,24.94
020019,21.59
02001B,8.75
020020,29.42
020021,4.42
020022,7.62
020023,7.2
020024,5.94
020025,40.38
020026,6.37
020027,10.65
02002L,7.38
02003L,4.34
1101B,43.2
1203,45.85
1213,6.84
1225,25.0
1233,28.1
1235,38.95
1240,55.3
1256,157.0
1258,26.85
1262,34.9
1264,250.5
1294,53.5
1295,45.6
1312A,23.0
1315,66.1
1324,10.0
1333,1.44
1341,59.8
1410,24.55
1413,9.96
1418,17.8
1435,23.35
1437,31.95
1439,29.4
1443,23.65
1445,10.55
1453,11.0
1457,14.5
1463,17.25
1470,23.9
1472,90.0
1473,20.1
1474,9.97
1475,26.0
1506,10.0
1507,64.8
1516,14.15
1521,25.3
1522A,50.8
1525,68.0
1527,32.8
1530,28.5
1531,12.2
1538,8.23
1541,21.45
1566,19.65
1568,28.95
1570,32.6
1589,5.54
1592,2.57
1593,34.1
1599,22.95
1603,30.0
1623,204.0
1626,9.65
1701,21.15
1724,15.6
1725,32.3
1730,51.3
1731,21.0
1776,17.25
1780,24.8
1784,59.4
1787,26.15
1788,128.0
1805,10.05
1813,11.35
1817,40.0
1902,20.65
1906,11.1
2008,30.75
2012,14.45
2013,41.7
2024,13.2
2029,21.3
2035,26.35
2038,12.4
2064,12.25
2065,36.3
2066,55.4
2102,17.8
2228,75.5
2230,19.95
2235,26.85
2241,34.2
2247,234.5
2248,60.3
2321,13.8
2358,4.56
2373,53.4
2380,17.55
2397,59.8
2433,41.5
2443,3.57
2448,41.4
2456,94.6
2459,66.1
2482,15.85
2499,4.12
2506,8.58
2509,14.95
2524,35.7
2640,156.0
2642,20.2
2643,63.0
2702,12.7
2705,15.6
2712,14.3
2718,40.6
2719,19.3
2722,21.55
2724,10.7
2729,155.5
2734,14.9
2736,11.6
2752,181.0
2754,68.0
2809,56.6
2823,30.55
2836A,24.1
2838A,52.0
2841,2.68
2867,9.7
2881B,60.9
2882A,60.4
2887H,42.25
2888,11.8
2888A,36.5
2888B,36.8
2891B,62.0
2891C,61.4
2901,23.75
2910,24.05
2924,17.75
2926,30.0
2928,31.85
2929,5.71
2936,40.35
2937,43.55
2939,19.25
2947,61.0
2949,63.9
3018,11.2
3027,17.65
3036A,52.0
3040,35.8
3052,10.55
3064,17.15
3067,16.6
3073,22.15
3083,22.7
3085,11.5
3086,29.1
3089,81.0
3095,38.2
3115,9.25
3122,24.6
3128,19.6
3138,94.0
3144,38.2
3150,16.1
3158,83.6
3164,15.75
3168,43.5
3171,62.0
3191,19.1
3202,3.96
3224,35.4
3232,19.7
3252,15.35
3257,49.2
3266,14.0
3268,18.3
3276,14.05
3285,43.0
3296,24.0
3308,22.2
3325,11.5
3332,60.6
3349,22.25
3373,16.0
3379,28.1
3383,1.7
3426,47.8
3432,14.1
3434,29.25
3452,1.47
3454,99.4
3465,29.25
3492,19.3
3494,7.24
3501,39.55
3520,18.0
3521,12.0
3527,50.7
3531,21.4
3536,2.92
3541,21.85
3557,24.9
3562,14.8
3570,162.5
3593,10.4
3597,26.5
3607,13.55
3628,68.2
3629,19.5
3642,3.87
3646,24.0
3672,11.85
3679,108.0
3682,7.47
3698,22.25
4107,113.0
4116,40.0
4121,12.8
4127,62.5
4130,26.7
4131,30.5
4138,52.8
4139,41.0
4141,26.1
4144,26.9
4148,31.1
4152,99.6
4153,32.0
4154,12.5
4161,22.65
4168,21.85
4171,16.95
4173,17.15
4175,51.3
4180,70.9
4183,14.2
4190,26.0
4192,20.6
4195,13.8
4198,46.4
4305,43.2
4406,9.95
4413,20.0
4419,45.95
4420,38.85
4429,40.8
4430,19.1
4433,18.7
4438,57.6
4440,17.6
4513,15.55
4523,25.3
4550,24.0
4557,49.65
4558,17.2
4562,30.85
4568,39.15
4572,141.5
4581,48.0
4582,22.0
4583,463.0
4584,38.5
4702,9.31
4711,16.7
4712,2.85
4725,17.9
4728,392.5
4735,36.65
4744,26.9
4745,11.65
4767,29.0
4803,3.6
4804,3.27
4911,29.25
4930,16.2
4942,33.95
4943,7.33
4944,11.6
4945,76.1
4946,94.0
4947,228.5
4950,15.85
4972,16.5
4987,81.6
5013,28.0
5014,10.1
5015,21.9
5016,24.55
5102,24.65
5210,25.65
5215,38.95
5223,23.25
5236,134.5
5245,22.8
5251,25.5
5259,7.86
5264,87.1
5276,17.2
5281,15.8
5287,145.0
5304,3.32
5305,42.3
5310,23.8
5312,91.7
5345,21.8
5348,16.55
5349,25.4
5364,8.91
5371,83.5
5383,41.5
5398,15.0
5403,92.6
5438,16.75
5450,14.85
5455,29.75
5465,24.55
5478,97.4
5493,90.0
5514,15.0
5516,11.85
5520,82.3
5523,30.35
5533,13.9
5543,27.25
5546,14.6
5548,20.35
5601,31.0
5703,13.85
5820,11.7
5878,38.15
6020,20.7
6028,95.3
6109,10.75
6114,27.2
6118,15.2
6123,43.5
6124,27.55
6129,13.1
6131,5.18
6144,13.7
6154,13.85
6158,17.0
6161,53.1
6169,12.3
6170,47.95
6172,20.1
6194,29.8
6198,19.45
6210,17.5
6212,32.4
6222,20.35
6228,17.65
6233,20.3
6236,19.05
6238,179.5
6242,34.2
6246,13.2
6247,15.45
6248,16.9
6251,20.3
6264,6.0
6281,51.4
6287,8.89
6288,20.95
6289,1.35
6404,4.64
6431,19.25
6452,56.6
6457,62.1
6474,36.95
6482,24.5
6496,24.65
6497,5.66
6504,37.35
6506,18.25
6512,20.85
6514,50.8
6523,89.4
6527,75.0
6542,38.9
6556,61.4
6561,320.0
6569,90.7
6570,51.6
6574,120.0
6576,82.1
6582,31.95
6590,58.9
6592A,95.9
6592B,95.0
6593,34.0
6594,31.3
6597,72.5
6598,28.4
6614,36.5
6616,8.39
6637,54.1
6641,17.1
6645,13.4
6649,35.0
6655,122.5
6661,16.0
6671,23.1
6680,52.2
6690,162.0
6697,40.6
6703,102.0
6708,38.0
6720,128.0
6721,50.5
6722,32.55
6725,223.0
6730,32.05
6732,149.0
6747,199.0
6751,44.9
6752,95.2
6754,42.75
6762,153.0
6767,24.8
6776,52.4
6785,94.3
6791,96.0
6794,67.5
6806,3.51
6807,33.35
6838,26.3
6846,58.5
6855,119.0
6856,42.0
6859,111.5
6874,68.4
6877,117.5
6881,234.0
6895,151.5
6899,49.95
6904,135.0
6908,30.4
6910,24.9
6914,120.5
6916,18.2
6921,62.9
6924,125.5
6925,51.0
6928,48.0
6936,32.8
6950,27.1
6951,71.0
6952,43.05
6955,99.9
6958,17.4
6958A,20.45
6961,49.75
6965,74.9
6968,41.7
6986,45.4
6997,68.0
7547,49.5
7584,27.05
7642,75.7
7704,60.7
7705,30.25
7708,92.3
7713,79.2
7716,23.9
7718,46.6
7722,272.5
7728,650.0
7732,34.5
7736,69.4
7747,114.0
7753,36.5
7757,89.0
7760,33.0
7767,45.0
7768,261.0
7782,26.0
7819,34.5
7820,112.0
7821,40.0
7823,80.7
8044,23.55
8045,48.9
8066,14.4
8067,12.8
8068,17.15
8077,43.95
8080,28.6
8087,29.3
8093,26.4
8097,43.7
8101,11.95
8107,12.5
8112A,45.2
8176,9.8
8201,11.55
8272,63.8
8279,78.2
8284,66.2
8287,0.73
8342,86.0
8349,38.85
8349A,45.55
8354,17.85
8367,40.7
8403,18.95
8406,278.5
8409,18.25
8410,29.25
8411,12.8
8418,8.95
8420,40.6
8423,18.15
8424,68.5
8426,20.8
8427,74.9
8429,5.96
8432,50.0
8433,54.3
8435,53.4
8437,9.18
8444,5.0
8450,14.6
8455,22.2
8463,21.5
8467,90.4
8472,74.2
8477,15.4
8480,84.6
8481,41.4
8482,50.0
8487,71.3
8488,10.65
8489,22.0
8497,65.5
8499,264.5
8905,34.6
8906,29.05
8908,40.4
8913,13.3
8916,41.0
8917,53.0
8923,18.15
8924,50.3
8928,23.8
8929,14.35
8934,36.1
8938,52.0
8941,44.4
910322,25.15
910482,0.25
910861,3.64
9110,2.98
911616,0.48
911619,0.11
912000,2.43
912398,5.15
9136,10.45
9157,0.86
9188,3.47
9905,21.5
9918,43.2
9924,38.45
9926,49.5
9927,69.5
9929,11.25
9931,34.1
9941A,48.75
9946,17.25
9949,23.95
9950,10.4
```

